0 0.910937 0.746875 0.178125 0.156250
0 0.151562 0.469792 0.153125 0.227083
0 0.210938 0.164583 0.075000 0.091667
0 0.291406 0.894792 0.064062 0.077083
0 0.963281 0.939583 0.073438 0.100000
0 0.342187 0.985417 0.078125 0.029167
0 0.761719 0.718750 0.045312 0.050000
0 0.293750 0.808333 0.062500 0.083333
0 0.898438 0.920833 0.040625 0.041667
0 0.097656 0.863542 0.032813 0.035417
0 0.165625 0.819792 0.028125 0.047917
0 0.378906 0.819792 0.029687 0.035417
0 0.242969 0.917708 0.029687 0.039583
0 0.092188 0.444792 0.034375 0.031250
0 0.165625 0.013542 0.031250 0.027083
0 0.585156 0.979167 0.017188 0.041667
0 0.032813 0.650000 0.025000 0.025000
0 0.360938 0.897917 0.028125 0.029167
0 0.235156 0.819792 0.026562 0.018750
0 0.210938 0.538542 0.015625 0.031250
0 0.807031 0.795833 0.017188 0.025000
