0 0.654687 0.214062 0.140625 0.103125
0 0.844141 0.418229 0.074219 0.178125
0 0.360156 0.674479 0.064062 0.138542
0 0.438672 0.736979 0.078906 0.128125
0 0.931641 0.828646 0.071094 0.132292
0 0.474219 0.338021 0.073438 0.109375
0 0.419531 0.326042 0.076563 0.054167
0 0.737109 0.651042 0.028906 0.070833
0 0.434375 0.139583 0.046875 0.052083
0 0.581250 0.187500 0.043750 0.047917
0 0.458594 0.100521 0.040625 0.036458
0 0.856250 0.689583 0.018750 0.027083
0 0.317969 0.300521 0.023438 0.023958
0 0.820703 0.831771 0.019531 0.021875
0 0.964844 0.611979 0.020313 0.021875
0 0.903125 0.945312 0.015625 0.021875
0 0.921875 0.686979 0.014063 0.023958
0 0.743359 0.121875 0.017969 0.018750
0 0.951172 0.665625 0.016406 0.020833
