0 0.630469 0.407813 0.165625 0.167708
0 0.830469 0.396875 0.101562 0.277083
0 0.603125 0.802604 0.100000 0.215625
0 0.358594 0.355729 0.100000 0.159375
0 0.722656 0.783333 0.064062 0.114583
0 0.456250 0.673958 0.071875 0.095833
0 0.719922 0.564063 0.060156 0.113542
0 0.842969 0.137500 0.039062 0.085417
0 0.625781 0.289062 0.075000 0.073958
0 0.720313 0.197396 0.051562 0.048958
0 0.366797 0.503646 0.044531 0.055208
0 0.454297 0.269792 0.035156 0.043750
0 0.627734 0.170833 0.033594 0.047917
0 0.563672 0.642188 0.035156 0.057292
0 0.617578 0.768750 0.024219 0.064583
0 0.335938 0.548438 0.028125 0.038542
0 0.259766 0.562500 0.025781 0.031250
0 0.810547 0.825521 0.017969 0.019792
