0 0.033594 0.637500 0.067187 0.141667
0 0.284375 0.128125 0.078125 0.127083
0 0.755469 0.838542 0.035937 0.068750
0 0.082031 0.219792 0.045312 0.056250
0 0.361719 0.920833 0.057813 0.033333
0 0.355469 0.492708 0.032813 0.047917
0 0.053125 0.345833 0.031250 0.062500
0 0.631250 0.244792 0.028125 0.043750
0 0.732812 0.979167 0.034375 0.041667
0 0.214062 0.610417 0.025000 0.020833
0 0.313281 0.346875 0.017188 0.022917
0 0.778125 0.704167 0.028125 0.020833
0 0.026562 0.547917 0.015625 0.025000
0 0.357031 0.222917 0.020313 0.016667
0 0.457031 0.221875 0.010937 0.027083
