0 0.644141 0.177604 0.189844 0.244792
0 0.344922 0.628125 0.208594 0.320833
0 0.668750 0.746875 0.217188 0.152083
0 0.650000 0.444792 0.118750 0.150000
0 0.127344 0.023438 0.109375 0.046875
0 0.744531 0.290104 0.059375 0.080208
0 0.223828 0.430208 0.119531 0.054167
0 0.637109 0.766146 0.055469 0.036458
0 0.969922 0.259375 0.050781 0.035417
0 0.877344 0.121354 0.035937 0.051042
0 0.697656 0.316146 0.039062 0.030208
0 0.735547 0.632812 0.025781 0.032292
0 0.601953 0.043229 0.042969 0.028125
0 0.549219 0.324479 0.034375 0.026042
0 0.401562 0.967187 0.021875 0.028125
