0 0.894531 0.463021 0.106250 0.165625
0 0.345703 0.766146 0.119531 0.205208
0 0.182422 0.329688 0.146094 0.196875
0 0.259375 0.529167 0.101562 0.189583
0 0.580859 0.459375 0.142969 0.177083
0 0.575781 0.294792 0.125000 0.116667
0 0.451953 0.217188 0.089844 0.173958
0 0.953125 0.631250 0.093750 0.135417
0 0.519141 0.622917 0.044531 0.056250
0 0.726172 0.734375 0.077344 0.033333
0 0.535547 0.880729 0.033594 0.046875
0 0.832422 0.800521 0.024219 0.042708
0 0.162891 0.576562 0.024219 0.042708
0 0.145313 0.919792 0.021875 0.037500
0 0.670703 0.811458 0.014844 0.035417
0 0.905469 0.446354 0.018750 0.023958
