0 0.151562 0.377083 0.114062 0.204167
0 0.724219 0.165104 0.109375 0.163542
0 0.074609 0.132292 0.092969 0.172917
0 0.822656 0.655208 0.107813 0.193750
0 0.412891 0.107813 0.146094 0.171875
0 0.765625 0.338021 0.093750 0.138542
0 0.530078 0.866146 0.066406 0.078125
0 0.385156 0.942187 0.043750 0.067708
0 0.335547 0.257292 0.046094 0.052083
0 0.559766 0.537500 0.077344 0.037500
0 0.327344 0.517708 0.035937 0.052083
0 0.633203 0.484375 0.027344 0.041667
0 0.012109 0.285417 0.024219 0.041667
0 0.254688 0.239583 0.034375 0.035417
0 0.810156 0.686979 0.029687 0.040625
0 0.469922 0.469271 0.016406 0.038542
0 0.746484 0.986979 0.025781 0.026042
0 0.736328 0.142187 0.021094 0.023958
0 0.058594 0.649479 0.017188 0.026042
0 0.732031 0.194271 0.012500 0.023958
