0 0.089063 0.253125 0.178125 0.156250
0 0.848437 0.530208 0.153125 0.227083
0 0.789062 0.835417 0.075000 0.091667
0 0.708594 0.105208 0.064062 0.077083
0 0.036719 0.060417 0.073438 0.100000
0 0.657813 0.014583 0.078125 0.029167
0 0.238281 0.281250 0.045312 0.050000
0 0.706250 0.191667 0.062500 0.083333
0 0.101562 0.079167 0.040625 0.041667
0 0.902344 0.136458 0.032813 0.035417
0 0.834375 0.180208 0.028125 0.047917
0 0.621094 0.180208 0.029687 0.035417
0 0.907813 0.555208 0.034375 0.031250
0 0.757031 0.082292 0.029687 0.039583
0 0.834375 0.986458 0.031250 0.027083
0 0.414844 0.020833 0.017188 0.041667
0 0.967187 0.350000 0.025000 0.025000
0 0.639062 0.102083 0.028125 0.029167
0 0.764844 0.180208 0.026562 0.018750
0 0.789062 0.461458 0.015625 0.031250
0 0.192969 0.204167 0.017188 0.025000
