0 0.726953 0.759896 0.203906 0.157292
0 0.405469 0.079167 0.120313 0.158333
0 0.478125 0.435417 0.101562 0.158333
0 0.867188 0.896354 0.084375 0.086458
0 0.542969 0.884375 0.065625 0.091667
0 0.792188 0.280729 0.050000 0.046875
0 0.278906 0.709375 0.035937 0.056250
0 0.857422 0.735938 0.039844 0.046875
0 0.697656 0.454688 0.059375 0.063542
0 0.300000 0.922917 0.051562 0.037500
0 0.571484 0.343750 0.036719 0.043750
0 0.740625 0.234896 0.034375 0.051042
0 0.617188 0.070312 0.073438 0.042708
0 0.737109 0.375521 0.033594 0.028125
0 0.395313 0.672917 0.031250 0.027083
0 0.116016 0.925521 0.017969 0.028125
0 0.947266 0.876042 0.017969 0.020833
0 0.369141 0.836979 0.013281 0.019792
