0 0.175000 0.711458 0.195312 0.287500
0 0.657813 0.931250 0.151562 0.137500
0 0.895703 0.702604 0.133594 0.140625
0 0.745313 0.353125 0.125000 0.104167
0 0.081250 0.881250 0.093750 0.118750
0 0.500391 0.107292 0.130469 0.081250
0 0.564063 0.440625 0.071875 0.122917
0 0.237500 0.487500 0.096875 0.081250
0 0.705469 0.736458 0.104688 0.056250
0 0.388672 0.380208 0.072656 0.072917
0 0.249219 0.227083 0.067187 0.085417
0 0.782031 0.501563 0.067187 0.067708
0 0.054297 0.133854 0.042969 0.032292
0 0.445703 0.353125 0.039844 0.039583
0 0.502734 0.645833 0.041406 0.039583
0 0.950781 0.882292 0.046875 0.047917
0 0.660547 0.655208 0.033594 0.052083
0 0.877344 0.544792 0.040625 0.029167
0 0.540625 0.503646 0.034375 0.032292
0 0.952344 0.418229 0.029687 0.032292
0 0.941406 0.589583 0.031250 0.029167
0 0.377734 0.506250 0.032031 0.031250
0 0.939844 0.052083 0.031250 0.041667
