0 0.722656 0.552083 0.160938 0.183333
0 0.597656 0.261458 0.064062 0.089583
0 0.678125 0.738542 0.056250 0.077083
0 0.196094 0.503125 0.048438 0.077083
0 0.500000 0.712500 0.043750 0.066667
0 0.785937 0.419792 0.050000 0.068750
0 0.880469 0.362500 0.035937 0.079167
0 0.409375 0.378125 0.050000 0.035417
0 0.268750 0.234375 0.040625 0.039583
0 0.735938 0.284375 0.025000 0.047917
0 0.356250 0.205208 0.040625 0.039583
0 0.332031 0.559375 0.032813 0.043750
0 0.310937 0.409375 0.025000 0.031250
0 0.820312 0.212500 0.021875 0.033333
0 0.857031 0.179167 0.017188 0.025000
0 0.685937 0.406250 0.018750 0.020833
0 0.698438 0.610417 0.015625 0.020833
0 0.365625 0.503125 0.012500 0.027083
