0 0.448437 0.068750 0.150000 0.137500
0 0.133594 0.356250 0.054688 0.220833
0 0.064844 0.479167 0.073438 0.129167
0 0.440625 0.428125 0.068750 0.081250
0 0.358594 0.235417 0.073438 0.070833
0 0.240625 0.483333 0.053125 0.058333
0 0.367188 0.596875 0.037500 0.060417
0 0.375781 0.342708 0.026562 0.060417
0 0.982031 0.102083 0.035937 0.045833
0 0.242188 0.352083 0.025000 0.033333
0 0.988281 0.044792 0.023438 0.031250
0 0.509375 0.671875 0.021875 0.052083
0 0.583594 0.147917 0.026562 0.033333
0 0.188281 0.446875 0.023438 0.027083
0 0.458594 0.956250 0.026562 0.020833
0 0.232813 0.751042 0.025000 0.027083
0 0.224219 0.877083 0.023438 0.020833
0 0.012500 0.568750 0.025000 0.016667
0 0.989844 0.485417 0.020313 0.020833
0 0.446875 0.820833 0.015625 0.020833
0 0.521094 0.305208 0.020313 0.014583
0 0.536719 0.768750 0.017188 0.020833
