0 0.566797 0.751042 0.288281 0.385417
0 0.477344 0.392188 0.221875 0.301042
0 0.683984 0.177083 0.239844 0.214583
0 0.949219 0.517708 0.101562 0.185417
0 0.619922 0.948958 0.110156 0.102083
0 0.802344 0.464583 0.126562 0.072917
0 0.105859 0.821354 0.069531 0.088542
0 0.456250 0.630208 0.090625 0.060417
0 0.329688 0.253125 0.060937 0.081250
0 0.802344 0.343750 0.053125 0.066667
0 0.278906 0.109896 0.054688 0.059375
0 0.977734 0.223958 0.044531 0.045833
0 0.758594 0.024479 0.046875 0.048958
0 0.841797 0.068750 0.036719 0.035417
0 0.707031 0.446354 0.029687 0.048958
0 0.847656 0.865104 0.034375 0.036458
0 0.802734 0.811458 0.030469 0.037500
