0 0.196484 0.505208 0.152344 0.208333
0 0.548438 0.705208 0.098437 0.158333
0 0.519922 0.253646 0.071094 0.090625
0 0.226562 0.819792 0.048438 0.050000
0 0.761719 0.244271 0.053125 0.036458
0 0.767188 0.460417 0.034375 0.056250
0 0.356250 0.778646 0.081250 0.038542
0 0.450391 0.785937 0.035156 0.042708
0 0.332813 0.655208 0.054688 0.054167
0 0.273828 0.877604 0.032031 0.053125
0 0.648828 0.481771 0.030469 0.028125
0 0.287500 0.734896 0.031250 0.028125
0 0.214062 0.515104 0.020313 0.028125
0 0.944922 0.266146 0.019531 0.028125
0 0.690234 0.320312 0.019531 0.023958
