0 0.812500 0.378125 0.134375 0.256250
0 0.372656 0.615625 0.115625 0.239583
0 0.256641 0.882812 0.117969 0.167708
0 0.327734 0.111979 0.099219 0.159375
0 0.192578 0.401042 0.108594 0.175000
0 0.464062 0.514583 0.071875 0.170833
0 0.704688 0.775000 0.084375 0.125000
0 0.809375 0.047917 0.090625 0.095833
0 0.526172 0.922396 0.064844 0.138542
0 0.115234 0.162500 0.066406 0.075000
0 0.374219 0.884896 0.035937 0.036458
0 0.978516 0.550521 0.042969 0.038542
0 0.207813 0.580208 0.028125 0.022917
0 0.639453 0.865104 0.028906 0.028125
0 0.237891 0.214062 0.030469 0.030208
0 0.459375 0.778646 0.018750 0.028125
