0 0.910937 0.745833 0.178125 0.162500
0 0.152344 0.468750 0.154688 0.229167
0 0.210938 0.164583 0.078125 0.091667
0 0.276562 0.896875 0.096875 0.081250
0 0.962500 0.939583 0.075000 0.100000
0 0.762500 0.717708 0.046875 0.052083
0 0.339844 0.985417 0.076563 0.029167
0 0.293750 0.807292 0.062500 0.081250
0 0.899219 0.920833 0.042188 0.041667
0 0.097656 0.863542 0.032813 0.035417
0 0.165625 0.819792 0.031250 0.047917
0 0.092188 0.445833 0.037500 0.033333
0 0.165625 0.013542 0.034375 0.027083
0 0.380469 0.819792 0.032813 0.035417
0 0.033594 0.651042 0.026562 0.027083
0 0.584375 0.978125 0.018750 0.043750
0 0.236719 0.810417 0.029687 0.037500
0 0.361719 0.897917 0.029687 0.029167
0 0.211719 0.538542 0.017188 0.035417
0 0.807031 0.795833 0.017188 0.025000
