0 0.667188 0.206250 0.106250 0.245833
0 0.260156 0.119792 0.092188 0.156250
0 0.504687 0.917708 0.056250 0.068750
0 0.409375 0.210417 0.068750 0.058333
0 0.505469 0.477083 0.051562 0.045833
0 0.596875 0.570833 0.028125 0.045833
0 0.154688 0.694792 0.034375 0.027083
0 0.246875 0.604167 0.028125 0.029167
0 0.439844 0.709375 0.039062 0.018750
0 0.264844 0.650000 0.017188 0.037500
0 0.375781 0.555208 0.026562 0.039583
0 0.564844 0.161458 0.020313 0.031250
0 0.804688 0.718750 0.018750 0.025000
0 0.941406 0.045833 0.023438 0.020833
0 0.626563 0.506250 0.015625 0.025000
0 0.276562 0.369792 0.015625 0.027083
0 0.617188 0.611458 0.015625 0.027083
