0 0.517969 0.561458 0.073438 0.106250
0 0.437500 0.572917 0.056250 0.129167
0 0.178906 0.706250 0.101562 0.075000
0 0.636719 0.556250 0.032813 0.100000
0 0.463281 0.978125 0.045312 0.043750
0 0.780469 0.961458 0.042188 0.052083
0 0.664844 0.692708 0.057813 0.035417
0 0.851562 0.890625 0.025000 0.039583
0 0.750000 0.407292 0.021875 0.039583
0 0.667969 0.866667 0.035937 0.025000
0 0.489844 0.701042 0.042188 0.018750
0 0.078906 0.744792 0.014063 0.035417
0 0.373437 0.786458 0.025000 0.022917
0 0.368750 0.633333 0.018750 0.025000
