0 0.370312 0.925000 0.087500 0.150000
0 0.873437 0.711458 0.059375 0.056250
0 0.125000 0.148958 0.059375 0.056250
0 0.126562 0.567708 0.046875 0.031250
0 0.232031 0.841667 0.067187 0.050000
0 0.858594 0.608333 0.042188 0.037500
0 0.478125 0.345833 0.037500 0.037500
0 0.013281 0.959375 0.026562 0.081250
0 0.383594 0.436458 0.032813 0.031250
0 0.033594 0.488542 0.026562 0.031250
0 0.367969 0.390625 0.017188 0.039583
0 0.193750 0.338542 0.034375 0.014583
0 0.260937 0.498958 0.021875 0.022917
0 0.067969 0.908333 0.017188 0.020833
0 0.362500 0.670833 0.015625 0.025000
0 0.007812 0.545833 0.015625 0.020833
