0 0.369531 0.592187 0.165625 0.167708
0 0.169531 0.603125 0.101562 0.277083
0 0.396875 0.197396 0.100000 0.215625
0 0.641406 0.644271 0.100000 0.159375
0 0.277344 0.216667 0.064062 0.114583
0 0.543750 0.326042 0.071875 0.095833
0 0.280078 0.435937 0.060156 0.113542
0 0.157031 0.862500 0.039062 0.085417
0 0.374219 0.710938 0.075000 0.073958
0 0.279687 0.802604 0.051562 0.048958
0 0.633203 0.496354 0.044531 0.055208
0 0.545703 0.730208 0.035156 0.043750
0 0.372266 0.829167 0.033594 0.047917
0 0.436328 0.357812 0.035156 0.057292
0 0.382422 0.231250 0.024219 0.064583
0 0.740234 0.437500 0.025781 0.031250
0 0.189453 0.174479 0.017969 0.019792
