0 0.778125 0.636458 0.273438 0.339583
0 0.511328 0.351042 0.278906 0.308333
0 0.269141 0.149479 0.214844 0.217708
0 0.100391 0.752083 0.144531 0.258333
0 0.348828 0.713021 0.230469 0.105208
0 0.172656 0.906771 0.096875 0.186458
0 0.971484 0.469792 0.057031 0.095833
0 0.042188 0.473438 0.084375 0.044792
0 0.583594 0.504167 0.046875 0.089583
0 0.515234 0.713542 0.089844 0.056250
0 0.121094 0.286458 0.062500 0.066667
0 0.362109 0.279687 0.086719 0.076042
0 0.456250 0.584375 0.057813 0.056250
0 0.613281 0.950521 0.054688 0.046875
0 0.381641 0.591146 0.038281 0.076042
0 0.594531 0.651563 0.046875 0.046875
0 0.379688 0.810417 0.040625 0.043750
0 0.367578 0.475521 0.046094 0.034375
0 0.637891 0.873437 0.044531 0.048958
0 0.335547 0.541667 0.075781 0.029167
