0 0.539062 0.596875 0.140625 0.247917
0 0.416406 0.829167 0.064062 0.083333
0 0.538281 0.127083 0.089063 0.070833
0 0.525781 0.203125 0.101562 0.093750
0 0.985938 0.770833 0.028125 0.054167
0 0.502344 0.018750 0.051562 0.037500
0 0.425000 0.138542 0.040625 0.035417
0 0.712500 0.571875 0.031250 0.052083
0 0.039062 0.064583 0.021875 0.045833
0 0.506250 0.495833 0.025000 0.033333
0 0.607031 0.218750 0.026562 0.025000
0 0.599219 0.635417 0.023438 0.033333
0 0.683594 0.171875 0.014063 0.039583
0 0.789844 0.741667 0.020313 0.020833
