0 0.660156 0.472917 0.114062 0.170833
0 0.521875 0.397917 0.112500 0.175000
0 0.569531 0.729167 0.042188 0.041667
0 0.788281 0.448958 0.054688 0.043750
0 0.757812 0.682292 0.025000 0.031250
0 0.480469 0.646875 0.032813 0.035417
0 0.271094 0.572917 0.023438 0.033333
0 0.725781 0.239583 0.023438 0.033333
0 0.593750 0.362500 0.021875 0.037500
0 0.567187 0.316667 0.040625 0.016667
0 0.539844 0.837500 0.020313 0.029167
0 0.421875 0.634375 0.015625 0.035417
0 0.203906 0.563542 0.020313 0.027083
0 0.639844 0.242708 0.020313 0.022917
0 0.532813 0.552083 0.012500 0.029167
0 0.514062 0.306250 0.012500 0.025000
0 0.309375 0.247917 0.015625 0.020833
