0 0.441797 0.645312 0.110156 0.244792
0 0.306250 0.151562 0.139063 0.144792
0 0.469141 0.071875 0.121094 0.143750
0 0.800000 0.147396 0.115625 0.086458
0 0.259766 0.459896 0.091406 0.130208
0 0.525000 0.390104 0.062500 0.084375
0 0.773828 0.913021 0.077344 0.084375
0 0.845703 0.555729 0.058594 0.090625
0 0.173437 0.686979 0.079687 0.088542
0 0.360156 0.918750 0.056250 0.070833
0 0.543359 0.753646 0.074219 0.073958
0 0.808203 0.348438 0.064844 0.078125
0 0.608594 0.893229 0.056250 0.059375
0 0.853516 0.452083 0.053906 0.043750
0 0.630078 0.124479 0.042969 0.059375
0 0.706641 0.064062 0.033594 0.051042
0 0.662500 0.795833 0.039062 0.035417
0 0.951562 0.675000 0.028125 0.025000
0 0.225781 0.102083 0.017188 0.031250
0 0.137109 0.022396 0.028906 0.017708
0 0.602344 0.603125 0.023438 0.018750
