0 0.356641 0.072396 0.138281 0.144792
0 0.546094 0.248438 0.070312 0.092708
0 0.094922 0.555208 0.061719 0.114583
0 0.904687 0.491667 0.060937 0.085417
0 0.295312 0.700000 0.070312 0.083333
0 0.850000 0.289583 0.060937 0.077083
0 0.693359 0.860417 0.055469 0.062500
0 0.903516 0.390104 0.055469 0.042708
0 0.079687 0.334896 0.048438 0.069792
0 0.727734 0.023438 0.033594 0.046875
0 0.441016 0.243750 0.044531 0.037500
0 0.790625 0.804688 0.042188 0.023958
0 0.591406 0.747917 0.015625 0.035417
0 0.598437 0.692187 0.021875 0.023958
