0 0.796094 0.629687 0.201563 0.253125
0 0.231250 0.900521 0.210938 0.136458
0 0.561719 0.896354 0.178125 0.132292
0 0.790234 0.279687 0.153906 0.142708
0 0.832812 0.793750 0.075000 0.087500
0 0.240625 0.082292 0.051562 0.070833
0 0.412500 0.367708 0.068750 0.066667
0 0.351172 0.182292 0.057031 0.060417
0 0.344531 0.402083 0.034375 0.066667
0 0.305859 0.099479 0.041406 0.061458
0 0.428516 0.947917 0.033594 0.077083
0 0.133203 0.516667 0.046094 0.033333
0 0.292187 0.419271 0.031250 0.036458
0 0.386328 0.405729 0.033594 0.036458
0 0.200781 0.563542 0.032813 0.041667
0 0.029297 0.733333 0.058594 0.031250
0 0.742578 0.100521 0.033594 0.032292
0 0.985547 0.533854 0.028906 0.032292
0 0.117578 0.464062 0.042969 0.030208
0 0.382812 0.508854 0.028125 0.034375
0 0.451562 0.595833 0.046875 0.039583
0 0.295703 0.569271 0.032031 0.028125
0 0.223438 0.224479 0.028125 0.034375
0 0.548438 0.835417 0.037500 0.041667
0 0.624609 0.842187 0.046094 0.042708
0 0.465625 0.165625 0.026562 0.035417
0 0.348047 0.730208 0.022656 0.047917
0 0.160156 0.262500 0.020313 0.041667
0 0.410938 0.865104 0.031250 0.046875
0 0.574219 0.775521 0.020313 0.040625
0 0.344531 0.129688 0.026562 0.021875
0 0.915234 0.649479 0.017969 0.032292
0 0.807031 0.390104 0.023438 0.036458
