0 0.551562 0.931250 0.150000 0.137500
0 0.866406 0.643750 0.054688 0.220833
0 0.935156 0.520833 0.073438 0.129167
0 0.559375 0.571875 0.068750 0.081250
0 0.641406 0.764583 0.073438 0.070833
0 0.759375 0.516667 0.053125 0.058333
0 0.632812 0.403125 0.037500 0.060417
0 0.624219 0.657292 0.026562 0.060417
0 0.017969 0.897917 0.035937 0.045833
0 0.757812 0.647917 0.025000 0.033333
0 0.011719 0.955208 0.023438 0.031250
0 0.416406 0.852083 0.026562 0.033333
0 0.490625 0.328125 0.021875 0.052083
0 0.811719 0.553125 0.023438 0.027083
0 0.541406 0.043750 0.026562 0.020833
0 0.767188 0.248958 0.025000 0.027083
0 0.775781 0.122917 0.023438 0.020833
0 0.987500 0.431250 0.025000 0.016667
0 0.010156 0.514583 0.020313 0.020833
0 0.553125 0.179167 0.015625 0.020833
0 0.478906 0.694792 0.020313 0.014583
0 0.463281 0.231250 0.017188 0.020833
