0 0.825391 0.481771 0.135156 0.178125
0 0.710156 0.908333 0.092188 0.131250
0 0.413672 0.146875 0.108594 0.197917
0 0.669922 0.318750 0.091406 0.087500
0 0.511328 0.256250 0.039844 0.029167
0 0.887891 0.085417 0.036719 0.043750
0 0.529297 0.965625 0.033594 0.045833
0 0.953516 0.622917 0.032031 0.031250
0 0.832812 0.175000 0.020313 0.045833
0 0.557813 0.223438 0.020313 0.042708
0 0.951172 0.203646 0.024219 0.021875
0 0.828125 0.658854 0.018750 0.028125
0 0.762109 0.073958 0.019531 0.018750
0 0.661719 0.239063 0.018750 0.017708
