0 0.769531 0.553125 0.167187 0.235417
0 0.096094 0.114583 0.079687 0.100000
0 0.536719 0.904167 0.073438 0.100000
0 0.185156 0.554167 0.082812 0.087500
0 0.743750 0.807292 0.093750 0.085417
0 0.464062 0.834375 0.081250 0.064583
0 0.212500 0.766667 0.034375 0.129167
0 0.696094 0.655208 0.045312 0.077083
0 0.685937 0.918750 0.053125 0.054167
0 0.392188 0.762500 0.053125 0.050000
0 0.160156 0.363542 0.042188 0.077083
0 0.886719 0.185417 0.045312 0.054167
0 0.117969 0.677083 0.048438 0.033333
0 0.382812 0.210417 0.028125 0.037500
0 0.852344 0.310417 0.032813 0.054167
0 0.671094 0.244792 0.020313 0.043750
0 0.746875 0.745833 0.037500 0.037500
0 0.188281 0.483333 0.023438 0.033333
0 0.320312 0.017708 0.025000 0.035417
0 0.633594 0.120833 0.029687 0.016667
0 0.096094 0.253125 0.020313 0.027083
0 0.490625 0.422917 0.015625 0.029167
0 0.647656 0.454167 0.017188 0.020833
0 0.014063 0.993750 0.028125 0.012500
