0 0.187500 0.621875 0.134375 0.256250
0 0.627344 0.384375 0.115625 0.239583
0 0.743359 0.117188 0.117969 0.167708
0 0.672266 0.888021 0.099219 0.159375
0 0.807422 0.598958 0.108594 0.175000
0 0.535937 0.485417 0.071875 0.170833
0 0.295312 0.225000 0.084375 0.125000
0 0.190625 0.952083 0.090625 0.095833
0 0.473828 0.077604 0.064844 0.138542
0 0.884766 0.837500 0.066406 0.075000
0 0.625781 0.115104 0.035937 0.036458
0 0.021484 0.449479 0.042969 0.038542
0 0.792188 0.419792 0.028125 0.022917
0 0.360547 0.134896 0.028906 0.028125
0 0.762109 0.785937 0.030469 0.030208
0 0.540625 0.221354 0.018750 0.028125
