0 0.760156 0.930208 0.126562 0.139583
0 0.060937 0.746875 0.121875 0.097917
0 0.178906 0.526042 0.079687 0.085417
0 0.574219 0.321875 0.104688 0.077083
0 0.919531 0.185417 0.051562 0.100000
0 0.428125 0.963542 0.053125 0.072917
0 0.857812 0.592708 0.065625 0.068750
0 0.506250 0.975000 0.059375 0.050000
0 0.832031 0.208333 0.042188 0.079167
0 0.190625 0.650000 0.046875 0.037500
0 0.535156 0.902083 0.032813 0.054167
0 0.314063 0.877083 0.040625 0.054167
0 0.200781 0.330208 0.032813 0.035417
0 0.157031 0.984375 0.039062 0.031250
0 0.458594 0.773958 0.032813 0.027083
0 0.270313 0.904167 0.025000 0.033333
0 0.133594 0.635417 0.032813 0.020833
0 0.064062 0.491667 0.031250 0.020833
0 0.474219 0.357292 0.017188 0.039583
0 0.400781 0.722917 0.017188 0.033333
0 0.306250 0.991667 0.025000 0.016667
0 0.437500 0.207292 0.025000 0.031250
0 0.768750 0.406250 0.025000 0.020833
0 0.210156 0.205208 0.010937 0.027083
