0 0.934375 0.914583 0.131250 0.120833
0 0.793750 0.191667 0.115625 0.154167
0 0.778125 0.382292 0.071875 0.143750
0 0.208594 0.029167 0.114062 0.058333
0 0.482812 0.076042 0.059375 0.152083
0 0.673438 0.735417 0.071875 0.070833
0 0.830469 0.891667 0.064062 0.108333
0 0.533594 0.309375 0.045312 0.077083
0 0.570312 0.468750 0.043750 0.075000
0 0.591406 0.151042 0.054688 0.047917
0 0.021875 0.257292 0.043750 0.060417
0 0.310156 0.121875 0.045312 0.039583
0 0.620313 0.670833 0.025000 0.058333
0 0.627344 0.589583 0.045312 0.025000
0 0.016406 0.431250 0.032813 0.029167
0 0.351562 0.651042 0.028125 0.039583
0 0.468750 0.867708 0.050000 0.018750
0 0.432812 0.830208 0.037500 0.031250
0 0.122656 0.763542 0.023438 0.035417
0 0.707031 0.650000 0.029687 0.033333
0 0.394531 0.727083 0.026562 0.020833
0 0.673438 0.592708 0.021875 0.043750
0 0.960156 0.992708 0.029687 0.014583
0 0.393750 0.986458 0.021875 0.027083
0 0.938281 0.691667 0.017188 0.025000
0 0.227344 0.457292 0.017188 0.027083
0 0.347656 0.012500 0.017188 0.025000
