0 0.399219 0.243229 0.189062 0.248958
0 0.126172 0.467708 0.046094 0.052083
0 0.181250 0.739583 0.045312 0.054167
0 0.930859 0.119271 0.050781 0.051042
0 0.106641 0.362500 0.042969 0.054167
0 0.477734 0.701042 0.027344 0.075000
0 0.728906 0.320312 0.035937 0.051042
0 0.178516 0.651042 0.039844 0.022917
0 0.107813 0.254688 0.039062 0.042708
0 0.243359 0.399479 0.021094 0.046875
0 0.617578 0.534375 0.028906 0.052083
0 0.919531 0.064062 0.028125 0.042708
0 0.932031 0.642708 0.023438 0.037500
0 0.455859 0.775521 0.024219 0.023958
0 0.232422 0.318750 0.021094 0.025000
