0 0.511719 0.648958 0.085938 0.054167
0 0.669141 0.691146 0.046094 0.042708
0 0.073438 0.138021 0.040625 0.055208
0 0.546484 0.237500 0.039844 0.056250
0 0.518359 0.253646 0.036719 0.028125
0 0.019531 0.530729 0.039062 0.038542
0 0.307031 0.472917 0.026562 0.029167
0 0.387891 0.676562 0.033594 0.032292
0 0.462891 0.117188 0.019531 0.030208
0 0.499219 0.481771 0.020313 0.030208
0 0.439844 0.666667 0.037500 0.025000
0 0.275000 0.197917 0.021875 0.022917
0 0.225781 0.287500 0.015625 0.031250
0 0.599219 0.529167 0.025000 0.016667
0 0.470703 0.052083 0.021094 0.020833
0 0.168359 0.305208 0.025781 0.018750
0 0.273438 0.415104 0.021875 0.017708
0 0.228516 0.387500 0.016406 0.022917
