0 0.760156 0.775000 0.164062 0.250000
0 0.185156 0.820833 0.060937 0.154167
0 0.434375 0.966667 0.103125 0.066667
0 0.203125 0.573958 0.062500 0.077083
0 0.162500 0.116667 0.081250 0.062500
0 0.202344 0.406250 0.039062 0.079167
0 0.671094 0.833333 0.064062 0.045833
0 0.103906 0.702083 0.054688 0.041667
0 0.363281 0.846875 0.042188 0.052083
0 0.940625 0.441667 0.040625 0.054167
0 0.682031 0.976042 0.045312 0.047917
0 0.446875 0.321875 0.034375 0.039583
0 0.695312 0.314583 0.031250 0.045833
0 0.388281 0.069792 0.045312 0.035417
0 0.874219 0.556250 0.039062 0.037500
0 0.411719 0.120833 0.035937 0.037500
0 0.723437 0.439583 0.025000 0.037500
0 0.171875 0.266667 0.043750 0.020833
0 0.426563 0.234375 0.028125 0.027083
0 0.200000 0.182292 0.025000 0.027083
0 0.712500 0.934375 0.028125 0.018750
0 0.520312 0.558333 0.015625 0.033333
0 0.658594 0.636458 0.023438 0.022917
0 0.302344 0.930208 0.014063 0.031250
0 0.660937 0.525000 0.018750 0.020833
0 0.810937 0.275000 0.015625 0.025000
