0 0.265234 0.449479 0.074219 0.176042
0 0.591016 0.169271 0.074219 0.188542
0 0.383984 0.086458 0.061719 0.081250
0 0.460938 0.836458 0.067187 0.079167
0 0.593359 0.584375 0.055469 0.037500
0 0.387891 0.655208 0.044531 0.106250
0 0.178906 0.651042 0.035937 0.041667
0 0.694141 0.716146 0.027344 0.034375
0 0.399219 0.437500 0.025000 0.041667
0 0.600000 0.645833 0.025000 0.031250
0 0.298828 0.358333 0.011719 0.027083
0 0.570703 0.127604 0.011719 0.023958
0 0.814844 0.969271 0.012500 0.023958
0 0.278125 0.480729 0.017188 0.017708
