0 0.632812 0.621875 0.112500 0.081250
0 0.059375 0.403125 0.065625 0.060417
0 0.814844 0.810417 0.057813 0.112500
0 0.878125 0.781250 0.053125 0.112500
0 0.797656 0.905208 0.039062 0.039583
0 0.670312 0.370833 0.037500 0.041667
0 0.763281 0.848958 0.039062 0.035417
0 0.014063 0.341667 0.028125 0.037500
0 0.316406 0.315625 0.026562 0.031250
0 0.265625 0.622917 0.021875 0.037500
0 0.590625 0.117708 0.018750 0.035417
0 0.220312 0.245833 0.025000 0.029167
0 0.316406 0.569792 0.014063 0.031250
0 0.405469 0.544792 0.023438 0.018750
0 0.828125 0.619792 0.018750 0.022917
0 0.485938 0.842708 0.012500 0.022917
