0 0.136328 0.194271 0.133594 0.136458
0 0.532813 0.340625 0.140625 0.150000
0 0.721875 0.341667 0.104688 0.133333
0 0.555469 0.469792 0.087500 0.129167
0 0.330469 0.232292 0.064062 0.093750
0 0.789453 0.836458 0.058594 0.083333
0 0.036719 0.539062 0.073438 0.080208
0 0.530469 0.201563 0.050000 0.096875
0 0.466406 0.872917 0.056250 0.066667
0 0.508984 0.766667 0.053906 0.095833
0 0.783203 0.737500 0.042969 0.066667
0 0.492188 0.482812 0.040625 0.101042
0 0.521094 0.038021 0.035937 0.042708
0 0.846484 0.468229 0.017969 0.036458
0 0.329297 0.534375 0.021094 0.022917
0 0.322656 0.832812 0.020313 0.028125
0 0.936719 0.215104 0.026562 0.017708
0 0.074219 0.991667 0.031250 0.016667
0 0.540625 0.566146 0.020313 0.017708
