0 0.221875 0.169792 0.196875 0.227083
0 0.092969 0.302083 0.101562 0.204167
0 0.935156 0.531250 0.129688 0.166667
0 0.082812 0.114583 0.071875 0.104167
0 0.357031 0.732292 0.042188 0.077083
0 0.788281 0.967708 0.054688 0.064583
0 0.065625 0.644792 0.040625 0.085417
0 0.264062 0.570833 0.046875 0.050000
0 0.732812 0.429167 0.043750 0.050000
0 0.077344 0.430208 0.042188 0.043750
0 0.167969 0.758333 0.035937 0.045833
0 0.792188 0.110417 0.021875 0.037500
0 0.370312 0.937500 0.018750 0.041667
0 0.029687 0.385417 0.021875 0.033333
0 0.355469 0.806250 0.020313 0.025000
