0 0.345313 0.785937 0.140625 0.103125
0 0.155859 0.581771 0.074219 0.178125
0 0.639844 0.325521 0.064062 0.138542
0 0.561328 0.263021 0.078906 0.128125
0 0.068359 0.171354 0.071094 0.132292
0 0.525781 0.661979 0.073438 0.109375
0 0.580078 0.673958 0.077344 0.054167
0 0.262891 0.348958 0.028906 0.070833
0 0.565625 0.860938 0.046875 0.053125
0 0.418750 0.812500 0.043750 0.047917
0 0.541406 0.899479 0.040625 0.036458
0 0.143750 0.310417 0.018750 0.027083
0 0.682031 0.699479 0.023438 0.023958
0 0.179297 0.168229 0.019531 0.021875
0 0.035156 0.388021 0.020313 0.021875
0 0.096875 0.054688 0.015625 0.021875
0 0.078125 0.313021 0.014063 0.023958
0 0.256641 0.878125 0.017969 0.018750
0 0.048828 0.334375 0.016406 0.020833
