4 0.201563 0.732812 0.171875 0.419792
4 0.890234 0.851042 0.128906 0.281250
4 0.221484 0.386458 0.108594 0.222917
4 0.714844 0.895833 0.129688 0.177083
4 0.186328 0.145833 0.117969 0.147917
4 0.445703 0.672396 0.089844 0.167708
4 0.438281 0.933333 0.073438 0.133333
4 0.112109 0.476562 0.075781 0.107292
4 0.462500 0.371354 0.050000 0.105208
4 0.495703 0.467708 0.066406 0.079167
4 0.102344 0.783333 0.057813 0.083333
4 0.747656 0.259896 0.042188 0.065625
4 0.126953 0.234896 0.063281 0.048958
4 0.448828 0.956250 0.028906 0.047917
4 0.250391 0.731771 0.028906 0.046875
4 0.469922 0.791667 0.027344 0.050000
4 0.089844 0.567187 0.031250 0.036458
