4 0.768750 0.523438 0.121875 0.340625
4 0.577734 0.312500 0.130469 0.285417
4 0.395313 0.341146 0.129688 0.176042
4 0.651172 0.558854 0.096094 0.173958
4 0.137109 0.095833 0.088281 0.158333
4 0.334375 0.529167 0.114062 0.156250
4 0.120703 0.369271 0.072656 0.157292
4 0.564844 0.932813 0.060937 0.134375
4 0.605469 0.826562 0.045312 0.051042
4 0.702344 0.204167 0.035937 0.043750
4 0.130859 0.380729 0.025781 0.044792
4 0.737891 0.643229 0.027344 0.044792
4 0.158594 0.219792 0.026562 0.045833
4 0.720313 0.257292 0.026562 0.037500
