4 0.298438 0.638021 0.203125 0.282292
4 0.695312 0.794792 0.210938 0.320833
4 0.410938 0.880729 0.181250 0.238542
4 0.271484 0.339062 0.132031 0.192708
4 0.451562 0.076042 0.101562 0.152083
4 0.416016 0.341146 0.078906 0.117708
4 0.507422 0.410417 0.105469 0.095833
4 0.845313 0.043750 0.081250 0.087500
4 0.568359 0.950000 0.049219 0.100000
4 0.383984 0.962500 0.050781 0.075000
4 0.787109 0.915104 0.050781 0.086458
4 0.356250 0.411979 0.037500 0.082292
4 0.307031 0.670833 0.043750 0.058333
4 0.164844 0.097396 0.025000 0.044792
4 0.687109 0.618750 0.032031 0.031250
