2 0.673438 0.786458 0.192188 0.272917
2 0.379688 0.366667 0.110937 0.139583
2 0.825781 0.686458 0.110937 0.097917
2 0.793750 0.237500 0.143750 0.129167
2 0.946484 0.439063 0.107031 0.136458
2 0.106641 0.236979 0.075781 0.173958
2 0.735547 0.356771 0.105469 0.157292
2 0.648828 0.043750 0.119531 0.087500
2 0.590625 0.298958 0.060937 0.114583
2 0.269531 0.342708 0.096875 0.089583
2 0.189062 0.957292 0.084375 0.085417
2 0.976172 0.361458 0.047656 0.110417
2 0.535156 0.938542 0.056250 0.077083
2 0.523047 0.298438 0.057031 0.073958
2 0.760547 0.133854 0.038281 0.084375
2 0.567578 0.763542 0.063281 0.050000
2 0.309375 0.419271 0.037500 0.057292
2 0.275000 0.962500 0.043750 0.058333
2 0.446875 0.552604 0.045312 0.057292
2 0.940234 0.608333 0.041406 0.058333
2 0.471875 0.350521 0.064062 0.030208
2 0.054688 0.062500 0.032813 0.079167
2 0.708203 0.479687 0.039844 0.057292
2 0.497266 0.801042 0.038281 0.077083
2 0.167969 0.034896 0.054688 0.048958
2 0.071875 0.935937 0.034375 0.044792
2 0.890234 0.178125 0.033594 0.041667
2 0.138672 0.147396 0.042969 0.038542
2 0.093359 0.109375 0.042969 0.039583
2 0.444141 0.826562 0.025781 0.038542
2 0.805859 0.393750 0.036719 0.033333
2 0.280078 0.379688 0.039844 0.053125
2 0.030078 0.982812 0.041406 0.034375
2 0.448437 0.290104 0.042188 0.026042
2 0.918750 0.786979 0.026562 0.036458
2 0.986328 0.984375 0.027344 0.031250
2 0.696484 0.550000 0.053906 0.039583
2 0.743750 0.017708 0.034375 0.035417
2 0.824219 0.613021 0.023438 0.042708
2 0.661328 0.446875 0.024219 0.035417
2 0.075781 0.981771 0.028125 0.036458
2 0.903906 0.626042 0.018750 0.043750
2 0.495312 0.868229 0.025000 0.030208
2 0.551953 0.644271 0.027344 0.030208
2 0.411328 0.154688 0.021094 0.036458
2 0.533203 0.830729 0.025781 0.034375
2 0.769531 0.042708 0.023438 0.027083
2 0.919141 0.676042 0.022656 0.027083
2 0.057422 0.132812 0.032031 0.028125
2 0.325781 0.989062 0.040625 0.021875
2 0.548047 0.491146 0.021094 0.040625
2 0.563672 0.811458 0.024219 0.025000
2 0.937500 0.948958 0.015625 0.035417
2 0.642578 0.569271 0.025781 0.030208
2 0.368750 0.522917 0.018750 0.025000
2 0.523047 0.533333 0.016406 0.031250
2 0.603906 0.394792 0.026562 0.039583
