2 0.457031 0.221875 0.132812 0.231250
2 0.938281 0.591667 0.123438 0.204167
2 0.753125 0.165625 0.129688 0.143750
2 0.053125 0.325521 0.076563 0.107292
2 0.317188 0.055729 0.070312 0.111458
2 0.409375 0.614062 0.079687 0.121875
2 0.562109 0.448958 0.055469 0.116667
2 0.391016 0.384896 0.052344 0.098958
2 0.876563 0.054688 0.084375 0.101042
2 0.928125 0.380208 0.060937 0.097917
2 0.264844 0.603125 0.054688 0.075000
2 0.186719 0.564063 0.040625 0.073958
2 0.656250 0.322917 0.050000 0.070833
2 0.300000 0.224479 0.031250 0.103125
2 0.319531 0.902604 0.037500 0.078125
2 0.225000 0.260417 0.046875 0.070833
2 0.665234 0.031771 0.049219 0.063542
2 0.703516 0.352083 0.028906 0.056250
2 0.437109 0.378125 0.024219 0.066667
2 0.358984 0.739062 0.033594 0.057292
2 0.966406 0.121875 0.031250 0.050000
2 0.255859 0.227604 0.044531 0.032292
2 0.601953 0.131771 0.032031 0.053125
2 0.484375 0.093750 0.026562 0.054167
2 0.351172 0.933333 0.039844 0.043750
2 0.878906 0.357292 0.021875 0.058333
2 0.944922 0.463542 0.025781 0.039583
2 0.218750 0.350521 0.021875 0.046875
2 0.035156 0.060417 0.028125 0.058333
2 0.257031 0.420312 0.021875 0.048958
2 0.710547 0.457292 0.036719 0.031250
2 0.365234 0.490104 0.032031 0.030208
2 0.898047 0.600000 0.035156 0.022917
2 0.013672 0.100000 0.027344 0.045833
2 0.767578 0.516146 0.022656 0.034375
2 0.216406 0.636458 0.020313 0.047917
2 0.629297 0.060937 0.030469 0.028125
2 0.864453 0.291667 0.027344 0.025000
2 0.856250 0.436458 0.025000 0.033333
2 0.122266 0.157292 0.014844 0.043750
2 0.328516 0.826562 0.017969 0.028125
2 0.451172 0.075000 0.016406 0.029167
2 0.811328 0.619792 0.017969 0.022917
2 0.241016 0.665104 0.022656 0.017708
2 0.443359 0.236458 0.019531 0.018750
2 0.046094 0.015625 0.012500 0.031250
2 0.980859 0.634375 0.019531 0.020833
