2 0.400391 0.791667 0.161719 0.225000
2 0.201953 0.351042 0.128906 0.145833
2 0.576562 0.343229 0.090625 0.163542
2 0.299609 0.120313 0.091406 0.115625
2 0.564844 0.869271 0.115625 0.090625
2 0.504297 0.422917 0.063281 0.108333
2 0.318750 0.243750 0.103125 0.102083
2 0.210156 0.031771 0.076563 0.063542
2 0.363281 0.568750 0.040625 0.097917
2 0.625781 0.223958 0.060937 0.066667
2 0.016797 0.623958 0.033594 0.081250
2 0.117578 0.210417 0.047656 0.072917
2 0.490625 0.223438 0.035937 0.063542
2 0.619531 0.809375 0.064062 0.035417
2 0.682813 0.163542 0.029687 0.058333
2 0.468359 0.785417 0.035156 0.060417
2 0.110547 0.505208 0.032031 0.066667
2 0.327734 0.020313 0.069531 0.040625
2 0.415625 0.312500 0.032813 0.052083
2 0.150000 0.535417 0.028125 0.054167
2 0.052344 0.313542 0.029687 0.052083
2 0.325000 0.544271 0.021875 0.059375
2 0.399609 0.015625 0.032031 0.031250
2 0.389062 0.652604 0.025000 0.038542
2 0.492188 0.145833 0.035937 0.031250
2 0.570703 0.634896 0.021094 0.038542
2 0.123047 0.017188 0.027344 0.034375
2 0.339844 0.788542 0.037500 0.022917
2 0.155469 0.640104 0.035937 0.030208
2 0.210938 0.700000 0.021875 0.033333
2 0.836328 0.388021 0.030469 0.040625
2 0.311719 0.478646 0.028125 0.023958
2 0.200391 0.071875 0.016406 0.039583
2 0.606250 0.179167 0.018750 0.035417
2 0.571484 0.456250 0.021094 0.031250
2 0.081250 0.243229 0.028125 0.028125
2 0.300781 0.623437 0.025000 0.032292
2 0.460547 0.320833 0.025781 0.025000
2 0.010937 0.088542 0.021875 0.035417
2 0.653906 0.021354 0.021875 0.026042
2 0.393750 0.538542 0.021875 0.033333
2 0.632422 0.097917 0.019531 0.027083
2 0.220703 0.156250 0.017969 0.027083
2 0.119141 0.572396 0.021094 0.021875
2 0.739062 0.736458 0.017188 0.022917
2 0.422656 0.824479 0.020313 0.019792
2 0.035937 0.185938 0.015625 0.023958
2 0.011719 0.015104 0.023438 0.017708
2 0.057422 0.132292 0.016406 0.020833
