2 0.515234 0.790625 0.099219 0.250000
2 0.792188 0.545312 0.139063 0.113542
2 0.253906 0.150000 0.078125 0.129167
2 0.091797 0.430729 0.092969 0.134375
2 0.645312 0.371354 0.060937 0.184375
2 0.783203 0.169792 0.094531 0.158333
2 0.523828 0.569271 0.074219 0.138542
2 0.613672 0.957292 0.094531 0.085417
2 0.973828 0.317188 0.052344 0.105208
2 0.708203 0.753646 0.064844 0.121875
2 0.122266 0.892188 0.060156 0.101042
2 0.567187 0.675521 0.084375 0.103125
2 0.634375 0.848958 0.090625 0.097917
2 0.032422 0.141146 0.064844 0.140625
2 0.258203 0.259896 0.067969 0.107292
2 0.857422 0.135937 0.052344 0.107292
2 0.455469 0.648438 0.048438 0.098958
2 0.317188 0.030208 0.064062 0.060417
2 0.229687 0.695312 0.051562 0.086458
2 0.158594 0.281771 0.056250 0.069792
2 0.965625 0.791667 0.068750 0.083333
2 0.251953 0.953646 0.060156 0.092708
2 0.512500 0.075521 0.046875 0.073958
2 0.792578 0.313542 0.042969 0.068750
2 0.295312 0.486458 0.042188 0.085417
2 0.268750 0.836458 0.040625 0.075000
2 0.201953 0.025000 0.058594 0.050000
2 0.774609 0.793750 0.047656 0.052083
2 0.303125 0.764583 0.037500 0.064583
2 0.015234 0.776042 0.030469 0.058333
2 0.618359 0.589583 0.055469 0.045833
2 0.117578 0.977604 0.050781 0.044792
2 0.591797 0.102083 0.027344 0.070833
2 0.016016 0.510938 0.032031 0.059375
2 0.694922 0.065625 0.052344 0.068750
2 0.396875 0.496875 0.034375 0.047917
2 0.499219 0.479167 0.043750 0.079167
2 0.910156 0.581250 0.040625 0.066667
2 0.437891 0.860417 0.030469 0.045833
2 0.172656 0.410417 0.026562 0.058333
2 0.334375 0.485417 0.037500 0.041667
2 0.584766 0.536458 0.024219 0.066667
2 0.716406 0.869792 0.034375 0.035417
2 0.253516 0.756250 0.027344 0.041667
2 0.481641 0.248438 0.028906 0.044792
2 0.874609 0.621354 0.035156 0.036458
2 0.907813 0.797917 0.031250 0.050000
2 0.962500 0.636458 0.043750 0.054167
2 0.898828 0.440104 0.039844 0.042708
2 0.192578 0.656250 0.039844 0.035417
2 0.316016 0.413542 0.030469 0.039583
2 0.190234 0.345313 0.041406 0.030208
2 0.642578 0.538021 0.027344 0.042708
2 0.016797 0.080208 0.033594 0.047917
2 0.504687 0.301563 0.026562 0.044792
2 0.393359 0.600521 0.027344 0.032292
2 0.624609 0.172917 0.025781 0.041667
2 0.299219 0.091146 0.039062 0.036458
2 0.963672 0.238542 0.038281 0.025000
2 0.184766 0.108854 0.022656 0.038542
2 0.355078 0.578646 0.027344 0.030208
2 0.515625 0.922396 0.017188 0.042708
2 0.145703 0.813021 0.028906 0.026042
2 0.325000 0.934375 0.026562 0.037500
2 0.581641 0.756250 0.021094 0.031250
2 0.052344 0.546875 0.021875 0.031250
2 0.429688 0.761458 0.018750 0.043750
2 0.773438 0.462500 0.025000 0.025000
2 0.036328 0.016667 0.021094 0.033333
2 0.174219 0.886979 0.023438 0.026042
2 0.012109 0.825521 0.024219 0.028125
2 0.662500 0.821354 0.025000 0.023958
2 0.746484 0.652083 0.024219 0.027083
2 0.971094 0.882292 0.023438 0.025000
2 0.450000 0.564583 0.017188 0.031250
2 0.009766 0.558854 0.019531 0.023958
2 0.948438 0.958854 0.020313 0.026042
2 0.990625 0.755729 0.018750 0.023958
2 0.435156 0.812500 0.035937 0.027083
2 0.585547 0.011979 0.022656 0.023958
2 0.326953 0.860938 0.024219 0.019792
2 0.992188 0.213542 0.015625 0.039583
2 0.032031 0.950521 0.015625 0.026042
2 0.918750 0.844271 0.020313 0.019792
2 0.739844 0.482292 0.017188 0.022917
2 0.121875 0.070833 0.023438 0.018750
2 0.307812 0.815104 0.023438 0.019792
2 0.862891 0.464062 0.019531 0.017708
2 0.752734 0.048958 0.019531 0.018750
2 0.367188 0.025521 0.015625 0.021875
2 0.371094 0.980208 0.017188 0.020833
