2 0.946094 0.261458 0.107813 0.522917
2 0.780469 0.341667 0.259375 0.229167
2 0.414062 0.371354 0.176563 0.242708
2 0.582812 0.238021 0.153125 0.257292
2 0.392969 0.597917 0.171875 0.179167
2 0.672656 0.818750 0.109375 0.195833
2 0.200391 0.501042 0.044531 0.156250
2 0.501563 0.063021 0.040625 0.113542
2 0.894141 0.494792 0.074219 0.110417
2 0.345703 0.084375 0.072656 0.089583
2 0.707422 0.931250 0.049219 0.050000
2 0.740625 0.174479 0.056250 0.078125
2 0.585547 0.646354 0.041406 0.069792
2 0.160547 0.563542 0.033594 0.068750
2 0.538281 0.527604 0.035937 0.067708
2 0.270703 0.538542 0.028906 0.056250
2 0.324609 0.525000 0.027344 0.050000
2 0.811328 0.659375 0.047656 0.031250
2 0.800391 0.327083 0.061719 0.029167
2 0.841797 0.258333 0.030469 0.058333
2 0.717969 0.709375 0.034375 0.045833
2 0.929688 0.018750 0.032813 0.037500
2 0.333984 0.165104 0.028906 0.051042
2 0.726172 0.614062 0.036719 0.053125
2 0.727734 0.097396 0.022656 0.059375
2 0.442188 0.219792 0.037500 0.047917
2 0.382422 0.357292 0.036719 0.045833
2 0.214844 0.390625 0.031250 0.047917
2 0.278516 0.234896 0.024219 0.040625
2 0.348828 0.482812 0.024219 0.048958
2 0.908203 0.711979 0.022656 0.044792
2 0.451172 0.051562 0.030469 0.034375
2 0.858594 0.322917 0.035937 0.029167
2 0.580469 0.311979 0.037500 0.026042
2 0.506641 0.617188 0.021094 0.034375
