2 0.148438 0.460417 0.128125 0.308333
2 0.818359 0.866667 0.146094 0.183333
2 0.855078 0.302604 0.128906 0.163542
2 0.551172 0.417708 0.116406 0.120833
2 0.686328 0.889062 0.086719 0.148958
2 0.161719 0.846354 0.075000 0.136458
2 0.349609 0.970313 0.097656 0.059375
2 0.565234 0.294271 0.075781 0.113542
2 0.936328 0.050000 0.064844 0.100000
2 0.304297 0.081771 0.055469 0.105208
2 0.209766 0.204687 0.057031 0.090625
2 0.626172 0.313021 0.044531 0.080208
2 0.922656 0.804167 0.045312 0.079167
2 0.922656 0.175521 0.064062 0.048958
2 0.100781 0.145833 0.048438 0.072917
2 0.382031 0.025000 0.071875 0.050000
2 0.845313 0.045833 0.042188 0.077083
2 0.046094 0.101562 0.046875 0.059375
2 0.685156 0.198437 0.031250 0.065625
2 0.613281 0.956771 0.035937 0.051042
2 0.508984 0.845833 0.027344 0.062500
2 0.910547 0.125000 0.049219 0.027083
2 0.755078 0.106250 0.027344 0.045833
2 0.823438 0.919271 0.029687 0.046875
2 0.580859 0.210938 0.033594 0.036458
2 0.722266 0.452604 0.033594 0.046875
2 0.748437 0.557813 0.026562 0.040625
2 0.576172 0.902083 0.057031 0.045833
2 0.291797 0.853646 0.021094 0.053125
2 0.132422 0.658854 0.036719 0.053125
2 0.679297 0.969271 0.035156 0.061458
2 0.533203 0.932292 0.036719 0.041667
2 0.115234 0.704688 0.019531 0.040625
2 0.770312 0.175521 0.020313 0.038542
2 0.989844 0.844271 0.020313 0.032292
2 0.735938 0.152083 0.028125 0.025000
2 0.421484 0.363021 0.024219 0.028125
2 0.705859 0.066667 0.017969 0.039583
2 0.539844 0.694271 0.021875 0.030208
2 0.080078 0.938021 0.021094 0.036458
2 0.238281 0.151562 0.021875 0.028125
2 0.611719 0.181250 0.020313 0.027083
2 0.439063 0.732812 0.025000 0.030208
2 0.990234 0.745833 0.019531 0.037500
2 0.263281 0.937500 0.021875 0.027083
2 0.480859 0.309896 0.027344 0.032292
2 0.236719 0.394792 0.018750 0.027083
2 0.255469 0.902083 0.020313 0.022917
2 0.905859 0.519792 0.017969 0.022917
2 0.735938 0.872917 0.012500 0.031250
2 0.523047 0.286979 0.016406 0.026042
2 0.448047 0.861979 0.019531 0.023958
