2 0.066016 0.106250 0.132031 0.212500
2 0.620703 0.244271 0.057031 0.103125
2 0.182812 0.336979 0.064062 0.055208
2 0.512109 0.230208 0.042969 0.081250
2 0.257812 0.132812 0.051562 0.084375
2 0.518750 0.366146 0.037500 0.061458
2 0.765234 0.584896 0.050781 0.061458
2 0.271484 0.656771 0.028906 0.065625
2 0.287500 0.166667 0.042188 0.039583
2 0.045312 0.251042 0.040625 0.047917
2 0.072266 0.038542 0.024219 0.052083
2 0.548047 0.402083 0.021094 0.050000
2 0.305859 0.464062 0.016406 0.051042
2 0.010156 0.225521 0.020313 0.063542
2 0.189062 0.130208 0.031250 0.031250
2 0.037109 0.435417 0.022656 0.033333
2 0.336719 0.286979 0.031250 0.038542
2 0.043359 0.584375 0.032031 0.020833
2 0.227344 0.337500 0.023438 0.037500
2 0.256641 0.601562 0.017969 0.032292
2 0.276953 0.545312 0.017969 0.038542
2 0.771875 0.357812 0.017188 0.032292
2 0.082031 0.442708 0.020313 0.025000
2 0.733594 0.347396 0.020313 0.028125
2 0.460156 0.201563 0.015625 0.036458
2 0.831250 0.919792 0.017188 0.031250
2 0.752344 0.738021 0.023438 0.021875
2 0.144531 0.234375 0.017188 0.031250
2 0.012109 0.165625 0.013281 0.039583
2 0.053516 0.067708 0.017969 0.027083
2 0.160547 0.397917 0.016406 0.027083
2 0.909766 0.780208 0.013281 0.025000
2 0.124609 0.019271 0.019531 0.017708
2 0.772266 0.786979 0.021094 0.015625
2 0.807031 0.696875 0.015625 0.020833
2 0.600000 0.739062 0.012500 0.023958
2 0.079687 0.622917 0.010937 0.027083
