2 0.511719 0.478125 0.265625 0.195833
2 0.304688 0.186458 0.229687 0.372917
2 0.767578 0.351042 0.217969 0.208333
2 0.269922 0.597396 0.125781 0.273958
2 0.183594 0.671354 0.096875 0.176042
2 0.129297 0.380208 0.121094 0.135417
2 0.146094 0.922396 0.129688 0.130208
2 0.136719 0.036979 0.092188 0.073958
2 0.245703 0.332292 0.069531 0.120833
2 0.042188 0.043229 0.084375 0.086458
2 0.673828 0.137500 0.050781 0.114583
2 0.035937 0.343750 0.071875 0.062500
2 0.306641 0.410417 0.067969 0.066667
2 0.289062 0.879687 0.065625 0.084375
2 0.019141 0.959375 0.038281 0.081250
2 0.585156 0.232292 0.071875 0.064583
2 0.175391 0.498958 0.058594 0.058333
2 0.371094 0.663542 0.060937 0.085417
2 0.085938 0.670312 0.056250 0.069792
2 0.597656 0.114062 0.053125 0.076042
2 0.425391 0.616146 0.058594 0.040625
2 0.280469 0.934375 0.059375 0.072917
2 0.330469 0.844271 0.035937 0.055208
2 0.218750 0.791667 0.046875 0.035417
2 0.125781 0.538542 0.029687 0.043750
2 0.512109 0.282813 0.021094 0.051042
2 0.362891 0.058333 0.033594 0.029167
2 0.319531 0.702604 0.031250 0.034375
2 0.238672 0.863542 0.024219 0.047917
2 0.473828 0.215625 0.021094 0.052083
2 0.483594 0.302083 0.023438 0.045833
2 0.015234 0.398438 0.030469 0.032292
2 0.082422 0.099479 0.024219 0.030208
2 0.451562 0.590625 0.034375 0.025000
2 0.166016 0.127604 0.017969 0.042708
2 0.055469 0.481771 0.018750 0.038542
2 0.167578 0.404687 0.021094 0.034375
2 0.294922 0.251042 0.022656 0.029167
2 0.023438 0.577083 0.028125 0.035417
2 0.641797 0.198437 0.016406 0.046875
2 0.146484 0.218229 0.017969 0.036458
2 0.058984 0.258854 0.021094 0.032292
2 0.501953 0.331771 0.021094 0.032292
2 0.345313 0.209375 0.021875 0.029167
2 0.911719 0.296354 0.021875 0.030208
