2 0.519922 0.622396 0.283594 0.594792
2 0.744531 0.563542 0.217188 0.258333
2 0.073438 0.633333 0.146875 0.254167
2 0.291797 0.169271 0.158594 0.188542
2 0.205469 0.729167 0.132812 0.208333
2 0.939453 0.496354 0.121094 0.138542
2 0.630078 0.341146 0.096094 0.159375
2 0.245703 0.040104 0.094531 0.080208
2 0.340234 0.801042 0.097656 0.102083
2 0.644141 0.206250 0.088281 0.081250
2 0.962500 0.307812 0.075000 0.090625
2 0.918359 0.167708 0.046094 0.150000
2 0.646875 0.123438 0.060937 0.086458
2 0.227734 0.570833 0.057031 0.079167
2 0.040234 0.272396 0.038281 0.078125
2 0.019141 0.050000 0.038281 0.100000
2 0.494922 0.153646 0.036719 0.065625
2 0.874219 0.223958 0.039062 0.062500
2 0.094531 0.364063 0.037500 0.071875
2 0.380469 0.331250 0.060937 0.047917
2 0.362109 0.911458 0.035156 0.068750
2 0.779297 0.629167 0.052344 0.064583
2 0.547266 0.018750 0.055469 0.037500
2 0.958984 0.598958 0.046094 0.047917
2 0.815234 0.352604 0.039844 0.053125
