2 0.288281 0.651563 0.223438 0.311458
2 0.696484 0.298438 0.117969 0.236458
2 0.419141 0.491146 0.100781 0.144792
2 0.128125 0.892708 0.085938 0.091667
2 0.398828 0.194792 0.072656 0.116667
2 0.330859 0.127083 0.053906 0.093750
2 0.317578 0.560417 0.052344 0.062500
2 0.150000 0.663021 0.046875 0.088542
2 0.574219 0.403125 0.059375 0.058333
2 0.078516 0.968750 0.041406 0.062500
2 0.682813 0.775000 0.034375 0.068750
2 0.260547 0.631250 0.049219 0.056250
2 0.112109 0.606771 0.027344 0.067708
2 0.621875 0.343229 0.050000 0.044792
2 0.021875 0.904167 0.043750 0.035417
2 0.954297 0.308854 0.038281 0.048958
2 0.080469 0.804167 0.029687 0.064583
2 0.152344 0.727604 0.043750 0.026042
