2 0.512109 0.724479 0.199219 0.292708
2 0.817187 0.564063 0.135937 0.401042
2 0.550000 0.932292 0.157812 0.125000
2 0.594531 0.129688 0.104688 0.111458
2 0.719141 0.269271 0.096094 0.084375
2 0.890234 0.189062 0.064844 0.111458
2 0.810156 0.793229 0.056250 0.101042
2 0.563672 0.218229 0.046094 0.082292
2 0.790234 0.323958 0.097656 0.054167
2 0.468750 0.411979 0.057813 0.088542
2 0.967187 0.523438 0.065625 0.105208
2 0.537109 0.367188 0.058594 0.130208
2 0.376172 0.256250 0.072656 0.072917
2 0.705859 0.671875 0.057031 0.072917
2 0.274609 0.826562 0.046094 0.105208
2 0.907031 0.945312 0.060937 0.065625
2 0.184375 0.871354 0.056250 0.090625
2 0.529297 0.665104 0.057031 0.065625
2 0.737891 0.178125 0.055469 0.054167
2 0.658594 0.336979 0.039062 0.065625
2 0.753906 0.957292 0.035937 0.064583
2 0.467187 0.109896 0.067187 0.044792
2 0.723047 0.887500 0.074219 0.043750
2 0.287500 0.907813 0.045312 0.048958
2 0.466406 0.176042 0.039062 0.047917
2 0.627344 0.752604 0.034375 0.036458
2 0.633984 0.644271 0.046094 0.051042
2 0.730469 0.475000 0.028125 0.045833
2 0.798047 0.966146 0.030469 0.044792
2 0.600391 0.691667 0.039844 0.035417
2 0.987891 0.608333 0.024219 0.050000
2 0.853906 0.339062 0.035937 0.026042
2 0.771875 0.042708 0.023438 0.037500
2 0.961328 0.165104 0.030469 0.032292
2 0.880859 0.988021 0.044531 0.023958
2 0.228125 0.844792 0.028125 0.033333
2 0.135547 0.907813 0.024219 0.032292
2 0.710938 0.611979 0.023438 0.048958
