2 0.352734 0.360938 0.142969 0.259375
2 0.955469 0.685937 0.089063 0.230208
2 0.524219 0.322917 0.123438 0.152083
2 0.846094 0.487500 0.107813 0.177083
2 0.725391 0.253125 0.116406 0.118750
2 0.319141 0.598958 0.099219 0.112500
2 0.571094 0.783854 0.081250 0.109375
2 0.875781 0.337500 0.064062 0.102083
2 0.164062 0.546354 0.045312 0.155208
2 0.502734 0.537500 0.092969 0.087500
2 0.589844 0.214062 0.078125 0.084375
2 0.912500 0.848437 0.051562 0.098958
2 0.713281 0.039583 0.067187 0.079167
2 0.348438 0.396354 0.059375 0.107292
2 0.296094 0.142708 0.075000 0.079167
2 0.977344 0.137500 0.045312 0.087500
2 0.463672 0.188021 0.049219 0.069792
2 0.821094 0.686458 0.034375 0.104167
2 0.744922 0.720833 0.047656 0.072917
2 0.124609 0.609896 0.033594 0.067708
2 0.234766 0.581771 0.028906 0.057292
2 0.556250 0.519271 0.031250 0.069792
2 0.776563 0.688542 0.046875 0.031250
2 0.957031 0.842708 0.023438 0.064583
2 0.283203 0.235417 0.027344 0.050000
2 0.676172 0.096875 0.028906 0.072917
2 0.988281 0.428125 0.023438 0.072917
2 0.405859 0.193229 0.027344 0.057292
2 0.696094 0.355729 0.031250 0.040625
2 0.237109 0.278125 0.025781 0.043750
2 0.738281 0.811458 0.021875 0.045833
2 0.505469 0.404687 0.029687 0.038542
2 0.304688 0.528125 0.031250 0.043750
2 0.176563 0.435417 0.029687 0.045833
2 0.942969 0.100521 0.037500 0.032292
2 0.776953 0.880729 0.021094 0.046875
2 0.898828 0.257812 0.032031 0.028125
2 0.346484 0.708854 0.022656 0.036458
2 0.928516 0.330729 0.024219 0.028125
2 0.511719 0.039583 0.023438 0.029167
2 0.472266 0.655208 0.019531 0.033333
2 0.642578 0.617188 0.016406 0.046875
2 0.744531 0.178125 0.026562 0.031250
2 0.884766 0.953125 0.028906 0.027083
2 0.321484 0.243750 0.024219 0.027083
2 0.973437 0.539583 0.017188 0.031250
2 0.763672 0.010417 0.035156 0.020833
