2 0.433203 0.219271 0.294531 0.209375
2 0.554688 0.477083 0.082812 0.141667
2 0.052344 0.177604 0.064062 0.117708
2 0.171094 0.607292 0.081250 0.116667
2 0.235937 0.818229 0.076563 0.105208
2 0.035937 0.056250 0.060937 0.112500
2 0.914062 0.650521 0.095312 0.048958
2 0.501563 0.080208 0.051562 0.079167
2 0.102344 0.397396 0.048438 0.115625
2 0.182812 0.178646 0.040625 0.073958
2 0.362891 0.822917 0.036719 0.093750
2 0.081641 0.972917 0.044531 0.054167
2 0.651563 0.968750 0.046875 0.062500
2 0.448047 0.256771 0.035156 0.059375
2 0.191016 0.323958 0.025781 0.104167
2 0.063672 0.700000 0.032031 0.060417
2 0.908594 0.830729 0.032813 0.053125
2 0.259766 0.314063 0.025781 0.051042
2 0.715625 0.090625 0.026562 0.047917
2 0.035156 0.252604 0.020313 0.059375
2 0.029687 0.761458 0.029687 0.045833
2 0.658984 0.053646 0.028906 0.044792
2 0.149219 0.478125 0.029687 0.039583
2 0.094141 0.288021 0.021094 0.055208
2 0.115234 0.803646 0.021094 0.036458
