2 0.758203 0.355208 0.178906 0.247917
2 0.616016 0.654687 0.202344 0.265625
2 0.688281 0.225521 0.093750 0.117708
2 0.782422 0.507292 0.107031 0.097917
2 0.946094 0.464062 0.093750 0.101042
2 0.896094 0.342708 0.087500 0.102083
2 0.819531 0.609896 0.092188 0.103125
2 0.625000 0.294792 0.089063 0.114583
2 0.568359 0.482292 0.088281 0.070833
2 0.748047 0.180729 0.055469 0.069792
2 0.637891 0.436458 0.046094 0.085417
2 0.444141 0.531771 0.053906 0.071875
2 0.577344 0.120833 0.040625 0.081250
2 0.580469 0.970833 0.048438 0.058333
2 0.765234 0.727083 0.050781 0.070833
2 0.970703 0.365104 0.035156 0.055208
2 0.953125 0.899479 0.059375 0.057292
2 0.856641 0.479687 0.049219 0.059375
2 0.657813 0.712500 0.026562 0.060417
2 0.540625 0.030729 0.026562 0.036458
2 0.650781 0.793750 0.025000 0.047917
2 0.594531 0.629167 0.032813 0.041667
2 0.484375 0.586979 0.018750 0.042708
2 0.648047 0.524479 0.028906 0.026042
2 0.632812 0.168750 0.023438 0.033333
2 0.573438 0.412500 0.025000 0.037500
2 0.788281 0.211458 0.017188 0.035417
2 0.533203 0.202083 0.019531 0.037500
2 0.332031 0.451042 0.020313 0.033333
2 0.964453 0.943750 0.019531 0.027083
2 0.547266 0.300000 0.021094 0.027083
