2 0.528516 0.772917 0.155469 0.087500
2 0.423438 0.941667 0.096875 0.102083
2 0.697656 0.668229 0.071875 0.073958
2 0.417969 0.735417 0.053125 0.116667
2 0.567187 0.941667 0.048438 0.108333
2 0.341797 0.979688 0.060156 0.040625
2 0.681250 0.535417 0.068750 0.047917
2 0.385156 0.773958 0.045312 0.060417
2 0.387109 0.451562 0.046094 0.053125
2 0.340234 0.735938 0.060156 0.065625
2 0.376953 0.527604 0.033594 0.053125
2 0.307422 0.391146 0.046094 0.032292
2 0.748047 0.800521 0.028906 0.048958
2 0.246484 0.965625 0.036719 0.031250
2 0.640234 0.188542 0.027344 0.054167
2 0.433984 0.874479 0.035156 0.053125
2 0.277344 0.508333 0.031250 0.041667
2 0.282422 0.446875 0.035156 0.029167
2 0.351562 0.218229 0.021875 0.051042
2 0.907813 0.610417 0.020313 0.043750
2 0.473047 0.214062 0.027344 0.026042
2 0.728906 0.565104 0.026562 0.028125
2 0.280859 0.904167 0.027344 0.031250
2 0.562891 0.531250 0.024219 0.031250
2 0.739062 0.987500 0.026562 0.025000
2 0.225781 0.496354 0.014063 0.051042
2 0.859375 0.831250 0.031250 0.027083
2 0.354687 0.667188 0.021875 0.030208
2 0.460156 0.164583 0.026562 0.027083
2 0.989453 0.215104 0.021094 0.030208
2 0.716797 0.460938 0.016406 0.051042
2 0.532031 0.513021 0.020313 0.030208
2 0.639844 0.632292 0.017188 0.033333
2 0.163672 0.959896 0.017969 0.040625
2 0.347266 0.846875 0.016406 0.035417
2 0.620313 0.443229 0.017188 0.030208
2 0.708203 0.803125 0.019531 0.025000
2 0.616016 0.229167 0.016406 0.022917
2 0.824219 0.802083 0.014063 0.027083
2 0.836328 0.640625 0.013281 0.027083
2 0.660937 0.234375 0.018750 0.018750
2 0.150000 0.800521 0.014063 0.026042
2 0.248047 0.442188 0.013281 0.028125
2 0.481250 0.095833 0.010937 0.025000
