2 0.882422 0.227604 0.235156 0.426042
2 0.222656 0.433333 0.209375 0.239583
2 0.669531 0.455208 0.212500 0.135417
2 0.655469 0.109896 0.215625 0.146875
2 0.857812 0.667188 0.126562 0.276042
2 0.775000 0.747396 0.101562 0.176042
2 0.465625 0.688542 0.112500 0.112500
2 0.743750 0.966146 0.131250 0.067708
2 0.069531 0.289583 0.117188 0.122917
2 0.869922 0.043750 0.102344 0.087500
2 0.366406 0.047917 0.109375 0.095833
2 0.870703 0.953646 0.097656 0.092708
2 0.485547 0.443750 0.108594 0.120833
2 0.829688 0.403125 0.068750 0.122917
2 0.028906 0.443229 0.057813 0.121875
2 0.521484 0.341667 0.082031 0.066667
2 0.370312 0.819792 0.053125 0.122917
2 0.324219 0.157292 0.090625 0.131250
2 0.945312 0.736979 0.096875 0.103125
2 0.416797 0.139063 0.064844 0.103125
2 0.455078 0.312500 0.049219 0.125000
2 0.511328 0.113542 0.057031 0.081250
2 0.235547 0.094271 0.061719 0.092708
2 0.891406 0.478646 0.067187 0.063542
2 0.311719 0.214062 0.040625 0.113542
2 0.357812 0.360417 0.060937 0.072917
2 0.235547 0.378646 0.058594 0.084375
2 0.762500 0.574479 0.060937 0.061458
2 0.563281 0.708333 0.051562 0.083333
2 0.678125 0.748958 0.057813 0.072917
2 0.073438 0.225521 0.053125 0.086458
2 0.495312 0.205729 0.046875 0.069792
2 0.076563 0.414583 0.029687 0.095833
2 0.479687 0.823438 0.050000 0.067708
2 0.024609 0.085417 0.049219 0.089583
2 0.129297 0.168229 0.055469 0.057292
2 0.428906 0.585417 0.040625 0.070833
2 0.207813 0.544792 0.059375 0.052083
2 0.926172 0.912500 0.036719 0.056250
2 0.578906 0.978125 0.053125 0.043750
2 0.300781 0.812500 0.040625 0.068750
2 0.497266 0.596354 0.060156 0.030208
2 0.626563 0.666667 0.057813 0.058333
2 0.812891 0.865625 0.049219 0.037500
2 0.346094 0.654687 0.040625 0.071875
2 0.433594 0.754167 0.034375 0.050000
2 0.026172 0.722396 0.052344 0.044792
2 0.983203 0.520312 0.033594 0.053125
2 0.511328 0.980208 0.030469 0.039583
2 0.713281 0.614583 0.031250 0.045833
2 0.416797 0.517188 0.022656 0.057292
2 0.448047 0.874479 0.027344 0.046875
2 0.452344 0.160417 0.031250 0.039583
2 0.334766 0.486458 0.028906 0.041667
2 0.474219 0.029167 0.034375 0.033333
2 0.658594 0.177604 0.028125 0.032292
2 0.134766 0.028125 0.024219 0.056250
2 0.376563 0.201563 0.023438 0.048958
2 0.638281 0.337500 0.025000 0.033333
2 0.518750 0.284896 0.025000 0.044792
2 0.642578 0.563021 0.021094 0.040625
2 0.595703 0.455729 0.027344 0.040625
2 0.726172 0.292187 0.021094 0.038542
2 0.744141 0.201042 0.019531 0.043750
2 0.030859 0.841667 0.030469 0.043750
2 0.225391 0.621354 0.028906 0.032292
2 0.125781 0.595313 0.023438 0.030208
2 0.385547 0.926042 0.024219 0.033333
2 0.366797 0.699479 0.024219 0.036458
2 0.454297 0.687500 0.024219 0.029167
2 0.876563 0.320312 0.023438 0.028125
