2 0.160156 0.804167 0.078125 0.158333
2 0.100391 0.146875 0.061719 0.112500
2 0.081641 0.881771 0.060156 0.105208
2 0.040625 0.154688 0.081250 0.084375
2 0.333203 0.130729 0.063281 0.098958
2 0.242188 0.396354 0.089063 0.088542
2 0.317969 0.220833 0.062500 0.066667
2 0.206641 0.686458 0.061719 0.064583
2 0.289844 0.031250 0.051562 0.062500
2 0.691797 0.799479 0.042969 0.098958
2 0.637109 0.119271 0.063281 0.055208
2 0.396875 0.327604 0.032813 0.090625
2 0.072266 0.682292 0.035156 0.060417
2 0.042578 0.394792 0.047656 0.052083
2 0.264453 0.627083 0.030469 0.058333
2 0.390234 0.129688 0.046094 0.059375
2 0.174609 0.399479 0.032031 0.051042
2 0.229687 0.239063 0.045312 0.055208
2 0.180469 0.184375 0.034375 0.062500
2 0.142969 0.222917 0.034375 0.035417
2 0.821094 0.775521 0.026562 0.042708
2 0.167969 0.043750 0.039062 0.039583
2 0.541406 0.498958 0.021875 0.058333
2 0.278906 0.132812 0.037500 0.046875
2 0.079297 0.604167 0.025781 0.027083
2 0.414844 0.856771 0.031250 0.040625
2 0.344141 0.060937 0.030469 0.042708
2 0.187500 0.640104 0.018750 0.036458
2 0.583594 0.077604 0.026562 0.042708
2 0.235547 0.484375 0.027344 0.027083
2 0.305859 0.280208 0.027344 0.029167
2 0.766016 0.098437 0.017969 0.036458
2 0.148047 0.917708 0.021094 0.029167
2 0.296094 0.319271 0.025000 0.021875
2 0.214844 0.559896 0.021875 0.028125
2 0.301172 0.370312 0.024219 0.026042
2 0.015234 0.254167 0.024219 0.022917
2 0.258594 0.357812 0.020313 0.023958
2 0.184375 0.445312 0.021875 0.021875
2 0.044141 0.064062 0.022656 0.019792
2 0.648047 0.456771 0.019531 0.021875
2 0.856250 0.908333 0.012500 0.027083
2 0.701172 0.697396 0.016406 0.021875
2 0.005469 0.759896 0.010937 0.030208
2 0.337891 0.145313 0.011719 0.034375
2 0.041797 0.777083 0.017969 0.018750
2 0.003125 0.329167 0.006250 0.066667
2 0.362891 0.065104 0.017969 0.017708
2 0.509766 0.242708 0.014844 0.018750
