2 0.449609 0.689063 0.135156 0.157292
2 0.518750 0.704167 0.089063 0.162500
2 0.736719 0.195833 0.065625 0.135417
2 0.163281 0.539062 0.056250 0.111458
2 0.764453 0.501563 0.063281 0.053125
2 0.480078 0.604167 0.038281 0.037500
2 0.575000 0.673438 0.028125 0.040625
2 0.385937 0.578125 0.043750 0.037500
2 0.711719 0.456250 0.026562 0.043750
2 0.591406 0.590625 0.017188 0.033333
2 0.892188 0.484375 0.017188 0.035417
2 0.730859 0.084375 0.019531 0.027083
2 0.493750 0.811458 0.017188 0.027083
2 0.653906 0.859896 0.010937 0.030208
2 0.110937 0.079167 0.015625 0.018750
2 0.766016 0.838021 0.014844 0.017708
2 0.632812 0.616667 0.015625 0.018750
