2 0.223077 0.734188 0.035897 0.070085
2 0.241026 0.657265 0.038462 0.076923
2 0.451282 0.704274 0.046154 0.037607
2 0.039744 0.557265 0.017949 0.061538
2 0.106410 0.794872 0.020513 0.044444
2 0.517949 0.554701 0.020513 0.032479
2 0.492949 0.150427 0.019231 0.037607
2 0.869231 0.788889 0.020513 0.025641
2 0.453205 0.238462 0.016667 0.035897
2 0.228205 0.511966 0.015385 0.032479
2 0.685897 0.132479 0.015385 0.035897
2 0.985897 0.701709 0.012821 0.032479
2 0.135897 0.745299 0.017949 0.023932
2 0.419872 0.187179 0.016667 0.025641
2 0.567949 0.592308 0.017949 0.018803
2 0.214103 0.454701 0.015385 0.023932
2 0.726923 0.705983 0.020513 0.017094
2 0.269231 0.535043 0.015385 0.020513
2 0.240385 0.474359 0.011538 0.025641
2 0.863462 0.492308 0.014103 0.020513
