2 0.749359 0.382051 0.065385 0.135043
2 0.375000 0.766667 0.047436 0.059829
2 0.400000 0.623077 0.038462 0.052991
2 0.438462 0.314530 0.033333 0.034188
2 0.644872 0.257265 0.020513 0.046154
2 0.591026 0.205983 0.043590 0.029060
2 0.496795 0.165812 0.029487 0.030769
2 0.480769 0.333333 0.023077 0.030769
2 0.805769 0.684615 0.029487 0.035897
2 0.661538 0.523932 0.020513 0.039316
2 0.655128 0.457265 0.020513 0.039316
2 0.541026 0.491453 0.023077 0.032479
2 0.322436 0.736752 0.016667 0.041026
2 0.581410 0.450427 0.019231 0.032479
2 0.055128 0.252137 0.030769 0.022222
2 0.623718 0.606838 0.019231 0.027350
2 0.582692 0.255556 0.021795 0.025641
2 0.316026 0.691453 0.019231 0.025641
2 0.550000 0.256410 0.020513 0.023932
2 0.160897 0.570085 0.016667 0.032479
2 0.295513 0.864957 0.024359 0.020513
2 0.234615 0.196581 0.017949 0.034188
2 0.007692 0.231624 0.015385 0.029060
2 0.444872 0.760684 0.017949 0.023932
2 0.335897 0.594872 0.015385 0.027350
2 0.332051 0.373504 0.015385 0.025641
2 0.108974 0.576923 0.017949 0.025641
2 0.718590 0.461538 0.014103 0.027350
2 0.808333 0.735897 0.016667 0.022222
2 0.492949 0.270940 0.016667 0.022222
2 0.653205 0.605128 0.019231 0.017094
2 0.512821 0.685470 0.012821 0.027350
2 0.471795 0.638462 0.012821 0.025641
2 0.876282 0.352137 0.016667 0.020513
2 0.932051 0.326496 0.012821 0.023932
2 0.244231 0.570940 0.021795 0.023932
2 0.396795 0.195726 0.019231 0.018803
2 0.166026 0.717949 0.016667 0.017094
2 0.692308 0.317094 0.015385 0.018803
