2 0.892949 0.406838 0.052564 0.085470
2 0.800000 0.147009 0.038462 0.051282
2 0.389103 0.605983 0.029487 0.049573
2 0.525641 0.375214 0.046154 0.032479
2 0.258974 0.276068 0.023077 0.076923
2 0.157051 0.115385 0.019231 0.063248
2 0.180128 0.405983 0.021795 0.049573
2 0.419872 0.143590 0.037179 0.037607
2 0.244231 0.149573 0.026923 0.059829
2 0.037179 0.295726 0.023077 0.054701
2 0.111538 0.158974 0.025641 0.044444
2 0.350641 0.296581 0.024359 0.035897
2 0.959615 0.452137 0.037179 0.029060
2 0.319231 0.525641 0.028205 0.035897
2 0.717308 0.625641 0.019231 0.041026
2 0.455128 0.535043 0.025641 0.023932
2 0.992949 0.175214 0.014103 0.039316
2 0.401923 0.490598 0.016667 0.034188
2 0.805128 0.319658 0.017949 0.030769
2 0.184615 0.260684 0.017949 0.025641
2 0.489744 0.465812 0.015385 0.029060
2 0.051923 0.103419 0.019231 0.025641
2 0.089744 0.371795 0.015385 0.029060
2 0.989744 0.472650 0.020513 0.029060
2 0.375641 0.669231 0.017949 0.025641
2 0.374359 0.183761 0.020513 0.029060
2 0.534615 0.536752 0.015385 0.027350
2 0.782051 0.525641 0.017949 0.022222
2 0.922436 0.309402 0.016667 0.023932
2 0.991026 0.108547 0.017949 0.029060
2 0.741667 0.449573 0.014103 0.027350
2 0.589744 0.363248 0.015385 0.022222
2 0.076923 0.482906 0.015385 0.025641
2 0.159615 0.173504 0.016667 0.022222
2 0.664744 0.170085 0.019231 0.022222
2 0.594231 0.169231 0.016667 0.020513
2 0.972436 0.913675 0.014103 0.022222
2 0.533974 0.789744 0.014103 0.020513
