2 0.428205 0.519658 0.246154 0.290598
2 0.310256 0.926496 0.205128 0.147009
2 0.954487 0.408547 0.091026 0.239316
2 0.875641 0.784615 0.158974 0.123077
2 0.041026 0.920513 0.082051 0.158974
2 0.636538 0.360684 0.101282 0.071795
2 0.451923 0.747009 0.055128 0.085470
2 0.291667 0.658974 0.075641 0.138462
2 0.704487 0.023077 0.065385 0.046154
2 0.194231 0.097436 0.078205 0.088889
2 0.977564 0.660684 0.044872 0.076923
2 0.053205 0.535897 0.055128 0.090598
2 0.763462 0.116239 0.044872 0.071795
2 0.336538 0.305983 0.042308 0.054701
2 0.576923 0.582906 0.035897 0.041026
2 0.345513 0.871795 0.024359 0.054701
2 0.623718 0.058120 0.032051 0.058120
2 0.275641 0.467521 0.038462 0.046154
2 0.561538 0.395726 0.033333 0.049573
2 0.265385 0.797436 0.025641 0.035897
2 0.350000 0.201709 0.033333 0.027350
2 0.382692 0.715385 0.029487 0.032479
