2 0.398718 0.635897 0.069231 0.150427
2 0.162179 0.427350 0.057692 0.068376
2 0.596154 0.752137 0.030769 0.058120
2 0.888462 0.647009 0.033333 0.063248
2 0.313462 0.763248 0.042308 0.049573
2 0.385897 0.264957 0.028205 0.064957
2 0.433974 0.840171 0.029487 0.059829
2 0.455769 0.609402 0.024359 0.052991
2 0.016667 0.548718 0.033333 0.054701
2 0.406410 0.358974 0.020513 0.047863
2 0.711538 0.386325 0.028205 0.027350
2 0.280128 0.466667 0.029487 0.034188
2 0.909615 0.857265 0.021795 0.029060
2 0.986538 0.295726 0.026923 0.037607
2 0.566667 0.298291 0.017949 0.032479
2 0.160897 0.782051 0.024359 0.029060
2 0.008974 0.602564 0.017949 0.029060
2 0.944872 0.754701 0.017949 0.029060
2 0.056410 0.740171 0.017949 0.027350
2 0.978846 0.688889 0.014103 0.030769
2 0.417949 0.751282 0.017949 0.022222
2 0.382692 0.797436 0.016667 0.025641
2 0.637179 0.472650 0.017949 0.022222
2 0.005128 0.672650 0.010256 0.039316
2 0.925641 0.036752 0.017949 0.022222
2 0.316667 0.323077 0.015385 0.023932
2 0.775000 0.289744 0.019231 0.029060
2 0.289103 0.729060 0.016667 0.022222
2 0.548077 0.658974 0.011538 0.029060
2 0.005128 0.458974 0.010256 0.032479
2 0.128846 0.718803 0.014103 0.022222
2 0.794231 0.263248 0.014103 0.023932
2 0.230769 0.823077 0.017949 0.018803
2 0.512821 0.606838 0.012821 0.023932
2 0.601923 0.402564 0.014103 0.029060
2 0.700641 0.894017 0.016667 0.020513
2 0.296795 0.359829 0.014103 0.022222
2 0.716667 0.141026 0.012821 0.025641
2 0.027564 0.922222 0.014103 0.025641
