2 0.203205 0.729060 0.044872 0.066667
2 0.119872 0.955556 0.055128 0.064957
2 0.577564 0.936752 0.029487 0.064957
2 0.785256 0.814530 0.044872 0.049573
2 0.031410 0.976923 0.037179 0.046154
2 0.144872 0.570085 0.041026 0.052991
2 0.612179 0.752991 0.024359 0.049573
2 0.893590 0.416239 0.025641 0.049573
2 0.783974 0.194872 0.034615 0.064957
2 0.687821 0.823932 0.026923 0.037607
2 0.092308 0.563248 0.023077 0.039316
2 0.636538 0.308547 0.019231 0.035897
2 0.419872 0.492308 0.024359 0.027350
2 0.414103 0.315385 0.023077 0.032479
2 0.857051 0.176068 0.021795 0.030769
2 0.664744 0.246154 0.024359 0.027350
2 0.647436 0.759829 0.020513 0.035897
2 0.175641 0.936752 0.020513 0.027350
2 0.736538 0.852137 0.016667 0.032479
2 0.601282 0.870085 0.017949 0.027350
2 0.939103 0.911111 0.016667 0.027350
2 0.551923 0.204274 0.014103 0.029060
2 0.644872 0.890598 0.015385 0.027350
2 0.916667 0.370085 0.015385 0.022222
2 0.976282 0.561538 0.014103 0.022222
2 0.928846 0.070085 0.014103 0.020513
