2 0.333333 0.489744 0.033333 0.087179
2 0.491026 0.426496 0.041026 0.076923
2 0.709615 0.331624 0.044872 0.037607
2 0.369231 0.581197 0.025641 0.061538
2 0.162821 0.357265 0.028205 0.044444
2 0.364103 0.714530 0.030769 0.030769
2 0.506410 0.600000 0.033333 0.044444
2 0.248077 0.570085 0.016667 0.039316
2 0.252564 0.985470 0.015385 0.029060
2 0.354487 0.874359 0.016667 0.022222
2 0.764103 0.411966 0.017949 0.020513
2 0.801923 0.092308 0.011538 0.027350
2 0.169872 0.975214 0.011538 0.032479
2 0.221154 0.394017 0.014103 0.022222
2 0.204487 0.567521 0.014103 0.020513
2 0.473077 0.335897 0.017949 0.015385
2 0.330128 0.858974 0.014103 0.025641
2 0.191026 0.245299 0.012821 0.022222
