2 0.178205 0.570085 0.189744 0.203419
2 0.607692 0.622222 0.194872 0.229060
2 0.864103 0.747009 0.117949 0.181197
2 0.846795 0.353846 0.103846 0.229060
2 0.337179 0.422222 0.102564 0.119658
2 0.867949 0.557265 0.094872 0.109402
2 0.965385 0.652137 0.069231 0.135043
2 0.516667 0.363248 0.056410 0.100855
2 0.498077 0.142735 0.047436 0.097436
2 0.622436 0.213675 0.042308 0.088889
2 0.100641 0.479487 0.026923 0.063248
2 0.016667 0.822222 0.033333 0.071795
2 0.199359 0.025641 0.057692 0.051282
2 0.705769 0.358974 0.029487 0.051282
2 0.713462 0.282906 0.044872 0.049573
2 0.928205 0.942735 0.046154 0.059829
2 0.789103 0.180342 0.021795 0.066667
2 0.863462 0.332479 0.032051 0.039316
2 0.125641 0.252137 0.030769 0.035897
2 0.212179 0.302564 0.024359 0.041026
2 0.669231 0.192308 0.033333 0.025641
2 0.539744 0.791453 0.028205 0.027350
2 0.012821 0.013675 0.025641 0.027350
2 0.320513 0.965812 0.025641 0.030769
