2 0.437179 0.385470 0.030769 0.083761
2 0.719872 0.393162 0.050000 0.051282
2 0.525000 0.386325 0.024359 0.047863
2 0.404487 0.262393 0.021795 0.042735
2 0.371795 0.624786 0.020513 0.029060
2 0.738462 0.469231 0.023077 0.042735
2 0.155769 0.160684 0.021795 0.023932
2 0.804487 0.053846 0.021795 0.025641
2 0.619872 0.566667 0.016667 0.032479
2 0.479487 0.470085 0.017949 0.027350
2 0.216026 0.529915 0.016667 0.030769
2 0.401923 0.328205 0.021795 0.027350
2 0.600641 0.096581 0.014103 0.032479
2 0.344231 0.255556 0.014103 0.032479
2 0.760256 0.010256 0.017949 0.020513
2 0.027564 0.241026 0.011538 0.027350
2 0.111538 0.083761 0.015385 0.020513
2 0.828846 0.026496 0.011538 0.029060
