2 0.443590 0.483761 0.082051 0.078632
2 0.141026 0.769231 0.035897 0.044444
2 0.489103 0.329915 0.026923 0.047863
2 0.618590 0.426496 0.021795 0.032479
2 0.432692 0.811111 0.034615 0.022222
2 0.525641 0.558120 0.023077 0.035897
2 0.630128 0.350427 0.019231 0.030769
2 0.468590 0.272650 0.024359 0.025641
2 0.408974 0.719658 0.020513 0.023932
2 0.683974 0.586325 0.014103 0.030769
2 0.376282 0.962393 0.021795 0.023932
2 0.336538 0.246154 0.014103 0.034188
2 0.864103 0.131624 0.023077 0.020513
2 0.159615 0.539316 0.019231 0.022222
2 0.432692 0.383761 0.014103 0.025641
2 0.665385 0.353846 0.015385 0.020513
2 0.205769 0.302564 0.014103 0.023932
2 0.118590 0.922222 0.014103 0.022222
2 0.259615 0.710256 0.014103 0.022222
