2 0.798077 0.512821 0.347436 0.495726
2 0.184615 0.145299 0.187179 0.208547
2 0.275000 0.404274 0.108974 0.162393
2 0.300000 0.735897 0.105128 0.200000
2 0.567949 0.173504 0.130769 0.111111
2 0.836538 0.838462 0.073077 0.107692
2 0.158333 0.752991 0.065385 0.097436
2 0.593590 0.026496 0.105128 0.052991
2 0.117308 0.520513 0.057692 0.083761
2 0.967308 0.066667 0.052564 0.054701
2 0.900000 0.168376 0.041026 0.087179
2 0.810256 0.194017 0.056410 0.046154
2 0.851282 0.460684 0.048718 0.056410
2 0.184615 0.228205 0.046154 0.039316
2 0.486538 0.245299 0.055128 0.049573
