2 0.653205 0.588034 0.057692 0.051282
2 0.955769 0.388889 0.024359 0.056410
2 0.587179 0.590598 0.028205 0.049573
2 0.927564 0.613675 0.024359 0.071795
2 0.441026 0.406838 0.033333 0.044444
2 0.750641 0.257265 0.021795 0.039316
2 0.640385 0.215385 0.034615 0.030769
2 0.714103 0.681197 0.023077 0.029060
2 0.775641 0.477778 0.023077 0.032479
2 0.385256 0.925641 0.019231 0.032479
2 0.187821 0.396581 0.014103 0.041026
2 0.398077 0.600855 0.016667 0.025641
2 0.726923 0.402564 0.015385 0.025641
2 0.259615 0.480342 0.021795 0.020513
2 0.354487 0.339316 0.014103 0.029060
2 0.322436 0.609402 0.014103 0.029060
2 0.688462 0.702564 0.020513 0.017094
2 0.929487 0.482051 0.012821 0.027350
2 0.176923 0.185470 0.012821 0.025641
2 0.464744 0.476068 0.014103 0.029060
2 0.476282 0.360684 0.014103 0.023932
2 0.722436 0.154701 0.014103 0.025641
2 0.192308 0.654701 0.015385 0.020513
2 0.320513 0.310256 0.015385 0.018803
2 0.411538 0.864103 0.017949 0.029060
2 0.994872 0.328205 0.010256 0.027350
