2 0.419872 0.296581 0.055128 0.059829
2 0.486538 0.408547 0.042308 0.075214
2 0.483974 0.331624 0.039744 0.047863
2 0.675641 0.694017 0.033333 0.058120
2 0.512821 0.476068 0.033333 0.039316
2 0.531410 0.681197 0.024359 0.039316
2 0.429487 0.397436 0.025641 0.035897
2 0.310897 0.962393 0.021795 0.037607
2 0.353846 0.673504 0.017949 0.034188
2 0.249359 0.702564 0.016667 0.030769
2 0.564744 0.145299 0.016667 0.034188
2 0.174359 0.901709 0.017949 0.035897
2 0.280769 0.747009 0.017949 0.027350
2 0.599359 0.471795 0.026923 0.017094
2 0.958974 0.011111 0.015385 0.022222
2 0.198718 0.704274 0.012821 0.027350
