2 0.191026 0.248718 0.151282 0.220513
2 0.553205 0.787179 0.162821 0.223932
2 0.764103 0.289744 0.156410 0.169231
2 0.461538 0.507692 0.125641 0.140171
2 0.904487 0.203419 0.119231 0.136752
2 0.839744 0.095726 0.123077 0.191453
2 0.972436 0.540171 0.055128 0.143590
2 0.956410 0.706838 0.087179 0.104274
2 0.406410 0.247863 0.071795 0.068376
2 0.663462 0.077778 0.057692 0.076923
2 0.876282 0.756410 0.055128 0.066667
2 0.663462 0.364103 0.050000 0.095726
2 0.634615 0.272650 0.046154 0.042735
2 0.676282 0.535043 0.037179 0.041026
2 0.135256 0.030769 0.037179 0.037607
2 0.880769 0.574359 0.033333 0.047863
2 0.484615 0.183761 0.028205 0.046154
2 0.725000 0.041880 0.032051 0.029060
2 0.548718 0.743590 0.017949 0.037607
2 0.557692 0.346154 0.028205 0.029060
2 0.715385 0.982051 0.017949 0.035897
2 0.973077 0.015385 0.020513 0.030769
2 0.990385 0.442735 0.019231 0.027350
