2 0.659615 0.339316 0.044872 0.052991
2 0.604487 0.739316 0.042308 0.073504
2 0.136538 0.830769 0.016667 0.085470
2 0.110256 0.629060 0.025641 0.068376
2 0.591667 0.325641 0.032051 0.052991
2 0.178205 0.484615 0.030769 0.052991
2 0.451282 0.282906 0.030769 0.035897
2 0.283333 0.670085 0.033333 0.030769
2 0.707051 0.377778 0.026923 0.037607
2 0.355128 0.662393 0.015385 0.052991
2 0.320513 0.268376 0.020513 0.037607
2 0.168590 0.365812 0.024359 0.051282
2 0.426923 0.821368 0.017949 0.039316
2 0.633974 0.519658 0.016667 0.041026
2 0.850000 0.454701 0.015385 0.030769
2 0.548077 0.513675 0.016667 0.029060
2 0.014103 0.745299 0.017949 0.023932
2 0.214744 0.483761 0.019231 0.023932
2 0.880128 0.612821 0.014103 0.029060
2 0.597436 0.530769 0.020513 0.025641
2 0.388462 0.568376 0.015385 0.022222
2 0.778846 0.584615 0.014103 0.023932
2 0.194231 0.812821 0.014103 0.025641
2 0.594872 0.111966 0.010256 0.032479
2 0.542308 0.676923 0.015385 0.020513
2 0.299359 0.466667 0.024359 0.023932
2 0.914744 0.138462 0.014103 0.020513
2 0.100000 0.276923 0.012821 0.037607
2 0.765385 0.693162 0.017949 0.018803
