2 0.406410 0.836752 0.102564 0.128205
2 0.646154 0.919658 0.056410 0.109402
2 0.037179 0.925641 0.053846 0.052991
2 0.160256 0.785470 0.035897 0.056410
2 0.343590 0.743590 0.041026 0.037607
2 0.573718 0.712821 0.026923 0.044444
2 0.595513 0.818803 0.024359 0.037607
2 0.626282 0.764957 0.034615 0.025641
2 0.910256 0.587179 0.035897 0.035897
2 0.153846 0.398291 0.035897 0.027350
2 0.800000 0.739316 0.020513 0.029060
2 0.268590 0.600855 0.016667 0.039316
2 0.062179 0.989744 0.019231 0.020513
2 0.532051 0.930769 0.015385 0.022222
2 0.925641 0.383761 0.017949 0.018803
