2 0.933333 0.884615 0.133333 0.230769
2 0.636538 0.719658 0.078205 0.102564
2 0.432051 0.455556 0.094872 0.107692
2 0.840385 0.957265 0.083333 0.085470
2 0.630128 0.841026 0.037179 0.116239
2 0.404487 0.664957 0.034615 0.071795
2 0.180769 0.544444 0.038462 0.049573
2 0.919231 0.745299 0.043590 0.044444
2 0.804487 0.812821 0.021795 0.070085
2 0.525000 0.577778 0.026923 0.061538
2 0.733974 0.620513 0.039744 0.071795
2 0.817949 0.710256 0.035897 0.052991
2 0.574359 0.727350 0.023077 0.059829
2 0.465385 0.675214 0.025641 0.041026
2 0.276923 0.560684 0.028205 0.034188
2 0.943590 0.575214 0.023077 0.039316
2 0.986538 0.562393 0.026923 0.034188
2 0.523077 0.845299 0.025641 0.039316
2 0.545513 0.757265 0.019231 0.051282
2 0.734615 0.877778 0.025641 0.032479
2 0.903205 0.170085 0.021795 0.035897
2 0.742308 0.825641 0.017949 0.041026
2 0.869872 0.677778 0.032051 0.022222
2 0.455128 0.230769 0.020513 0.034188
2 0.494872 0.727350 0.023077 0.035897
2 0.799359 0.152991 0.016667 0.039316
2 0.008333 0.838462 0.016667 0.035897
2 0.625000 0.240171 0.019231 0.032479
2 0.396154 0.983761 0.020513 0.032479
2 0.382692 0.782051 0.024359 0.042735
2 0.721795 0.774359 0.017949 0.027350
2 0.757051 0.710256 0.014103 0.032479
2 0.082051 0.785470 0.017949 0.029060
2 0.379487 0.582051 0.015385 0.025641
2 0.544872 0.876068 0.012821 0.025641
2 0.505128 0.306838 0.015385 0.018803
