2 0.114103 0.657265 0.105128 0.241026
2 0.398077 0.472650 0.124359 0.124786
2 0.107692 0.405128 0.061538 0.136752
2 0.478205 0.591453 0.087179 0.085470
2 0.029487 0.576068 0.058974 0.085470
2 0.417308 0.711966 0.060256 0.080342
2 0.610897 0.767521 0.044872 0.109402
2 0.632051 0.628205 0.064103 0.117949
2 0.515385 0.831624 0.066667 0.070085
2 0.237179 0.738462 0.048718 0.068376
2 0.249359 0.529915 0.057692 0.054701
2 0.635256 0.154701 0.055128 0.080342
2 0.283333 0.963248 0.033333 0.073504
2 0.206410 0.605128 0.066667 0.071795
2 0.446154 0.332479 0.041026 0.073504
2 0.626923 0.522222 0.041026 0.056410
2 0.314103 0.552137 0.025641 0.061538
2 0.479487 0.050427 0.035897 0.059829
2 0.301923 0.468376 0.029487 0.047863
2 0.189744 0.389744 0.025641 0.051282
2 0.079487 0.476923 0.030769 0.041026
2 0.112821 0.282906 0.033333 0.049573
2 0.514744 0.243590 0.029487 0.049573
2 0.439103 0.932479 0.024359 0.052991
2 0.334615 0.194872 0.030769 0.034188
2 0.566667 0.792308 0.035897 0.032479
2 0.113462 0.945299 0.024359 0.041026
2 0.271154 0.413675 0.019231 0.044444
2 0.564103 0.556410 0.041026 0.025641
2 0.658974 0.732479 0.020513 0.035897
2 0.946795 0.222222 0.039744 0.030769
2 0.248718 0.937607 0.035897 0.029060
2 0.944231 0.724786 0.029487 0.027350
2 0.580769 0.713675 0.023077 0.029060
2 0.302564 0.395726 0.017949 0.035897
2 0.698077 0.834188 0.032051 0.034188
2 0.035897 0.654701 0.025641 0.027350
2 0.631410 0.973504 0.019231 0.032479
2 0.021795 0.047863 0.020513 0.044444
2 0.367308 0.795726 0.021795 0.029060
2 0.867308 0.358974 0.019231 0.030769
2 0.489103 0.423932 0.019231 0.030769
2 0.867308 0.802564 0.016667 0.042735
2 0.694231 0.331624 0.019231 0.030769
2 0.594231 0.094872 0.021795 0.029060
2 0.813462 0.751282 0.016667 0.032479
2 0.871795 0.867521 0.023077 0.025641
2 0.768590 0.835897 0.021795 0.027350
2 0.105769 0.134188 0.024359 0.029060
2 0.561538 0.517949 0.025641 0.030769
2 0.426282 0.055556 0.029487 0.022222
2 0.012821 0.382906 0.025641 0.027350
2 0.894231 0.518803 0.016667 0.042735
2 0.189744 0.056410 0.015385 0.034188
2 0.189744 0.278632 0.015385 0.027350
2 0.655128 0.428205 0.020513 0.022222
2 0.838462 0.670085 0.017949 0.023932
2 0.728205 0.558974 0.017949 0.027350
2 0.683974 0.546154 0.021795 0.022222
2 0.779487 0.783761 0.015385 0.025641
2 0.678846 0.258120 0.016667 0.023932
2 0.175000 0.827350 0.016667 0.020513
2 0.733333 0.734188 0.015385 0.022222
2 0.637821 0.840171 0.016667 0.018803
2 0.200000 0.844444 0.017949 0.017094
2 0.973718 0.647863 0.011538 0.023932
2 0.857051 0.739316 0.014103 0.018803
