2 0.625000 0.743590 0.037179 0.054701
2 0.306410 0.672650 0.030769 0.049573
2 0.344231 0.152137 0.029487 0.058120
2 0.186538 0.594017 0.032051 0.039316
2 0.012821 0.032479 0.025641 0.051282
2 0.348718 0.275214 0.023077 0.044444
2 0.013462 0.176068 0.026923 0.037607
2 0.557692 0.957265 0.030769 0.034188
2 0.205128 0.343590 0.025641 0.037607
2 0.538462 0.569231 0.020513 0.051282
2 0.287821 0.512821 0.026923 0.030769
2 0.700000 0.699145 0.025641 0.041026
2 0.051282 0.440171 0.028205 0.029060
2 0.395513 0.391453 0.024359 0.037607
2 0.580769 0.522222 0.025641 0.035897
2 0.209615 0.776068 0.024359 0.034188
2 0.505769 0.494017 0.024359 0.023932
2 0.462179 0.099145 0.019231 0.027350
2 0.661538 0.904274 0.017949 0.034188
2 0.525000 0.282051 0.021795 0.023932
2 0.737179 0.620513 0.015385 0.027350
2 0.031410 0.767521 0.019231 0.027350
2 0.696795 0.632479 0.016667 0.023932
2 0.516026 0.876923 0.016667 0.020513
2 0.358333 0.026496 0.016667 0.022222
2 0.981410 0.536752 0.016667 0.020513
2 0.969231 0.260684 0.012821 0.025641
2 0.119231 0.343590 0.015385 0.020513
2 0.355769 0.075214 0.014103 0.020513
2 0.081410 0.987179 0.011538 0.025641
2 0.162179 0.311966 0.016667 0.022222
