2 0.762179 0.262393 0.196154 0.158974
2 0.910897 0.370940 0.144872 0.092308
2 0.949359 0.082906 0.101282 0.083761
2 0.623718 0.423077 0.119231 0.087179
2 0.708974 0.675214 0.051282 0.109402
2 0.218590 0.186325 0.050000 0.126496
2 0.660897 0.558120 0.060256 0.073504
2 0.817949 0.072650 0.053846 0.083761
2 0.332051 0.511111 0.074359 0.082051
2 0.256410 0.530769 0.069231 0.087179
2 0.750000 0.839316 0.043590 0.082051
2 0.530128 0.164957 0.039744 0.052991
2 0.737821 0.031624 0.042308 0.063248
2 0.462179 0.057265 0.044872 0.052991
2 0.609615 0.680342 0.042308 0.054701
2 0.436538 0.361538 0.037179 0.052991
2 0.571154 0.248718 0.057692 0.046154
2 0.434615 0.426496 0.074359 0.042735
2 0.462179 0.183761 0.039744 0.070085
2 0.902564 0.022222 0.038462 0.044444
2 0.933974 0.628205 0.037179 0.035897
2 0.784615 0.395726 0.028205 0.046154
2 0.984615 0.830769 0.030769 0.051282
2 0.487821 0.358974 0.026923 0.047863
2 0.354487 0.636752 0.026923 0.046154
2 0.131410 0.481197 0.037179 0.035897
2 0.592949 0.583761 0.039744 0.035897
2 0.011538 0.588889 0.023077 0.049573
2 0.593590 0.185470 0.043590 0.029060
2 0.520513 0.648718 0.025641 0.039316
2 0.104487 0.430769 0.026923 0.041026
2 0.643590 0.243590 0.033333 0.032479
2 0.716667 0.559829 0.025641 0.032479
2 0.560256 0.298291 0.028205 0.029060
2 0.025641 0.089744 0.025641 0.035897
2 0.417308 0.624786 0.024359 0.029060
2 0.344231 0.301709 0.026923 0.029060
2 0.564103 0.364957 0.023077 0.032479
2 0.625641 0.011111 0.033333 0.022222
2 0.714744 0.428205 0.021795 0.029060
2 0.762179 0.674359 0.024359 0.029060
2 0.484615 0.258974 0.020513 0.032479
2 0.233333 0.012821 0.025641 0.025641
2 0.279487 0.134188 0.023077 0.025641
2 0.671154 0.159829 0.019231 0.035897
2 0.872436 0.140171 0.021795 0.027350
2 0.419231 0.160684 0.020513 0.034188
2 0.160897 0.311111 0.019231 0.030769
2 0.523718 0.593162 0.024359 0.023932
2 0.390385 0.908547 0.019231 0.029060
2 0.271154 0.876923 0.016667 0.041026
2 0.319872 0.780342 0.016667 0.029060
2 0.555769 0.500855 0.016667 0.027350
2 0.194872 0.035043 0.020513 0.032479
2 0.070513 0.518803 0.015385 0.029060
2 0.008333 0.641026 0.016667 0.023932
2 0.273077 0.222222 0.015385 0.027350
2 0.197436 0.531624 0.015385 0.023932
2 0.590385 0.375214 0.016667 0.022222
