2 0.628846 0.551282 0.075641 0.083761
2 0.606410 0.653846 0.033333 0.039316
2 0.438462 0.876923 0.025641 0.047863
2 0.509615 0.656410 0.029487 0.034188
2 0.080769 0.373504 0.035897 0.035897
2 0.330128 0.669231 0.019231 0.046154
2 0.160897 0.725641 0.039744 0.046154
2 0.511538 0.722222 0.028205 0.029060
2 0.038462 0.025641 0.023077 0.037607
2 0.644872 0.110256 0.015385 0.039316
2 0.407051 0.643590 0.016667 0.029060
2 0.056410 0.148718 0.015385 0.047863
2 0.540385 0.537607 0.016667 0.025641
2 0.237179 0.394017 0.017949 0.029060
2 0.174359 0.681197 0.020513 0.022222
2 0.164744 0.553846 0.016667 0.023932
2 0.767308 0.721368 0.016667 0.027350
2 0.205769 0.547009 0.016667 0.020513
2 0.570513 0.763248 0.015385 0.022222
