2 0.569231 0.689744 0.071795 0.145299
2 0.447436 0.863248 0.076923 0.140171
2 0.693590 0.801709 0.056410 0.075214
2 0.497436 0.448718 0.035897 0.073504
2 0.223077 0.334188 0.058974 0.052991
2 0.692949 0.123932 0.060256 0.056410
2 0.737179 0.229060 0.056410 0.058120
2 0.296154 0.189744 0.038462 0.071795
2 0.278846 0.349573 0.032051 0.052991
2 0.375000 0.690598 0.026923 0.092308
2 0.814103 0.259829 0.046154 0.044444
2 0.587179 0.863248 0.038462 0.061538
2 0.848718 0.589744 0.023077 0.064957
2 0.676923 0.676923 0.035897 0.047863
2 0.567949 0.395726 0.028205 0.046154
2 0.977564 0.170085 0.021795 0.042735
2 0.916026 0.378632 0.029487 0.035897
2 0.268590 0.103419 0.024359 0.039316
2 0.226923 0.160684 0.030769 0.034188
2 0.667308 0.760684 0.024359 0.037607
2 0.546154 0.456410 0.025641 0.034188
2 0.925000 0.805128 0.024359 0.034188
2 0.725000 0.741880 0.024359 0.034188
2 0.587821 0.983761 0.026923 0.032479
2 0.509615 0.542735 0.019231 0.039316
2 0.258974 0.479487 0.028205 0.029060
2 0.060256 0.109402 0.033333 0.044444
2 0.646795 0.546154 0.032051 0.025641
2 0.043590 0.643590 0.020513 0.039316
2 0.639103 0.836752 0.024359 0.029060
2 0.354487 0.867521 0.016667 0.032479
2 0.141667 0.935043 0.019231 0.027350
2 0.266667 0.676068 0.023077 0.032479
2 0.457692 0.742735 0.020513 0.022222
2 0.340385 0.415385 0.019231 0.023932
2 0.648718 0.017949 0.020513 0.022222
2 0.966026 0.834188 0.019231 0.023932
2 0.351282 0.562393 0.017949 0.023932
2 0.225641 0.417094 0.020513 0.020513
2 0.386538 0.593162 0.014103 0.027350
2 0.198718 0.370085 0.020513 0.018803
2 0.151282 0.990598 0.020513 0.018803
2 0.913462 0.247009 0.016667 0.025641
2 0.869872 0.650427 0.016667 0.022222
2 0.598077 0.505983 0.014103 0.027350
2 0.932692 0.188034 0.019231 0.017094
2 0.222436 0.454701 0.014103 0.023932
2 0.820513 0.316239 0.015385 0.020513
2 0.635897 0.078632 0.015385 0.020513
2 0.369872 0.248718 0.014103 0.022222
2 0.949359 0.686325 0.016667 0.018803
2 0.381410 0.545299 0.011538 0.023932
2 0.193590 0.894872 0.015385 0.018803
