2 0.770513 0.814530 0.058974 0.097436
2 0.364103 0.641026 0.046154 0.102564
2 0.334615 0.741026 0.071795 0.070085
2 0.311538 0.253846 0.051282 0.042735
2 0.235256 0.300855 0.037179 0.058120
2 0.239103 0.905128 0.047436 0.039316
2 0.453205 0.829915 0.026923 0.059829
2 0.539103 0.816239 0.029487 0.035897
2 0.437179 0.611966 0.028205 0.034188
2 0.530128 0.393162 0.024359 0.034188
2 0.167949 0.801709 0.020513 0.041026
2 0.556410 0.142735 0.025641 0.035897
2 0.150641 0.135043 0.024359 0.037607
2 0.049359 0.939316 0.024359 0.035897
2 0.689103 0.482051 0.032051 0.044444
2 0.748718 0.906838 0.038462 0.042735
2 0.704487 0.648718 0.021795 0.039316
2 0.193590 0.164103 0.020513 0.044444
2 0.841667 0.747863 0.026923 0.035897
2 0.021795 0.980342 0.017949 0.039316
2 0.135897 0.536752 0.025641 0.030769
2 0.609615 0.148718 0.019231 0.034188
2 0.414744 0.864103 0.021795 0.032479
2 0.493590 0.901709 0.015385 0.042735
2 0.201282 0.634188 0.030769 0.030769
2 0.462821 0.504274 0.020513 0.030769
2 0.332051 0.800855 0.023077 0.029060
2 0.757051 0.495726 0.021795 0.027350
2 0.375641 0.356410 0.023077 0.029060
2 0.714103 0.171795 0.015385 0.032479
2 0.198718 0.694872 0.015385 0.032479
2 0.297436 0.093162 0.015385 0.035897
2 0.665385 0.545299 0.017949 0.030769
2 0.361538 0.909402 0.017949 0.027350
2 0.010897 0.843590 0.021795 0.025641
2 0.535256 0.882051 0.016667 0.030769
2 0.078846 0.376068 0.019231 0.027350
2 0.714744 0.501709 0.016667 0.025641
2 0.176923 0.753846 0.020513 0.023932
2 0.555128 0.857265 0.020513 0.029060
2 0.627564 0.819658 0.016667 0.025641
2 0.186538 0.561538 0.016667 0.025641
2 0.907051 0.561538 0.014103 0.029060
2 0.914744 0.049573 0.014103 0.027350
2 0.600000 0.058974 0.012821 0.032479
2 0.752564 0.665812 0.017949 0.025641
2 0.504487 0.095726 0.016667 0.023932
2 0.035897 0.879487 0.017949 0.018803
2 0.078205 0.449573 0.012821 0.023932
2 0.684615 0.259829 0.015385 0.020513
2 0.423077 0.541026 0.015385 0.022222
2 0.784615 0.314530 0.015385 0.023932
2 0.262821 0.100000 0.012821 0.022222
