2 0.786538 0.500000 0.044872 0.073504
2 0.316026 0.400855 0.052564 0.073504
2 0.410897 0.618803 0.034615 0.051282
2 0.631410 0.601709 0.024359 0.054701
2 0.060897 0.588034 0.021795 0.041026
2 0.866667 0.411966 0.023077 0.041026
2 0.452564 0.799145 0.028205 0.035897
2 0.032051 0.713675 0.028205 0.029060
2 0.212821 0.743590 0.020513 0.041026
2 0.469231 0.454701 0.035897 0.027350
2 0.180128 0.691453 0.019231 0.042735
2 0.013462 0.800000 0.026923 0.023932
2 0.869231 0.464957 0.020513 0.037607
2 0.736538 0.334188 0.019231 0.029060
2 0.228205 0.550427 0.017949 0.037607
2 0.751923 0.891453 0.016667 0.032479
2 0.472436 0.603419 0.016667 0.027350
2 0.039103 0.374359 0.024359 0.044444
2 0.767308 0.341026 0.016667 0.029060
2 0.958974 0.295726 0.015385 0.027350
2 0.790385 0.584615 0.011538 0.037607
2 0.655769 0.643590 0.016667 0.025641
2 0.799359 0.686325 0.014103 0.029060
2 0.082051 0.503419 0.012821 0.025641
2 0.013462 0.963248 0.014103 0.022222
2 0.729487 0.540171 0.015385 0.020513
2 0.497436 0.859829 0.012821 0.027350
2 0.228205 0.633333 0.020513 0.015385
2 0.101282 0.233333 0.015385 0.022222
