2 0.678846 0.671795 0.070513 0.102564
2 0.762821 0.514530 0.043590 0.092308
2 0.394872 0.428205 0.030769 0.094017
2 0.775641 0.624786 0.046154 0.056410
2 0.313462 0.381197 0.039744 0.071795
2 0.484615 0.420513 0.041026 0.047863
2 0.418590 0.360684 0.044872 0.071795
2 0.812821 0.515385 0.043590 0.046154
2 0.353846 0.249573 0.028205 0.051282
2 0.785897 0.713675 0.038462 0.049573
2 0.116667 0.709402 0.025641 0.061538
2 0.765385 0.188034 0.030769 0.058120
2 0.465385 0.663248 0.035897 0.054701
2 0.444872 0.485470 0.033333 0.041026
2 0.296795 0.317949 0.034615 0.047863
2 0.860897 0.497436 0.034615 0.047863
2 0.734615 0.429060 0.038462 0.037607
2 0.305769 0.803419 0.034615 0.068376
2 0.185256 0.093162 0.024359 0.039316
2 0.366667 0.346154 0.025641 0.032479
2 0.073077 0.451282 0.025641 0.027350
2 0.626923 0.762393 0.041026 0.030769
2 0.713462 0.489744 0.019231 0.035897
2 0.725641 0.639316 0.025641 0.027350
2 0.564744 0.757265 0.024359 0.023932
2 0.131410 0.607692 0.026923 0.025641
2 0.542949 0.822222 0.019231 0.030769
2 0.576282 0.670940 0.019231 0.032479
2 0.510256 0.864957 0.017949 0.030769
2 0.610897 0.307692 0.019231 0.030769
2 0.500000 0.780342 0.015385 0.029060
2 0.212821 0.057265 0.017949 0.032479
2 0.330769 0.082051 0.012821 0.037607
2 0.452564 0.600000 0.023077 0.020513
2 0.281410 0.758974 0.016667 0.027350
2 0.621795 0.623077 0.017949 0.025641
2 0.353846 0.605983 0.017949 0.025641
2 0.464103 0.853846 0.017949 0.029060
2 0.284615 0.611966 0.015385 0.023932
2 0.018590 0.837607 0.016667 0.020513
2 0.237179 0.152137 0.012821 0.023932
2 0.437179 0.433333 0.020513 0.015385
2 0.283974 0.437607 0.016667 0.017094
2 0.021795 0.184615 0.015385 0.020513
