2 0.801282 0.326496 0.028205 0.047863
2 0.243590 0.383761 0.028205 0.039316
2 0.879487 0.306838 0.028205 0.029060
2 0.624359 0.570940 0.017949 0.037607
2 0.426923 0.702564 0.017949 0.041026
2 0.303846 0.339316 0.020513 0.032479
2 0.684615 0.378632 0.015385 0.035897
2 0.676282 0.434188 0.021795 0.037607
2 0.473077 0.561538 0.020513 0.029060
2 0.943590 0.035897 0.017949 0.027350
2 0.500000 0.667521 0.015385 0.035897
2 0.383333 0.600000 0.017949 0.027350
2 0.264744 0.473504 0.026923 0.017094
2 0.877564 0.089744 0.016667 0.029060
2 0.494231 0.238462 0.016667 0.022222
2 0.396795 0.284615 0.014103 0.039316
2 0.535256 0.476923 0.019231 0.023932
2 0.446795 0.131624 0.011538 0.030769
2 0.517949 0.528205 0.015385 0.023932
2 0.518590 0.092308 0.014103 0.023932
2 0.337821 0.181197 0.019231 0.023932
2 0.621795 0.311966 0.015385 0.022222
2 0.225000 0.869231 0.021795 0.015385
