2 0.237821 0.737607 0.196154 0.158974
2 0.089103 0.629060 0.144872 0.092308
2 0.050641 0.917094 0.101282 0.083761
2 0.376282 0.576923 0.119231 0.087179
2 0.291026 0.324786 0.051282 0.109402
2 0.781410 0.813675 0.050000 0.126496
2 0.339103 0.441880 0.060256 0.073504
2 0.182051 0.927350 0.053846 0.083761
2 0.667949 0.488889 0.074359 0.082051
2 0.743590 0.469231 0.069231 0.087179
2 0.250000 0.160684 0.043590 0.082051
2 0.469872 0.835043 0.039744 0.052991
2 0.262179 0.968376 0.042308 0.063248
2 0.537821 0.942735 0.044872 0.052991
2 0.390385 0.319658 0.042308 0.054701
2 0.563462 0.638462 0.037179 0.052991
2 0.428846 0.751282 0.057692 0.046154
2 0.565385 0.573504 0.074359 0.042735
2 0.537821 0.816239 0.039744 0.070085
2 0.097436 0.977778 0.038462 0.044444
2 0.066026 0.371795 0.037179 0.035897
2 0.215385 0.604274 0.028205 0.046154
2 0.015385 0.169231 0.030769 0.051282
2 0.512179 0.641026 0.026923 0.047863
2 0.645513 0.363248 0.026923 0.046154
2 0.868590 0.518803 0.037179 0.035897
2 0.407051 0.416239 0.039744 0.035897
2 0.988462 0.411111 0.023077 0.049573
2 0.406410 0.814530 0.043590 0.029060
2 0.479487 0.351282 0.025641 0.039316
2 0.895513 0.569231 0.026923 0.041026
2 0.356410 0.756410 0.033333 0.032479
2 0.439744 0.701709 0.028205 0.029060
2 0.283333 0.440171 0.025641 0.032479
2 0.974359 0.910256 0.025641 0.035897
2 0.582692 0.375214 0.024359 0.029060
2 0.655769 0.698291 0.026923 0.029060
2 0.435897 0.635043 0.023077 0.032479
2 0.374359 0.988889 0.033333 0.022222
2 0.285256 0.571795 0.021795 0.029060
2 0.237821 0.325641 0.024359 0.029060
2 0.515385 0.741026 0.020513 0.032479
2 0.766667 0.987179 0.025641 0.025641
2 0.720513 0.865812 0.023077 0.025641
2 0.328846 0.840171 0.019231 0.035897
2 0.127564 0.859829 0.021795 0.027350
2 0.580769 0.839316 0.020513 0.034188
2 0.839103 0.688889 0.019231 0.030769
2 0.476282 0.406838 0.024359 0.023932
2 0.609615 0.091453 0.019231 0.029060
2 0.680128 0.218803 0.016667 0.030769
2 0.728846 0.123077 0.016667 0.041026
2 0.444231 0.499145 0.016667 0.027350
2 0.805128 0.964957 0.020513 0.032479
2 0.929487 0.481197 0.015385 0.029060
2 0.991667 0.358974 0.016667 0.023932
2 0.726923 0.777778 0.015385 0.027350
2 0.802564 0.469231 0.015385 0.025641
2 0.409615 0.624786 0.016667 0.022222
