2 0.219872 0.382051 0.029487 0.032479
2 0.179487 0.473504 0.028205 0.034188
2 0.270513 0.739316 0.030769 0.029060
2 0.422436 0.058120 0.021795 0.044444
2 0.313462 0.395726 0.029487 0.046154
2 0.836538 0.543590 0.024359 0.034188
2 0.823718 0.471795 0.026923 0.041026
2 0.080769 0.907692 0.020513 0.044444
2 0.059615 0.500000 0.024359 0.025641
2 0.532692 0.720513 0.021795 0.029060
2 0.378846 0.689744 0.032051 0.022222
2 0.200000 0.439316 0.020513 0.030769
2 0.492308 0.730769 0.017949 0.022222
2 0.415385 0.250427 0.012821 0.029060
2 0.226282 0.905983 0.016667 0.020513
2 0.158333 0.509402 0.014103 0.023932
2 0.849359 0.501709 0.014103 0.022222
2 0.210897 0.777778 0.016667 0.017094
2 0.148718 0.790598 0.012821 0.022222
