2 0.150641 0.235897 0.098718 0.105983
2 0.078846 0.351282 0.070513 0.148718
2 0.494231 0.758120 0.047436 0.162393
2 0.594872 0.575214 0.061538 0.090598
2 0.906410 0.917949 0.087179 0.102564
2 0.733333 0.229915 0.038462 0.090598
2 0.324359 0.560684 0.056410 0.088889
2 0.214103 0.757265 0.058974 0.078632
2 0.453205 0.692308 0.047436 0.064957
2 0.362821 0.148718 0.053846 0.051282
2 0.845513 0.423932 0.029487 0.082051
2 0.255128 0.102564 0.030769 0.061538
2 0.778205 0.600000 0.038462 0.044444
2 0.918590 0.354701 0.039744 0.056410
2 0.656410 0.508547 0.020513 0.052991
2 0.012821 0.481197 0.025641 0.049573
2 0.783974 0.847863 0.021795 0.054701
2 0.791026 0.528205 0.028205 0.047863
2 0.412179 0.125641 0.026923 0.035897
2 0.491667 0.376923 0.026923 0.032479
2 0.316667 0.477778 0.025641 0.035897
2 0.623718 0.758120 0.026923 0.032479
2 0.986538 0.656410 0.026923 0.030769
2 0.625641 0.687179 0.020513 0.034188
2 0.567308 0.659829 0.021795 0.030769
2 0.474359 0.453846 0.030769 0.022222
2 0.835256 0.809402 0.019231 0.032479
2 0.092308 0.183761 0.017949 0.032479
2 0.907051 0.766667 0.026923 0.025641
2 0.623718 0.897436 0.019231 0.030769
2 0.123077 0.156410 0.017949 0.046154
2 0.449359 0.411966 0.016667 0.027350
2 0.267949 0.653846 0.017949 0.029060
2 0.778846 0.904274 0.014103 0.027350
2 0.772436 0.990598 0.016667 0.018803
