2 0.210256 0.818803 0.041026 0.085470
2 0.855128 0.477778 0.023077 0.046154
2 0.035256 0.710256 0.026923 0.039316
2 0.581410 0.152137 0.024359 0.044444
2 0.564744 0.688889 0.026923 0.027350
2 0.674359 0.272650 0.025641 0.029060
2 0.350641 0.715385 0.021795 0.029060
2 0.675000 0.447009 0.014103 0.049573
2 0.634615 0.305128 0.015385 0.035897
2 0.789103 0.135897 0.021795 0.032479
2 0.055128 0.551282 0.017949 0.029060
2 0.269231 0.492308 0.017949 0.023932
2 0.322436 0.583761 0.016667 0.025641
2 0.250641 0.642735 0.019231 0.034188
2 0.816026 0.565812 0.019231 0.020513
2 0.501282 0.717094 0.015385 0.025641
2 0.373077 0.647863 0.015385 0.020513
2 0.757692 0.335897 0.012821 0.025641
2 0.641667 0.238462 0.016667 0.018803
