2 0.339103 0.266667 0.085897 0.157265
2 0.394231 0.641880 0.116667 0.141880
2 0.200000 0.057265 0.069231 0.114530
2 0.196154 0.160684 0.058974 0.071795
2 0.578846 0.831624 0.044872 0.066667
2 0.417949 0.034188 0.041026 0.068376
2 0.844231 0.610256 0.037179 0.041026
2 0.395513 0.347863 0.024359 0.049573
2 0.506410 0.676923 0.020513 0.044444
2 0.963462 0.114530 0.021795 0.051282
2 0.255769 0.094872 0.021795 0.049573
2 0.807692 0.274359 0.033333 0.039316
2 0.286538 0.517094 0.026923 0.035897
2 0.189103 0.494872 0.024359 0.035897
2 0.560256 0.537607 0.041026 0.025641
2 0.040385 0.667521 0.032051 0.035897
2 0.212179 0.454701 0.026923 0.034188
2 0.586538 0.627350 0.024359 0.034188
2 0.460256 0.564957 0.025641 0.035897
2 0.875641 0.743590 0.023077 0.034188
2 0.253205 0.150427 0.021795 0.037607
2 0.865385 0.034188 0.033333 0.037607
2 0.719872 0.826496 0.044872 0.039316
2 0.301923 0.561538 0.024359 0.025641
2 0.692949 0.292308 0.019231 0.037607
2 0.842308 0.495726 0.017949 0.034188
2 0.358974 0.726496 0.023077 0.023932
2 0.785256 0.481197 0.021795 0.032479
2 0.026282 0.020513 0.019231 0.027350
2 0.933974 0.511966 0.016667 0.035897
2 0.183974 0.432479 0.016667 0.030769
2 0.123718 0.864957 0.024359 0.020513
2 0.656410 0.158120 0.015385 0.032479
2 0.333333 0.235897 0.017949 0.027350
2 0.066026 0.012821 0.019231 0.025641
2 0.991667 0.911966 0.016667 0.025641
2 0.262179 0.192308 0.021795 0.022222
2 0.401923 0.987179 0.016667 0.025641
2 0.312821 0.152137 0.017949 0.023932
2 0.185897 0.646154 0.015385 0.027350
2 0.900641 0.609402 0.019231 0.022222
2 0.666667 0.926496 0.017949 0.020513
2 0.761538 0.445299 0.017949 0.018803
2 0.458974 0.104274 0.012821 0.020513
