2 0.519231 0.428205 0.074359 0.097436
2 0.475000 0.205983 0.037179 0.124786
2 0.569872 0.159829 0.052564 0.094017
2 0.508333 0.325641 0.026923 0.066667
2 0.584615 0.561538 0.020513 0.059829
2 0.425641 0.038462 0.041026 0.039316
2 0.821795 0.298291 0.020513 0.049573
2 0.902564 0.394872 0.020513 0.034188
2 0.978846 0.483761 0.021795 0.027350
2 0.910256 0.876923 0.020513 0.030769
2 0.850641 0.517949 0.019231 0.027350
2 0.671154 0.282051 0.019231 0.030769
2 0.955769 0.833333 0.016667 0.032479
2 0.954487 0.217094 0.021795 0.027350
2 0.930128 0.812821 0.014103 0.029060
2 0.857692 0.647863 0.015385 0.023932
2 0.302564 0.345299 0.015385 0.027350
2 0.612821 0.752137 0.017949 0.027350
2 0.449359 0.291453 0.016667 0.018803
2 0.556410 0.323077 0.015385 0.020513
