2 0.450000 0.524786 0.084615 0.078632
2 0.391026 0.410256 0.074359 0.044444
2 0.572436 0.400855 0.060256 0.049573
2 0.761538 0.262393 0.043590 0.042735
2 0.908974 0.020513 0.030769 0.041026
2 0.025641 0.636752 0.028205 0.046154
2 0.978846 0.175214 0.032051 0.032479
2 0.608333 0.621368 0.032051 0.035897
2 0.287179 0.839316 0.025641 0.041026
2 0.204487 0.705128 0.032051 0.032479
2 0.089744 0.760684 0.023077 0.044444
2 0.491667 0.846154 0.016667 0.041026
2 0.264744 0.465812 0.026923 0.049573
2 0.239103 0.354701 0.021795 0.032479
2 0.144872 0.391453 0.025641 0.023932
2 0.798077 0.177778 0.026923 0.023932
2 0.072436 0.560684 0.016667 0.034188
2 0.857051 0.335897 0.016667 0.029060
2 0.410897 0.720513 0.019231 0.029060
2 0.651282 0.238462 0.017949 0.029060
2 0.210256 0.874359 0.020513 0.029060
2 0.140385 0.511111 0.014103 0.041026
2 0.168590 0.276068 0.021795 0.022222
2 0.321795 0.631624 0.015385 0.029060
2 0.776282 0.383761 0.016667 0.025641
2 0.123077 0.027350 0.015385 0.023932
2 0.253846 0.878632 0.017949 0.027350
2 0.911538 0.527350 0.012821 0.029060
2 0.431410 0.348718 0.021795 0.017094
2 0.993590 0.901709 0.012821 0.029060
2 0.526282 0.939316 0.014103 0.025641
2 0.671154 0.478632 0.016667 0.020513
2 0.894872 0.462393 0.012821 0.025641
2 0.143590 0.651282 0.012821 0.023932
2 0.815385 0.752991 0.012821 0.022222
2 0.499359 0.726496 0.016667 0.017094
