2 0.883333 0.805983 0.233333 0.247863
2 0.666026 0.800000 0.134615 0.307692
2 0.831410 0.407692 0.157692 0.179487
2 0.657051 0.364957 0.075641 0.104274
2 0.608974 0.253846 0.076923 0.145299
2 0.549359 0.147009 0.057692 0.109402
2 0.477564 0.506838 0.062821 0.100855
2 0.678205 0.474359 0.053846 0.097436
2 0.443590 0.636752 0.066667 0.080342
2 0.496795 0.720513 0.047436 0.097436
2 0.978205 0.250427 0.043590 0.070085
2 0.171795 0.480342 0.046154 0.068376
2 0.967308 0.020513 0.065385 0.041026
2 0.843590 0.524786 0.071795 0.037607
2 0.965385 0.974359 0.051282 0.051282
2 0.602564 0.411111 0.038462 0.059829
2 0.944231 0.629060 0.037179 0.078632
2 0.187821 0.798291 0.055128 0.054701
2 0.328846 0.725641 0.032051 0.063248
2 0.557692 0.864103 0.058974 0.046154
2 0.858974 0.605983 0.035897 0.063248
2 0.860256 0.971795 0.046154 0.056410
2 0.171154 0.563248 0.034615 0.049573
2 0.038462 0.885470 0.025641 0.064957
2 0.089103 0.302564 0.042308 0.047863
2 0.726282 0.362393 0.032051 0.051282
2 0.102564 0.553846 0.025641 0.047863
2 0.062179 0.544444 0.037179 0.042735
2 0.730128 0.295726 0.032051 0.044444
2 0.242308 0.613675 0.038462 0.051282
2 0.796795 0.919658 0.032051 0.064957
2 0.073718 0.406838 0.024359 0.047863
2 0.194872 0.931624 0.035897 0.041026
2 0.202564 0.276068 0.028205 0.035897
2 0.157051 0.290598 0.024359 0.034188
2 0.294872 0.668376 0.028205 0.037607
2 0.953846 0.172650 0.028205 0.041026
2 0.703205 0.801709 0.029487 0.037607
2 0.626923 0.719658 0.028205 0.037607
2 0.519231 0.206838 0.028205 0.044444
2 0.910897 0.282051 0.019231 0.041026
2 0.322436 0.322222 0.024359 0.042735
2 0.244872 0.258120 0.020513 0.037607
2 0.100000 0.988889 0.033333 0.022222
2 0.696154 0.594017 0.028205 0.025641
2 0.565385 0.356410 0.017949 0.029060
