2 0.189744 0.456410 0.046154 0.075214
2 0.655128 0.569231 0.025641 0.044444
2 0.612179 0.630769 0.019231 0.047863
2 0.782051 0.439316 0.033333 0.041026
2 0.235256 0.046154 0.019231 0.037607
2 0.014103 0.013675 0.028205 0.027350
2 0.653205 0.447009 0.019231 0.039316
2 0.630128 0.474359 0.021795 0.029060
2 0.016026 0.551282 0.016667 0.035897
2 0.458974 0.304274 0.017949 0.030769
2 0.937179 0.510256 0.020513 0.025641
2 0.421795 0.148718 0.015385 0.027350
2 0.810897 0.566667 0.024359 0.022222
2 0.272436 0.511111 0.019231 0.030769
2 0.567308 0.782906 0.019231 0.027350
2 0.349359 0.394017 0.019231 0.018803
2 0.275000 0.086325 0.016667 0.025641
2 0.208974 0.235043 0.012821 0.025641
2 0.212179 0.063248 0.011538 0.027350
2 0.356410 0.286325 0.012821 0.022222
