2 0.767308 0.416239 0.039744 0.083761
2 0.530769 0.739316 0.023077 0.049573
2 0.770513 0.708547 0.041026 0.025641
2 0.652564 0.395726 0.020513 0.046154
2 0.674359 0.452137 0.030769 0.029060
2 0.619231 0.459829 0.020513 0.030769
2 0.548718 0.242735 0.035897 0.023932
2 0.796154 0.458974 0.017949 0.029060
2 0.757692 0.547009 0.015385 0.044444
2 0.709615 0.392308 0.014103 0.032479
2 0.783974 0.146154 0.016667 0.029060
2 0.764103 0.090598 0.012821 0.044444
2 0.453205 0.444444 0.024359 0.020513
2 0.775641 0.677778 0.017949 0.022222
2 0.391667 0.640171 0.016667 0.022222
2 0.846795 0.450427 0.016667 0.025641
2 0.112179 0.782906 0.019231 0.020513
2 0.449359 0.582051 0.014103 0.029060
2 0.782051 0.805128 0.015385 0.023932
2 0.030128 0.902564 0.019231 0.017094
2 0.664744 0.148718 0.014103 0.027350
2 0.704487 0.070085 0.011538 0.027350
2 0.668590 0.287179 0.011538 0.027350
2 0.019231 0.317949 0.012821 0.023932
