2 0.433974 0.543590 0.085897 0.092308
2 0.314744 0.739316 0.039744 0.128205
2 0.472436 0.684615 0.075641 0.090598
2 0.478846 0.786325 0.070513 0.058120
2 0.185897 0.328205 0.058974 0.102564
2 0.583974 0.416239 0.057692 0.066667
2 0.498718 0.346154 0.056410 0.052991
2 0.610897 0.620513 0.052564 0.041026
2 0.616026 0.284615 0.055128 0.063248
2 0.073718 0.300000 0.047436 0.049573
2 0.200641 0.964103 0.039744 0.071795
2 0.225000 0.838462 0.037179 0.049573
2 0.771154 0.311966 0.029487 0.049573
2 0.476923 0.603419 0.035897 0.047863
2 0.437179 0.319658 0.046154 0.027350
2 0.388462 0.024786 0.033333 0.049573
2 0.720513 0.264957 0.023077 0.051282
2 0.658333 0.515385 0.029487 0.039316
2 0.558333 0.490598 0.029487 0.037607
2 0.530769 0.967521 0.017949 0.064957
2 0.283333 0.493162 0.020513 0.042735
2 0.800641 0.685470 0.029487 0.047863
2 0.030769 0.931624 0.020513 0.041026
2 0.800000 0.630769 0.025641 0.037607
2 0.507051 0.424786 0.021795 0.039316
2 0.176923 0.596581 0.020513 0.041026
2 0.134615 0.366667 0.033333 0.025641
2 0.352564 0.163248 0.020513 0.042735
2 0.464103 0.386325 0.033333 0.027350
2 0.672436 0.013675 0.029487 0.027350
2 0.801923 0.331624 0.026923 0.034188
2 0.613462 0.466667 0.021795 0.030769
2 0.637179 0.823077 0.038462 0.039316
2 0.131410 0.278632 0.021795 0.034188
2 0.743590 0.571795 0.017949 0.046154
2 0.174359 0.767521 0.025641 0.034188
2 0.244872 0.464103 0.017949 0.039316
2 0.027564 0.555556 0.021795 0.027350
2 0.055128 0.967521 0.020513 0.034188
2 0.760256 0.843590 0.028205 0.029060
2 0.629487 0.771795 0.025641 0.022222
2 0.078846 0.119658 0.014103 0.037607
2 0.351923 0.224786 0.016667 0.032479
2 0.037821 0.468376 0.024359 0.034188
2 0.437179 0.157265 0.012821 0.037607
2 0.300641 0.070085 0.014103 0.034188
2 0.958333 0.800855 0.019231 0.025641
2 0.858974 0.898291 0.015385 0.029060
2 0.833974 0.751282 0.032051 0.015385
2 0.208333 0.088889 0.019231 0.023932
2 0.348077 0.757265 0.016667 0.023932
2 0.162179 0.975214 0.014103 0.029060
2 0.332692 0.311111 0.016667 0.023932
2 0.857692 0.821368 0.015385 0.042735
2 0.210256 0.049573 0.015385 0.027350
2 0.857692 0.613675 0.015385 0.023932
2 0.678846 0.694872 0.011538 0.029060
2 0.823718 0.878632 0.014103 0.023932
2 0.227564 0.905128 0.019231 0.018803
2 0.536538 0.911111 0.011538 0.023932
2 0.257692 0.988889 0.012821 0.022222
