2 0.864103 0.635897 0.030769 0.075214
2 0.433333 0.348718 0.048718 0.044444
2 0.948718 0.043590 0.046154 0.059829
2 0.493590 0.795726 0.043590 0.042735
2 0.694231 0.481197 0.034615 0.046154
2 0.176923 0.614530 0.028205 0.059829
2 0.368590 0.791453 0.034615 0.041026
2 0.524359 0.012821 0.038462 0.025641
2 0.042308 0.157265 0.023077 0.047863
2 0.260897 0.894872 0.021795 0.046154
2 0.486538 0.624786 0.026923 0.046154
2 0.411538 0.404274 0.025641 0.035897
2 0.244231 0.658120 0.021795 0.041026
2 0.641026 0.876068 0.023077 0.039316
2 0.849359 0.528205 0.019231 0.044444
2 0.682692 0.016239 0.021795 0.032479
2 0.596795 0.111966 0.021795 0.035897
2 0.982692 0.776923 0.019231 0.035897
2 0.606410 0.821368 0.033333 0.022222
2 0.514103 0.306838 0.017949 0.032479
2 0.830769 0.503419 0.020513 0.029060
2 0.579487 0.736752 0.015385 0.030769
2 0.418590 0.534188 0.019231 0.029060
2 0.034615 0.106838 0.012821 0.035897
2 0.440385 0.443590 0.016667 0.029060
2 0.133974 0.743590 0.016667 0.023932
2 0.460897 0.315385 0.016667 0.025641
2 0.221795 0.715385 0.012821 0.029060
2 0.733333 0.806838 0.012821 0.030769
2 0.271154 0.979487 0.026923 0.017094
2 0.592308 0.554701 0.015385 0.022222
2 0.069872 0.400000 0.016667 0.020513
2 0.694872 0.294017 0.015385 0.020513
2 0.619872 0.557265 0.016667 0.020513
2 0.717949 0.120513 0.012821 0.025641
2 0.692949 0.770085 0.016667 0.018803
2 0.743590 0.102564 0.015385 0.020513
