2 0.257692 0.437607 0.053846 0.064957
2 0.550000 0.764957 0.033333 0.063248
2 0.925641 0.559829 0.030769 0.059829
2 0.105128 0.233333 0.033333 0.083761
2 0.257692 0.504274 0.030769 0.041026
2 0.496795 0.381197 0.021795 0.054701
2 0.663462 0.755556 0.029487 0.037607
2 0.625000 0.408547 0.024359 0.051282
2 0.139103 0.447009 0.024359 0.039316
2 0.849359 0.567521 0.019231 0.041026
2 0.439744 0.438462 0.020513 0.035897
2 0.850000 0.200000 0.023077 0.044444
2 0.773718 0.558974 0.034615 0.041026
2 0.703205 0.542735 0.019231 0.035897
2 0.817308 0.352137 0.024359 0.037607
2 0.171154 0.256410 0.021795 0.030769
2 0.870513 0.161538 0.023077 0.035897
2 0.291026 0.339316 0.028205 0.025641
2 0.378205 0.805128 0.015385 0.037607
2 0.791667 0.158974 0.014103 0.037607
2 0.475641 0.629915 0.017949 0.029060
2 0.102564 0.489744 0.020513 0.029060
2 0.712821 0.473504 0.017949 0.027350
2 0.675641 0.892308 0.015385 0.027350
2 0.758333 0.417949 0.019231 0.025641
2 0.992949 0.634188 0.014103 0.027350
2 0.889103 0.118803 0.016667 0.032479
2 0.839744 0.419658 0.012821 0.029060
2 0.192308 0.505128 0.017949 0.018803
2 0.082051 0.886325 0.015385 0.022222
