2 0.721154 0.364103 0.050000 0.126496
2 0.654487 0.723932 0.026923 0.042735
2 0.314103 0.593162 0.043590 0.047863
2 0.393590 0.602564 0.028205 0.042735
2 0.525641 0.496581 0.023077 0.046154
2 0.017949 0.453846 0.035897 0.035897
2 0.362179 0.646154 0.021795 0.051282
2 0.337179 0.821368 0.017949 0.049573
2 0.941026 0.765812 0.017949 0.044444
2 0.214744 0.688889 0.016667 0.044444
2 0.896154 0.529060 0.028205 0.029060
2 0.160256 0.202564 0.020513 0.025641
2 0.673718 0.590598 0.016667 0.032479
2 0.757051 0.867521 0.014103 0.035897
2 0.782051 0.681197 0.012821 0.035897
2 0.705128 0.911111 0.012821 0.034188
2 0.753846 0.105983 0.020513 0.027350
2 0.611538 0.752137 0.017949 0.023932
2 0.308974 0.792308 0.017949 0.022222
2 0.650000 0.640171 0.017949 0.018803
2 0.037179 0.979487 0.017949 0.020513
2 0.688462 0.820513 0.015385 0.023932
2 0.492949 0.417094 0.016667 0.020513
2 0.514103 0.725641 0.017949 0.018803
2 0.577564 0.352137 0.014103 0.020513
