2 0.676282 0.651282 0.078205 0.116239
2 0.087821 0.561538 0.075641 0.076923
2 0.624359 0.745299 0.076923 0.047863
2 0.155128 0.489744 0.030769 0.104274
2 0.516667 0.238462 0.051282 0.070085
2 0.753846 0.794872 0.053846 0.037607
2 0.261538 0.237607 0.043590 0.041026
2 0.396154 0.645299 0.041026 0.035897
2 0.978205 0.237607 0.043590 0.041026
2 0.597436 0.195726 0.041026 0.049573
2 0.737821 0.852991 0.044872 0.054701
2 0.642949 0.465812 0.026923 0.039316
2 0.975000 0.660684 0.021795 0.046154
2 0.634615 0.405983 0.025641 0.042735
2 0.567308 0.451282 0.037179 0.047863
2 0.482051 0.439316 0.020513 0.041026
2 0.463462 0.776068 0.042308 0.034188
2 0.800641 0.962393 0.034615 0.037607
2 0.702564 0.895726 0.023077 0.034188
2 0.764744 0.021368 0.019231 0.042735
2 0.263462 0.813675 0.026923 0.034188
2 0.968590 0.397436 0.019231 0.056410
2 0.987821 0.530769 0.024359 0.025641
2 0.509615 0.515385 0.021795 0.032479
2 0.227564 0.176068 0.032051 0.030769
2 0.055128 0.204274 0.023077 0.025641
2 0.456410 0.196581 0.017949 0.030769
2 0.696154 0.828205 0.020513 0.022222
2 0.300641 0.557265 0.019231 0.023932
2 0.620513 0.111966 0.017949 0.029060
2 0.874359 0.959829 0.015385 0.029060
2 0.871154 0.523077 0.016667 0.020513
2 0.271154 0.597436 0.016667 0.018803
