2 0.523718 0.424786 0.067949 0.083761
2 0.486538 0.866667 0.050000 0.037607
2 0.395513 0.664103 0.024359 0.052991
2 0.341026 0.747863 0.038462 0.063248
2 0.506410 0.526496 0.023077 0.044444
2 0.453205 0.068376 0.039744 0.044444
2 0.428205 0.813675 0.033333 0.037607
2 0.484615 0.392308 0.025641 0.032479
2 0.573077 0.323077 0.035897 0.030769
2 0.582692 0.486325 0.032051 0.032479
2 0.737821 0.694017 0.014103 0.054701
2 0.550641 0.691453 0.019231 0.032479
2 0.341667 0.249573 0.026923 0.044444
2 0.680769 0.319658 0.025641 0.023932
2 0.058333 0.758120 0.019231 0.035897
2 0.826923 0.305983 0.017949 0.037607
2 0.471795 0.785470 0.020513 0.032479
2 0.760897 0.195726 0.026923 0.025641
2 0.512179 0.113675 0.021795 0.029060
2 0.505128 0.013675 0.023077 0.027350
2 0.533974 0.505128 0.021795 0.022222
2 0.369231 0.611111 0.025641 0.025641
2 0.555769 0.458974 0.016667 0.029060
2 0.595513 0.012821 0.016667 0.025641
2 0.333974 0.389744 0.019231 0.020513
2 0.269231 0.901709 0.010256 0.039316
2 0.612179 0.328205 0.019231 0.020513
2 0.109615 0.506838 0.014103 0.029060
2 0.260256 0.790598 0.015385 0.022222
2 0.555769 0.636752 0.021795 0.015385
2 0.876282 0.483761 0.016667 0.020513
2 0.993590 0.192308 0.012821 0.022222
2 0.974359 0.262393 0.012821 0.022222
2 0.982051 0.231624 0.015385 0.018803
