2 0.650641 0.655556 0.050000 0.138462
2 0.575641 0.578632 0.071795 0.087179
2 0.718590 0.738462 0.055128 0.088889
2 0.810256 0.183761 0.035897 0.083761
2 0.600641 0.331624 0.037179 0.041026
2 0.506410 0.405128 0.028205 0.037607
2 0.709615 0.381197 0.039744 0.034188
2 0.767308 0.717094 0.026923 0.039316
2 0.320513 0.693162 0.035897 0.035897
2 0.350641 0.275214 0.024359 0.058120
2 0.478846 0.703419 0.021795 0.046154
2 0.560256 0.491453 0.023077 0.039316
2 0.350000 0.334188 0.023077 0.035897
2 0.826282 0.550427 0.019231 0.030769
2 0.400641 0.334188 0.019231 0.032479
2 0.235897 0.534188 0.025641 0.022222
2 0.197436 0.988889 0.023077 0.022222
2 0.740385 0.662393 0.014103 0.039316
2 0.098718 0.511111 0.015385 0.037607
2 0.189103 0.204274 0.019231 0.029060
2 0.812179 0.647009 0.016667 0.025641
2 0.867308 0.129915 0.011538 0.037607
2 0.636538 0.282906 0.029487 0.015385
2 0.565385 0.836752 0.023077 0.025641
2 0.459615 0.588889 0.016667 0.022222
2 0.589744 0.502564 0.015385 0.023932
2 0.144231 0.749573 0.014103 0.029060
2 0.874359 0.631624 0.015385 0.022222
2 0.446154 0.857265 0.012821 0.022222
