2 0.537179 0.694872 0.035897 0.165812
2 0.812821 0.374359 0.076923 0.088889
2 0.029487 0.647009 0.041026 0.076923
2 0.561538 0.581197 0.028205 0.058120
2 0.749359 0.647863 0.021795 0.041026
2 0.514103 0.015385 0.030769 0.030769
2 0.316667 0.800855 0.015385 0.042735
2 0.419872 0.593162 0.019231 0.030769
2 0.750000 0.110256 0.015385 0.039316
2 0.372436 0.427350 0.016667 0.030769
2 0.762179 0.544444 0.016667 0.032479
2 0.114103 0.347009 0.020513 0.023932
2 0.647436 0.358974 0.015385 0.037607
2 0.537179 0.141026 0.023077 0.022222
2 0.348077 0.179487 0.016667 0.027350
2 0.750000 0.174359 0.012821 0.027350
2 0.432051 0.860684 0.015385 0.025641
2 0.183974 0.658974 0.016667 0.022222
2 0.457692 0.490598 0.017949 0.017094
2 0.858974 0.470085 0.010256 0.041026
