2 0.457051 0.288889 0.050000 0.102564
2 0.971154 0.258974 0.039744 0.076923
2 0.485897 0.384615 0.041026 0.071795
2 0.473718 0.714530 0.037179 0.044444
2 0.431410 0.378632 0.034615 0.042735
2 0.619872 0.941880 0.032051 0.044444
2 0.389744 0.394017 0.041026 0.063248
2 0.718590 0.285470 0.037179 0.051282
2 0.344231 0.450427 0.039744 0.029060
2 0.667949 0.229915 0.028205 0.063248
2 0.566026 0.468376 0.032051 0.037607
2 0.867949 0.498291 0.035897 0.032479
2 0.950000 0.524786 0.033333 0.047863
2 0.341667 0.729915 0.024359 0.041026
2 0.294231 0.200000 0.026923 0.051282
2 0.230128 0.293162 0.034615 0.032479
2 0.052564 0.367521 0.028205 0.037607
2 0.347436 0.582906 0.025641 0.030769
2 0.807051 0.435897 0.019231 0.037607
2 0.900641 0.573504 0.019231 0.035897
2 0.101282 0.347009 0.017949 0.030769
2 0.337179 0.261538 0.017949 0.030769
2 0.676923 0.174359 0.017949 0.027350
2 0.861538 0.350427 0.020513 0.037607
2 0.992308 0.502564 0.015385 0.034188
2 0.594872 0.430769 0.017949 0.017094
