2 0.706410 0.363248 0.094872 0.107692
2 0.484615 0.050427 0.061538 0.059829
2 0.071154 0.351282 0.042308 0.070085
2 0.705769 0.263248 0.055128 0.044444
2 0.782692 0.512821 0.037179 0.047863
2 0.626923 0.436752 0.033333 0.049573
2 0.925000 0.312821 0.032051 0.041026
2 0.159615 0.057265 0.024359 0.046154
2 0.446795 0.882906 0.037179 0.029060
2 0.256410 0.773504 0.028205 0.039316
2 0.457051 0.201709 0.021795 0.044444
2 0.939744 0.121368 0.030769 0.037607
2 0.367949 0.423077 0.023077 0.039316
2 0.051282 0.934188 0.025641 0.049573
2 0.585897 0.639316 0.025641 0.041026
2 0.832051 0.324786 0.023077 0.034188
2 0.980769 0.976068 0.023077 0.034188
2 0.953205 0.218803 0.019231 0.041026
2 0.805769 0.669231 0.024359 0.046154
2 0.191026 0.428205 0.028205 0.029060
2 0.427564 0.836752 0.019231 0.035897
2 0.562179 0.501709 0.019231 0.032479
2 0.979487 0.198291 0.020513 0.037607
2 0.723718 0.501709 0.019231 0.032479
2 0.546795 0.299145 0.019231 0.030769
2 0.982692 0.723077 0.021795 0.030769
2 0.312179 0.715385 0.021795 0.025641
2 0.450000 0.153846 0.020513 0.027350
2 0.916026 0.245299 0.016667 0.032479
2 0.500000 0.840171 0.015385 0.032479
2 0.742949 0.671795 0.019231 0.027350
2 0.898718 0.276923 0.023077 0.027350
2 0.925641 0.984615 0.017949 0.030769
2 0.771795 0.288034 0.023077 0.022222
2 0.994231 0.284615 0.011538 0.056410
2 0.864744 0.059829 0.019231 0.023932
2 0.609615 0.328205 0.019231 0.020513
2 0.780769 0.656410 0.015385 0.023932
2 0.578846 0.172650 0.019231 0.023932
2 0.439103 0.083761 0.014103 0.023932
2 0.668590 0.611966 0.014103 0.023932
2 0.416667 0.929915 0.012821 0.027350
2 0.782051 0.159829 0.015385 0.022222
2 0.136538 0.986325 0.021795 0.027350
2 0.479487 0.741026 0.017949 0.018803
2 0.994231 0.564957 0.011538 0.025641
2 0.830128 0.606838 0.014103 0.020513
2 0.221154 0.783761 0.014103 0.022222
