2 0.520513 0.226496 0.025641 0.052991
2 0.618590 0.092308 0.037179 0.058120
2 0.363462 0.476923 0.034615 0.041026
2 0.902564 0.227350 0.033333 0.061538
2 0.158974 0.268376 0.017949 0.047863
2 0.337821 0.587179 0.024359 0.035897
2 0.139103 0.506838 0.016667 0.042735
2 0.518590 0.537607 0.021795 0.029060
2 0.168590 0.338462 0.019231 0.030769
2 0.738462 0.751282 0.015385 0.035897
2 0.635897 0.784615 0.030769 0.020513
2 0.189744 0.404274 0.017949 0.029060
2 0.102564 0.584615 0.015385 0.027350
2 0.608974 0.182906 0.015385 0.027350
2 0.723718 0.926496 0.014103 0.027350
2 0.626282 0.215385 0.014103 0.023932
2 0.764744 0.674359 0.014103 0.029060
2 0.787179 0.529915 0.017949 0.023932
