2 0.542949 0.711111 0.050000 0.102564
2 0.028846 0.741026 0.039744 0.076923
2 0.514103 0.615385 0.041026 0.071795
2 0.526282 0.285470 0.037179 0.044444
2 0.568590 0.621368 0.034615 0.042735
2 0.380128 0.058120 0.032051 0.044444
2 0.610256 0.605983 0.041026 0.063248
2 0.281410 0.714530 0.037179 0.051282
2 0.655769 0.549573 0.039744 0.029060
2 0.332051 0.770085 0.028205 0.063248
2 0.433974 0.531624 0.032051 0.037607
2 0.132051 0.501709 0.035897 0.032479
2 0.050000 0.475214 0.033333 0.047863
2 0.658333 0.270085 0.024359 0.041026
2 0.705769 0.800000 0.026923 0.051282
2 0.769872 0.706838 0.034615 0.032479
2 0.947436 0.632479 0.028205 0.037607
2 0.652564 0.417094 0.025641 0.030769
2 0.192949 0.564103 0.019231 0.037607
2 0.099359 0.426496 0.019231 0.035897
2 0.898718 0.652991 0.017949 0.030769
2 0.662821 0.738462 0.017949 0.030769
2 0.323077 0.825641 0.017949 0.027350
2 0.138462 0.649573 0.020513 0.037607
2 0.007692 0.497436 0.015385 0.034188
2 0.405128 0.569231 0.017949 0.017094
