2 0.199359 0.457265 0.047436 0.046154
2 0.217308 0.637607 0.034615 0.041026
2 0.563462 0.582906 0.034615 0.051282
2 0.073718 0.311966 0.032051 0.049573
2 0.427564 0.523077 0.026923 0.051282
2 0.509615 0.308547 0.024359 0.042735
2 0.496154 0.401709 0.017949 0.044444
2 0.141026 0.389744 0.023077 0.041026
2 0.010256 0.681197 0.020513 0.049573
2 0.242308 0.447009 0.020513 0.049573
2 0.545513 0.490598 0.021795 0.030769
2 0.467949 0.336752 0.025641 0.027350
2 0.657051 0.589744 0.014103 0.041026
2 0.600000 0.233333 0.023077 0.029060
2 0.573077 0.269231 0.015385 0.035897
2 0.755769 0.810256 0.014103 0.041026
2 0.824359 0.500000 0.015385 0.032479
2 0.366026 0.641880 0.021795 0.025641
2 0.312179 0.588889 0.019231 0.032479
2 0.771154 0.631624 0.016667 0.029060
2 0.143590 0.508547 0.020513 0.025641
2 0.594231 0.424786 0.029487 0.032479
2 0.738462 0.717094 0.020513 0.025641
2 0.498718 0.485470 0.017949 0.023932
2 0.371154 0.372650 0.019231 0.020513
2 0.326923 0.424786 0.020513 0.022222
2 0.748077 0.494872 0.016667 0.022222
2 0.326923 0.300000 0.012821 0.025641
2 0.632051 0.568376 0.012821 0.022222
2 0.103205 0.365812 0.016667 0.027350
2 0.036538 0.200855 0.014103 0.022222
