2 0.152564 0.580342 0.305128 0.548718
2 0.831410 0.346154 0.226923 0.411966
2 0.692949 0.077778 0.157692 0.155556
2 0.634615 0.661538 0.174359 0.167521
2 0.364103 0.531624 0.107692 0.150427
2 0.545513 0.935897 0.111538 0.128205
2 0.975641 0.344444 0.048718 0.090598
2 0.748718 0.409402 0.071795 0.111111
2 0.014744 0.269231 0.029487 0.141880
2 0.978846 0.780342 0.042308 0.070085
2 0.347436 0.015385 0.061538 0.030769
2 0.340385 0.900000 0.029487 0.083761
2 0.402564 0.760684 0.038462 0.051282
2 0.021154 0.784615 0.042308 0.071795
2 0.062179 0.512821 0.044872 0.034188
