2 0.178846 0.129060 0.065385 0.073504
2 0.444231 0.495726 0.047436 0.078632
2 0.927564 0.114530 0.037179 0.099145
2 0.562179 0.541026 0.062821 0.059829
2 0.395513 0.314530 0.050000 0.044444
2 0.905128 0.469231 0.038462 0.056410
2 0.710897 0.135043 0.039744 0.051282
2 0.767308 0.290598 0.032051 0.044444
2 0.567308 0.476923 0.032051 0.041026
2 0.357692 0.701709 0.028205 0.029060
2 0.537821 0.112821 0.021795 0.034188
2 0.364744 0.279487 0.024359 0.029060
2 0.816026 0.498291 0.019231 0.032479
2 0.623718 0.401709 0.019231 0.030769
2 0.939103 0.209402 0.019231 0.035897
2 0.650641 0.988034 0.021795 0.023932
2 0.701923 0.247009 0.019231 0.025641
2 0.503205 0.365812 0.019231 0.027350
2 0.770513 0.928205 0.017949 0.030769
2 0.728846 0.189744 0.014103 0.027350
2 0.148718 0.049573 0.015385 0.027350
2 0.051282 0.052137 0.012821 0.025641
2 0.479487 0.271795 0.015385 0.020513
