2 0.825000 0.129915 0.065385 0.071795
2 0.198718 0.847009 0.071795 0.080342
2 0.947436 0.638462 0.069231 0.046154
2 0.666667 0.672650 0.051282 0.087179
2 0.895513 0.778632 0.034615 0.052991
2 0.387821 0.515385 0.029487 0.052991
2 0.896795 0.450427 0.034615 0.052991
2 0.221795 0.743590 0.033333 0.037607
2 0.318590 0.738462 0.029487 0.034188
2 0.500000 0.719658 0.023077 0.047863
2 0.317949 0.670940 0.038462 0.029060
2 0.920513 0.682051 0.028205 0.044444
2 0.937821 0.400000 0.026923 0.044444
2 0.060256 0.673504 0.023077 0.044444
2 0.103846 0.494872 0.028205 0.032479
2 0.422436 0.746154 0.016667 0.029060
2 0.780128 0.551282 0.021795 0.018803
2 0.809615 0.540171 0.016667 0.030769
2 0.667308 0.832479 0.016667 0.023932
2 0.750000 0.462393 0.012821 0.029060
2 0.257051 0.632479 0.016667 0.023932
2 0.305128 0.405128 0.012821 0.023932
2 0.698718 0.391453 0.015385 0.023932
