2 0.333333 0.408547 0.041026 0.075214
2 0.588462 0.168376 0.033333 0.070085
2 0.396795 0.407692 0.044872 0.063248
2 0.532692 0.758120 0.021795 0.059829
2 0.438462 0.767521 0.038462 0.047863
2 0.648718 0.237607 0.023077 0.051282
2 0.736538 0.796581 0.024359 0.041026
2 0.989103 0.726496 0.021795 0.034188
2 0.362179 0.669231 0.021795 0.052991
2 0.960256 0.594872 0.030769 0.027350
2 0.647436 0.029060 0.025641 0.041026
2 0.632051 0.121368 0.020513 0.037607
2 0.475641 0.704274 0.025641 0.037607
2 0.208974 0.632479 0.020513 0.030769
2 0.817949 0.521368 0.020513 0.027350
2 0.642949 0.718803 0.019231 0.029060
2 0.553846 0.184615 0.017949 0.027350
2 0.339744 0.556410 0.028205 0.032479
2 0.370513 0.601709 0.017949 0.034188
2 0.645513 0.296581 0.034615 0.018803
2 0.362179 0.782906 0.019231 0.030769
2 0.342308 0.154701 0.017949 0.035897
2 0.408333 0.637607 0.021795 0.020513
2 0.229487 0.507692 0.015385 0.023932
2 0.157051 0.462393 0.014103 0.029060
2 0.605769 0.360684 0.019231 0.017094
2 0.620513 0.760684 0.017949 0.020513
2 0.780769 0.860684 0.010256 0.032479
2 0.239744 0.110256 0.010256 0.029060
2 0.257051 0.458120 0.011538 0.023932
