2 0.346795 0.411966 0.057692 0.051282
2 0.044231 0.611111 0.024359 0.056410
2 0.412821 0.409402 0.028205 0.049573
2 0.072436 0.386325 0.024359 0.071795
2 0.558974 0.593162 0.033333 0.044444
2 0.249359 0.742735 0.021795 0.039316
2 0.359615 0.784615 0.034615 0.030769
2 0.285897 0.318803 0.023077 0.029060
2 0.224359 0.522222 0.023077 0.032479
2 0.614744 0.074359 0.019231 0.032479
2 0.812179 0.603419 0.014103 0.041026
2 0.601923 0.399145 0.016667 0.025641
2 0.273077 0.597436 0.015385 0.025641
2 0.740385 0.519658 0.021795 0.020513
2 0.645513 0.660684 0.014103 0.029060
2 0.677564 0.390598 0.014103 0.029060
2 0.070513 0.517949 0.012821 0.027350
2 0.311538 0.297436 0.020513 0.017094
2 0.823077 0.814530 0.012821 0.025641
2 0.535256 0.523932 0.014103 0.029060
2 0.523718 0.639316 0.014103 0.023932
2 0.277564 0.845299 0.014103 0.025641
2 0.679487 0.689744 0.015385 0.018803
2 0.807692 0.345299 0.015385 0.020513
2 0.588462 0.135897 0.017949 0.029060
2 0.005128 0.671795 0.010256 0.027350
