2 0.769872 0.522222 0.096154 0.087179
2 0.486538 0.623932 0.055128 0.105983
2 0.843590 0.802564 0.043590 0.059829
2 0.760897 0.705983 0.070513 0.054701
2 0.693590 0.649573 0.061538 0.034188
2 0.297436 0.399145 0.038462 0.073504
2 0.379487 0.433333 0.028205 0.063248
2 0.569872 0.704274 0.032051 0.054701
2 0.717308 0.441880 0.037179 0.039316
2 0.107051 0.723932 0.024359 0.046154
2 0.166667 0.118803 0.023077 0.042735
2 0.950641 0.373504 0.024359 0.032479
2 0.951282 0.929915 0.028205 0.030769
2 0.351282 0.369231 0.023077 0.030769
2 0.059615 0.478632 0.024359 0.027350
2 0.120513 0.629060 0.023077 0.027350
2 0.539103 0.803419 0.019231 0.030769
2 0.392308 0.357265 0.020513 0.027350
2 0.196154 0.082906 0.020513 0.032479
2 0.991667 0.041880 0.016667 0.029060
2 0.615385 0.685470 0.017949 0.027350
2 0.287821 0.835043 0.014103 0.042735
2 0.493590 0.887179 0.017949 0.027350
2 0.312179 0.104274 0.014103 0.034188
2 0.541026 0.622222 0.017949 0.023932
2 0.341026 0.624786 0.015385 0.025641
2 0.009615 0.860684 0.019231 0.022222
2 0.464103 0.780342 0.017949 0.022222
2 0.439744 0.617949 0.020513 0.018803
2 0.006410 0.211966 0.012821 0.027350
2 0.257051 0.327350 0.019231 0.018803
2 0.269231 0.458120 0.012821 0.020513
