2 0.403846 0.221368 0.025641 0.083761
2 0.130769 0.379487 0.025641 0.037607
2 0.514103 0.707692 0.020513 0.047863
2 0.225000 0.474359 0.026923 0.049573
2 0.558333 0.531624 0.026923 0.027350
2 0.392308 0.519658 0.020513 0.041026
2 0.360897 0.290598 0.019231 0.054701
2 0.561538 0.120513 0.015385 0.039316
2 0.050641 0.024786 0.016667 0.032479
2 0.275000 0.710256 0.021795 0.035897
2 0.580769 0.204274 0.030769 0.022222
2 0.087179 0.352137 0.017949 0.030769
2 0.616667 0.273504 0.017949 0.034188
2 0.537179 0.913675 0.023077 0.022222
2 0.046154 0.544444 0.023077 0.025641
2 0.196154 0.108547 0.015385 0.029060
2 0.621795 0.929060 0.015385 0.025641
2 0.328846 0.368376 0.014103 0.022222
2 0.628205 0.986325 0.012821 0.027350
2 0.220513 0.320513 0.015385 0.029060
2 0.108333 0.570940 0.016667 0.020513
2 0.961538 0.309402 0.015385 0.020513
2 0.419872 0.694872 0.014103 0.022222
2 0.768590 0.905983 0.014103 0.020513
2 0.196795 0.926496 0.016667 0.017094
