2 0.671154 0.414530 0.026923 0.042735
2 0.882051 0.427350 0.030769 0.047863
2 0.317949 0.894017 0.017949 0.034188
2 0.556410 0.599145 0.017949 0.032479
2 0.487179 0.267521 0.020513 0.029060
2 0.298077 0.452137 0.019231 0.029060
2 0.525000 0.988034 0.021795 0.023932
2 0.744231 0.357265 0.016667 0.030769
2 0.387821 0.064103 0.019231 0.029060
2 0.426923 0.192308 0.012821 0.032479
2 0.376282 0.347863 0.016667 0.032479
2 0.592308 0.060684 0.017949 0.022222
2 0.619872 0.080342 0.016667 0.020513
2 0.783974 0.489744 0.016667 0.025641
2 0.229487 0.901709 0.012821 0.022222
2 0.307051 0.826496 0.016667 0.018803
