2 0.562821 0.614530 0.030769 0.083761
2 0.280128 0.606838 0.050000 0.051282
2 0.475000 0.613675 0.024359 0.047863
2 0.595513 0.737607 0.021795 0.042735
2 0.628205 0.375214 0.020513 0.029060
2 0.261538 0.530769 0.023077 0.042735
2 0.844231 0.839316 0.021795 0.023932
2 0.195513 0.946154 0.021795 0.025641
2 0.380128 0.433333 0.016667 0.032479
2 0.520513 0.529915 0.017949 0.027350
2 0.783974 0.470085 0.016667 0.030769
2 0.598077 0.671795 0.021795 0.027350
2 0.399359 0.903419 0.014103 0.032479
2 0.655769 0.744444 0.014103 0.032479
2 0.239744 0.989744 0.017949 0.020513
2 0.972436 0.758974 0.011538 0.027350
2 0.888462 0.916239 0.015385 0.020513
2 0.171154 0.973504 0.011538 0.029060
