2 0.483333 0.202564 0.151282 0.405128
2 0.687179 0.186325 0.266667 0.136752
2 0.877564 0.119658 0.057692 0.123077
2 0.788462 0.408547 0.079487 0.112821
2 0.571154 0.370085 0.078205 0.076923
2 0.939103 0.617094 0.065385 0.105983
2 0.379487 0.454701 0.058974 0.078632
2 0.660897 0.522222 0.085897 0.052991
2 0.573077 0.046154 0.046154 0.092308
2 0.489744 0.729915 0.051282 0.085470
2 0.392949 0.725641 0.047436 0.073504
2 0.946154 0.399145 0.051282 0.056410
2 0.889744 0.341026 0.051282 0.073504
2 0.613462 0.456410 0.044872 0.058120
2 0.722436 0.658974 0.057692 0.063248
2 0.553846 0.838462 0.033333 0.059829
2 0.891026 0.554701 0.035897 0.059829
2 0.616667 0.742735 0.033333 0.059829
2 0.851923 0.600855 0.039744 0.042735
2 0.366667 0.207692 0.033333 0.052991
2 0.862179 0.505128 0.042308 0.035897
2 0.408333 0.118803 0.037179 0.032479
2 0.685897 0.464103 0.030769 0.039316
2 0.208333 0.728205 0.032051 0.047863
2 0.502564 0.785470 0.033333 0.032479
2 0.821154 0.060684 0.032051 0.066667
2 0.721795 0.069231 0.017949 0.052991
2 0.838462 0.734188 0.041026 0.035897
2 0.823718 0.919658 0.032051 0.030769
2 0.817949 0.500855 0.020513 0.037607
2 0.444872 0.493162 0.025641 0.025641
2 0.933974 0.788034 0.029487 0.020513
2 0.536538 0.910256 0.021795 0.032479
