2 0.321154 0.328205 0.070513 0.102564
2 0.237179 0.485470 0.043590 0.092308
2 0.605128 0.571795 0.030769 0.094017
2 0.224359 0.375214 0.046154 0.056410
2 0.686538 0.618803 0.039744 0.071795
2 0.515385 0.579487 0.041026 0.047863
2 0.581410 0.639316 0.044872 0.071795
2 0.187179 0.484615 0.043590 0.046154
2 0.646154 0.750427 0.028205 0.051282
2 0.214103 0.286325 0.038462 0.049573
2 0.883333 0.290598 0.025641 0.061538
2 0.234615 0.811966 0.030769 0.058120
2 0.534615 0.336752 0.035897 0.054701
2 0.555128 0.514530 0.033333 0.041026
2 0.703205 0.682051 0.034615 0.047863
2 0.139103 0.502564 0.034615 0.047863
2 0.265385 0.570940 0.038462 0.037607
2 0.694231 0.196581 0.034615 0.068376
2 0.814744 0.906838 0.024359 0.039316
2 0.633333 0.653846 0.025641 0.032479
2 0.926923 0.548718 0.025641 0.027350
2 0.373077 0.237607 0.041026 0.030769
2 0.286538 0.510256 0.019231 0.035897
2 0.274359 0.360684 0.025641 0.027350
2 0.435256 0.242735 0.024359 0.023932
2 0.868590 0.392308 0.026923 0.025641
2 0.457051 0.177778 0.019231 0.030769
2 0.423718 0.329060 0.019231 0.032479
2 0.489744 0.135043 0.017949 0.030769
2 0.389103 0.692308 0.019231 0.030769
2 0.500000 0.219658 0.015385 0.029060
2 0.787179 0.942735 0.017949 0.032479
2 0.669231 0.917949 0.012821 0.037607
2 0.547436 0.400000 0.023077 0.020513
2 0.718590 0.241026 0.016667 0.027350
2 0.646154 0.394017 0.017949 0.025641
2 0.378205 0.376923 0.017949 0.025641
2 0.535897 0.146154 0.017949 0.029060
2 0.715385 0.388034 0.015385 0.023932
2 0.762821 0.847863 0.012821 0.023932
2 0.981410 0.162393 0.016667 0.020513
2 0.562821 0.566667 0.020513 0.015385
2 0.715385 0.562393 0.017949 0.017094
2 0.978205 0.815385 0.015385 0.020513
