2 0.766667 0.379487 0.176923 0.229060
2 0.830128 0.176923 0.085897 0.141880
2 0.376923 0.328205 0.064103 0.085470
2 0.658974 0.810256 0.082051 0.058120
2 0.617949 0.438462 0.066667 0.080342
2 0.795513 0.658120 0.042308 0.109402
2 0.750000 0.958120 0.038462 0.063248
2 0.660897 0.117949 0.039744 0.061538
2 0.137821 0.370085 0.042308 0.046154
2 0.216026 0.719658 0.029487 0.085470
2 0.800000 0.970085 0.030769 0.059829
2 0.342949 0.246154 0.034615 0.041026
2 0.603846 0.900855 0.033333 0.061538
2 0.841667 0.411111 0.037179 0.049573
2 0.933333 0.068376 0.033333 0.054701
2 0.714744 0.105128 0.026923 0.049573
2 0.782051 0.893162 0.038462 0.035897
2 0.544231 0.921368 0.026923 0.044444
2 0.746795 0.395726 0.034615 0.029060
2 0.275000 0.745299 0.021795 0.041026
2 0.444231 0.302564 0.026923 0.047863
2 0.139103 0.445299 0.016667 0.046154
2 0.610256 0.576068 0.023077 0.030769
2 0.369872 0.435043 0.034615 0.029060
2 0.477564 0.498291 0.029487 0.025641
2 0.350000 0.711111 0.023077 0.034188
2 0.987821 0.150427 0.024359 0.051282
2 0.739744 0.146154 0.023077 0.029060
2 0.735897 0.893162 0.020513 0.032479
2 0.675000 0.894017 0.029487 0.023932
2 0.419872 0.233333 0.024359 0.035897
2 0.935897 0.134188 0.033333 0.039316
2 0.749359 0.015385 0.029487 0.030769
2 0.685256 0.334188 0.019231 0.029060
2 0.021154 0.665812 0.019231 0.035897
2 0.884615 0.308547 0.017949 0.029060
2 0.993590 0.211111 0.012821 0.035897
2 0.161538 0.605128 0.017949 0.030769
2 0.915385 0.396581 0.017949 0.030769
2 0.260256 0.394872 0.020513 0.023932
2 0.965385 0.759829 0.025641 0.018803
2 0.403205 0.552137 0.016667 0.030769
2 0.475000 0.100855 0.019231 0.027350
2 0.925641 0.009402 0.023077 0.018803
2 0.671154 0.205983 0.014103 0.029060
2 0.698718 0.659829 0.015385 0.030769
2 0.744872 0.676068 0.017949 0.025641
2 0.628205 0.991453 0.030769 0.017094
2 0.272436 0.974359 0.016667 0.027350
2 0.392308 0.710256 0.017949 0.025641
2 0.087821 0.115385 0.019231 0.022222
2 0.130769 0.295726 0.015385 0.027350
2 0.322436 0.018803 0.016667 0.023932
2 0.105769 0.814530 0.014103 0.029060
2 0.658333 0.378632 0.016667 0.022222
2 0.906410 0.659829 0.010256 0.030769
2 0.856410 0.345299 0.015385 0.027350
2 0.993590 0.445299 0.012821 0.029060
2 0.773718 0.758120 0.019231 0.018803
2 0.961538 0.455556 0.015385 0.022222
2 0.644231 0.174359 0.016667 0.020513
2 0.582692 0.694872 0.016667 0.018803
2 0.657051 0.506838 0.016667 0.018803
2 0.716667 0.588889 0.015385 0.018803
2 0.237179 0.325641 0.015385 0.018803
2 0.588462 0.060684 0.015385 0.022222
