2 0.420513 0.452991 0.051282 0.075214
2 0.301923 0.308547 0.034615 0.056410
2 0.462821 0.352991 0.030769 0.076923
2 0.258333 0.540171 0.019231 0.075214
2 0.107692 0.473504 0.023077 0.037607
2 0.488462 0.321368 0.030769 0.030769
2 0.858974 0.441880 0.020513 0.032479
2 0.519872 0.081197 0.021795 0.029060
2 0.518590 0.361538 0.021795 0.025641
2 0.511538 0.222222 0.020513 0.027350
2 0.519872 0.570940 0.014103 0.030769
2 0.033974 0.901709 0.016667 0.042735
2 0.363462 0.271795 0.021795 0.027350
2 0.167949 0.430769 0.015385 0.023932
2 0.951923 0.346154 0.014103 0.025641
2 0.342308 0.392308 0.017949 0.018803
2 0.676923 0.466667 0.015385 0.020513
