2 0.557692 0.403419 0.051282 0.095726
2 0.430128 0.688889 0.062821 0.082051
2 0.490385 0.470940 0.075641 0.080342
2 0.671154 0.419658 0.042308 0.097436
2 0.315385 0.852137 0.058974 0.076923
2 0.345513 0.578632 0.039744 0.073504
2 0.373718 0.935897 0.060256 0.032479
2 0.390385 0.547863 0.037179 0.035897
2 0.446154 0.444444 0.023077 0.044444
2 0.730128 0.499145 0.037179 0.037607
2 0.707692 0.405983 0.023077 0.042735
2 0.203846 0.677778 0.023077 0.049573
2 0.886538 0.315385 0.024359 0.032479
2 0.866667 0.731624 0.020513 0.037607
2 0.144872 0.870940 0.025641 0.035897
2 0.526923 0.747863 0.028205 0.032479
2 0.035256 0.405983 0.021795 0.032479
2 0.372436 0.707692 0.021795 0.027350
2 0.666667 0.622222 0.020513 0.034188
2 0.933333 0.714530 0.025641 0.023932
2 0.082692 0.367521 0.016667 0.034188
2 0.872436 0.610256 0.032051 0.020513
2 0.197436 0.805128 0.015385 0.030769
2 0.970513 0.372650 0.020513 0.027350
2 0.944231 0.309402 0.016667 0.027350
2 0.575641 0.206838 0.012821 0.030769
2 0.264103 0.409402 0.020513 0.035897
2 0.728205 0.152991 0.015385 0.025641
2 0.828846 0.910256 0.014103 0.025641
2 0.774359 0.405128 0.015385 0.023932
2 0.271795 0.803419 0.012821 0.027350
2 0.028846 0.332479 0.016667 0.025641
2 0.478846 0.539316 0.019231 0.018803
2 0.183333 0.751282 0.015385 0.022222
2 0.381410 0.674359 0.019231 0.018803
2 0.864744 0.901709 0.014103 0.022222
2 0.006410 0.928205 0.012821 0.027350
2 0.800641 0.135043 0.014103 0.020513
2 0.958974 0.260684 0.012821 0.022222
