2 0.269231 0.759829 0.125641 0.179487
2 0.757692 0.464103 0.076923 0.107692
2 0.612821 0.908547 0.058974 0.094017
2 0.033974 0.136752 0.047436 0.092308
2 0.838462 0.699145 0.046154 0.061538
2 0.537821 0.857265 0.044872 0.083761
2 0.512821 0.699145 0.030769 0.099145
2 0.075000 0.094872 0.050000 0.059829
2 0.853205 0.808547 0.037179 0.058120
2 0.298718 0.886325 0.028205 0.056410
2 0.115385 0.869231 0.017949 0.063248
2 0.969872 0.716239 0.019231 0.037607
2 0.955769 0.958120 0.032051 0.029060
2 0.921795 0.670085 0.028205 0.030769
2 0.417949 0.940171 0.020513 0.034188
2 0.929487 0.985470 0.028205 0.029060
2 0.607692 0.661538 0.023077 0.027350
2 0.967308 0.374359 0.021795 0.027350
2 0.760897 0.253846 0.016667 0.039316
2 0.871154 0.852137 0.021795 0.025641
2 0.814744 0.582906 0.024359 0.027350
2 0.251282 0.197436 0.017949 0.025641
2 0.696795 0.437607 0.016667 0.020513
2 0.400000 0.650427 0.015385 0.022222
2 0.370513 0.903419 0.012821 0.029060
