2 0.225000 0.471795 0.078205 0.129915
2 0.063462 0.208547 0.073077 0.112821
2 0.317949 0.542735 0.051282 0.121368
2 0.485897 0.437607 0.048718 0.071795
2 0.517949 0.074359 0.046154 0.063248
2 0.624359 0.916239 0.051282 0.054701
2 0.466667 0.364103 0.048718 0.047863
2 0.640385 0.022222 0.039744 0.044444
2 0.176282 0.054701 0.052564 0.047863
2 0.246795 0.351282 0.037179 0.046154
2 0.557692 0.464103 0.048718 0.035897
2 0.723718 0.094872 0.032051 0.042735
2 0.296154 0.858120 0.041026 0.047863
2 0.989103 0.217949 0.021795 0.042735
2 0.284615 0.564957 0.028205 0.032479
2 0.097436 0.739316 0.035897 0.049573
2 0.527564 0.399145 0.026923 0.025641
2 0.132051 0.810256 0.023077 0.030769
2 0.791667 0.140171 0.016667 0.037607
2 0.503846 0.148718 0.017949 0.027350
2 0.570513 0.015385 0.017949 0.030769
2 0.975000 0.580342 0.019231 0.025641
2 0.133974 0.252991 0.016667 0.023932
2 0.917949 0.671795 0.012821 0.023932
2 0.575000 0.248718 0.016667 0.018803
2 0.922436 0.209402 0.011538 0.025641
