2 0.775000 0.335043 0.080769 0.133333
2 0.814744 0.178632 0.062821 0.066667
2 0.284615 0.519658 0.035897 0.051282
2 0.194872 0.451282 0.030769 0.078632
2 0.703205 0.529915 0.024359 0.064957
2 0.319872 0.319658 0.032051 0.044444
2 0.751282 0.544444 0.023077 0.052991
2 0.730128 0.596581 0.024359 0.044444
2 0.812821 0.682051 0.030769 0.037607
2 0.755128 0.103419 0.033333 0.035897
2 0.383333 0.278632 0.025641 0.034188
2 0.476282 0.655556 0.019231 0.035897
2 0.686538 0.639316 0.024359 0.041026
2 0.755769 0.015385 0.019231 0.030769
2 0.615385 0.273504 0.023077 0.023932
2 0.592308 0.721368 0.017949 0.027350
2 0.210256 0.882906 0.020513 0.022222
2 0.101282 0.056410 0.015385 0.034188
2 0.758333 0.325641 0.019231 0.025641
2 0.480128 0.430769 0.014103 0.027350
2 0.862179 0.222222 0.016667 0.027350
2 0.591667 0.606838 0.016667 0.023932
2 0.755128 0.179487 0.015385 0.023932
2 0.817308 0.235043 0.014103 0.022222
2 0.150641 0.295726 0.016667 0.017094
2 0.731410 0.200855 0.011538 0.025641
2 0.705769 0.300855 0.014103 0.023932
