2 0.657692 0.371795 0.051282 0.107692
2 0.147436 0.277778 0.076923 0.083761
2 0.849359 0.200855 0.039744 0.052991
2 0.860256 0.963248 0.053846 0.046154
2 0.503846 0.449573 0.038462 0.044444
2 0.632692 0.244444 0.044872 0.047863
2 0.328205 0.421368 0.028205 0.056410
2 0.200000 0.381197 0.033333 0.041026
2 0.728205 0.341026 0.030769 0.052991
2 0.525000 0.509402 0.024359 0.054701
2 0.244231 0.057265 0.037179 0.066667
2 0.593590 0.817949 0.028205 0.046154
2 0.109615 0.588034 0.029487 0.047863
2 0.210897 0.606838 0.032051 0.030769
2 0.078846 0.234188 0.021795 0.044444
2 0.167308 0.679487 0.024359 0.049573
2 0.178205 0.771795 0.017949 0.046154
2 0.319872 0.296581 0.016667 0.052991
2 0.511538 0.224786 0.035897 0.025641
2 0.546154 0.188889 0.020513 0.039316
2 0.158333 0.188034 0.021795 0.037607
2 0.866667 0.904274 0.030769 0.030769
2 0.737179 0.281197 0.023077 0.029060
2 0.318590 0.494872 0.019231 0.035897
2 0.491026 0.523077 0.020513 0.034188
2 0.931410 0.161538 0.026923 0.022222
2 0.153205 0.566667 0.026923 0.029060
2 0.061538 0.525641 0.020513 0.025641
2 0.456410 0.376068 0.017949 0.027350
2 0.625641 0.550427 0.020513 0.023932
2 0.605769 0.304274 0.016667 0.030769
2 0.217949 0.472650 0.015385 0.032479
2 0.679487 0.140171 0.015385 0.034188
2 0.743590 0.982906 0.015385 0.034188
2 0.237821 0.288034 0.014103 0.029060
2 0.044872 0.322222 0.020513 0.022222
2 0.473077 0.478632 0.015385 0.027350
2 0.800641 0.602564 0.016667 0.022222
2 0.853205 0.677778 0.014103 0.022222
