2 0.066667 0.115385 0.133333 0.230769
2 0.363462 0.280342 0.078205 0.102564
2 0.567949 0.544444 0.094872 0.107692
2 0.159615 0.042735 0.083333 0.085470
2 0.369872 0.158974 0.037179 0.116239
2 0.595513 0.335043 0.034615 0.071795
2 0.819231 0.455556 0.038462 0.049573
2 0.080769 0.254701 0.043590 0.044444
2 0.195513 0.187179 0.021795 0.070085
2 0.475000 0.422222 0.026923 0.061538
2 0.266026 0.379487 0.039744 0.071795
2 0.182051 0.289744 0.035897 0.052991
2 0.425641 0.272650 0.023077 0.059829
2 0.534615 0.324786 0.025641 0.041026
2 0.722436 0.439316 0.026923 0.034188
2 0.056410 0.424786 0.023077 0.039316
2 0.013462 0.437607 0.026923 0.034188
2 0.476923 0.154701 0.025641 0.039316
2 0.454487 0.242735 0.019231 0.051282
2 0.265385 0.122222 0.025641 0.032479
2 0.096795 0.829915 0.021795 0.035897
2 0.130128 0.322222 0.032051 0.022222
2 0.257692 0.174359 0.017949 0.041026
2 0.544872 0.769231 0.020513 0.034188
2 0.505128 0.272650 0.023077 0.035897
2 0.200641 0.847009 0.016667 0.039316
2 0.991667 0.161538 0.016667 0.035897
2 0.375000 0.759829 0.019231 0.032479
2 0.603846 0.016239 0.020513 0.032479
2 0.617308 0.217949 0.024359 0.042735
2 0.278205 0.225641 0.017949 0.027350
2 0.242949 0.289744 0.014103 0.032479
2 0.917949 0.214530 0.017949 0.029060
2 0.620513 0.417949 0.015385 0.025641
2 0.455128 0.123932 0.012821 0.025641
2 0.494872 0.693162 0.015385 0.018803
