2 0.563462 0.700000 0.091026 0.087179
2 0.826923 0.493162 0.092308 0.059829
2 0.298718 0.109402 0.041026 0.061538
2 0.582051 0.445299 0.046154 0.052991
2 0.464744 0.803419 0.044872 0.047863
2 0.644231 0.764957 0.055128 0.042735
2 0.532692 0.205983 0.029487 0.046154
2 0.379487 0.635043 0.025641 0.056410
2 0.960256 0.581197 0.041026 0.030769
2 0.871795 0.558974 0.033333 0.037607
2 0.990385 0.625641 0.019231 0.105983
2 0.667308 0.205128 0.037179 0.027350
2 0.367949 0.776068 0.023077 0.047863
2 0.692949 0.985470 0.042308 0.029060
2 0.255128 0.121368 0.028205 0.037607
2 0.591667 0.602564 0.021795 0.039316
2 0.349359 0.169231 0.021795 0.041026
2 0.407692 0.759829 0.030769 0.032479
2 0.833333 0.063248 0.025641 0.037607
2 0.214103 0.255556 0.038462 0.022222
2 0.640385 0.349573 0.021795 0.032479
2 0.264103 0.307692 0.028205 0.030769
2 0.794872 0.661538 0.017949 0.034188
2 0.482051 0.915385 0.017949 0.035897
2 0.741026 0.388889 0.020513 0.029060
2 0.047436 0.588034 0.028205 0.027350
2 0.142949 0.709402 0.021795 0.030769
2 0.858333 0.299145 0.024359 0.023932
2 0.058333 0.524786 0.032051 0.020513
2 0.107051 0.682051 0.019231 0.027350
2 0.929487 0.496581 0.017949 0.029060
2 0.983333 0.427350 0.020513 0.027350
2 0.721154 0.228205 0.016667 0.032479
2 0.496154 0.517949 0.017949 0.027350
2 0.038462 0.060684 0.017949 0.029060
2 0.609615 0.811111 0.019231 0.029060
2 0.832692 0.935897 0.019231 0.029060
2 0.280128 0.639316 0.014103 0.034188
2 0.566667 0.827350 0.015385 0.027350
2 0.959615 0.967521 0.014103 0.034188
2 0.278205 0.497436 0.017949 0.023932
2 0.801282 0.539316 0.020513 0.025641
2 0.098718 0.517949 0.015385 0.027350
2 0.833974 0.349573 0.014103 0.032479
2 0.281410 0.191453 0.019231 0.020513
2 0.536538 0.380342 0.019231 0.018803
2 0.377564 0.061538 0.011538 0.027350
2 0.289744 0.035043 0.015385 0.022222
2 0.829487 0.700855 0.015385 0.020513
2 0.344231 0.217949 0.016667 0.018803
2 0.325000 0.018803 0.019231 0.037607
2 0.250641 0.011111 0.014103 0.022222
2 0.239744 0.178632 0.015385 0.018803
2 0.275641 0.698291 0.017949 0.018803
2 0.896154 0.724786 0.017949 0.023932
2 0.093590 0.451282 0.012821 0.023932
2 0.666667 0.248718 0.012821 0.022222
2 0.757051 0.875214 0.014103 0.020513
