2 0.436538 0.300000 0.091026 0.087179
2 0.173077 0.506838 0.092308 0.059829
2 0.701282 0.890598 0.041026 0.061538
2 0.417949 0.554701 0.046154 0.052991
2 0.535256 0.196581 0.044872 0.047863
2 0.355769 0.235043 0.055128 0.042735
2 0.467308 0.794017 0.029487 0.046154
2 0.620513 0.364957 0.025641 0.056410
2 0.039744 0.418803 0.041026 0.030769
2 0.128205 0.441026 0.033333 0.037607
2 0.009615 0.374359 0.019231 0.105983
2 0.332692 0.794872 0.037179 0.027350
2 0.632051 0.223932 0.023077 0.047863
2 0.307051 0.014530 0.042308 0.029060
2 0.744872 0.878632 0.028205 0.037607
2 0.408333 0.397436 0.021795 0.039316
2 0.650641 0.830769 0.021795 0.041026
2 0.592308 0.240171 0.030769 0.032479
2 0.166667 0.936752 0.025641 0.037607
2 0.785897 0.744444 0.038462 0.022222
2 0.359615 0.650427 0.021795 0.032479
2 0.735897 0.692308 0.028205 0.030769
2 0.205128 0.338462 0.017949 0.034188
2 0.517949 0.083761 0.017949 0.037607
2 0.258974 0.611111 0.020513 0.029060
2 0.952564 0.411966 0.028205 0.027350
2 0.857051 0.290598 0.021795 0.030769
2 0.141667 0.700855 0.024359 0.023932
2 0.941667 0.475214 0.032051 0.020513
2 0.892949 0.317949 0.019231 0.027350
2 0.070513 0.503419 0.017949 0.029060
2 0.016667 0.572650 0.020513 0.027350
2 0.278846 0.771795 0.016667 0.032479
2 0.503846 0.482051 0.017949 0.027350
2 0.961538 0.939316 0.017949 0.029060
2 0.390385 0.188889 0.019231 0.029060
2 0.167308 0.064103 0.019231 0.029060
2 0.719872 0.360684 0.014103 0.034188
2 0.433333 0.172650 0.015385 0.027350
2 0.040385 0.032479 0.014103 0.034188
2 0.721795 0.502564 0.017949 0.023932
2 0.198718 0.460684 0.020513 0.025641
2 0.901282 0.482051 0.015385 0.027350
2 0.166026 0.650427 0.014103 0.032479
2 0.718590 0.808547 0.019231 0.020513
2 0.463462 0.619658 0.019231 0.018803
2 0.622436 0.938462 0.011538 0.027350
2 0.710256 0.964957 0.015385 0.022222
2 0.170513 0.300000 0.015385 0.018803
2 0.655769 0.782051 0.016667 0.018803
2 0.675000 0.981197 0.019231 0.037607
2 0.749359 0.988889 0.014103 0.022222
2 0.760897 0.821368 0.016667 0.018803
2 0.724359 0.301709 0.017949 0.018803
2 0.906410 0.548718 0.012821 0.023932
2 0.103846 0.275214 0.017949 0.023932
2 0.333333 0.751282 0.012821 0.022222
2 0.242949 0.124786 0.014103 0.020513
