2 0.536538 0.494872 0.052564 0.059829
2 0.456410 0.337607 0.030769 0.049573
2 0.875000 0.358120 0.034615 0.056410
2 0.752564 0.246154 0.025641 0.044444
2 0.422436 0.305983 0.024359 0.037607
2 0.360256 0.195726 0.017949 0.046154
2 0.491667 0.726496 0.032051 0.047863
2 0.446154 0.791453 0.033333 0.051282
2 0.394231 0.340171 0.029487 0.027350
2 0.226282 0.482051 0.014103 0.051282
2 0.353205 0.582906 0.019231 0.047863
2 0.457692 0.580342 0.017949 0.032479
2 0.437821 0.727350 0.016667 0.046154
2 0.305769 0.721368 0.016667 0.030769
2 0.501923 0.074359 0.016667 0.032479
2 0.605769 0.120513 0.016667 0.029060
2 0.512821 0.134188 0.015385 0.032479
2 0.716667 0.413675 0.020513 0.023932
2 0.223718 0.548718 0.016667 0.027350
2 0.605128 0.612821 0.025641 0.025641
2 0.361538 0.425641 0.023077 0.034188
2 0.374359 0.291453 0.017949 0.025641
2 0.322436 0.432479 0.016667 0.023932
2 0.902564 0.816239 0.012821 0.029060
2 0.763462 0.456410 0.016667 0.020513
2 0.571795 0.567521 0.012821 0.023932
2 0.192949 0.400855 0.014103 0.022222
2 0.548718 0.695726 0.020513 0.023932
2 0.569872 0.228205 0.014103 0.022222
2 0.433974 0.488034 0.014103 0.022222
2 0.316667 0.551282 0.012821 0.022222
2 0.458333 0.043590 0.014103 0.025641
2 0.930128 0.700000 0.014103 0.025641
2 0.819231 0.783761 0.012821 0.025641
