2 0.164103 0.793162 0.038462 0.105983
2 0.482692 0.230769 0.047436 0.037607
2 0.192949 0.637607 0.032051 0.088889
2 0.174359 0.167521 0.041026 0.054701
2 0.170513 0.550427 0.038462 0.051282
2 0.031410 0.605983 0.026923 0.042735
2 0.014103 0.084615 0.028205 0.052991
2 0.946154 0.104274 0.028205 0.054701
2 0.675641 0.203419 0.038462 0.030769
2 0.495513 0.730769 0.032051 0.032479
2 0.643590 0.288034 0.030769 0.039316
2 0.437821 0.529915 0.021795 0.047863
2 0.085256 0.877778 0.032051 0.032479
2 0.636538 0.609402 0.024359 0.035897
2 0.158974 0.695726 0.017949 0.037607
2 0.048718 0.278632 0.023077 0.041026
2 0.406410 0.370085 0.020513 0.035897
2 0.728846 0.711966 0.024359 0.029060
2 0.972436 0.171795 0.016667 0.042735
2 0.575641 0.286325 0.023077 0.032479
2 0.048077 0.847863 0.021795 0.030769
2 0.421154 0.813675 0.016667 0.044444
2 0.670513 0.878632 0.023077 0.041026
2 0.426923 0.878632 0.023077 0.027350
2 0.739103 0.051282 0.021795 0.034188
2 0.010897 0.629060 0.021795 0.037607
2 0.208974 0.755556 0.017949 0.034188
2 0.365385 0.765812 0.017949 0.030769
2 0.150641 0.205983 0.019231 0.032479
2 0.776923 0.608547 0.028205 0.020513
2 0.232051 0.354701 0.017949 0.029060
2 0.125000 0.124786 0.021795 0.027350
2 0.323718 0.852991 0.021795 0.027350
2 0.057051 0.647009 0.016667 0.029060
2 0.114744 0.818803 0.019231 0.023932
2 0.522436 0.652137 0.016667 0.025641
2 0.890385 0.094872 0.016667 0.029060
2 0.248718 0.852991 0.023077 0.023932
2 0.131410 0.742735 0.019231 0.022222
2 0.387179 0.682051 0.017949 0.023932
2 0.030128 0.459829 0.014103 0.027350
2 0.595513 0.907692 0.016667 0.023932
2 0.794231 0.150427 0.014103 0.027350
2 0.639103 0.205128 0.016667 0.027350
2 0.197436 0.454701 0.020513 0.020513
2 0.332692 0.800000 0.014103 0.023932
2 0.407692 0.750427 0.015385 0.023932
2 0.650641 0.815385 0.014103 0.023932
2 0.274359 0.578632 0.015385 0.025641
2 0.191667 0.990598 0.016667 0.018803
2 0.283974 0.753846 0.016667 0.020513
2 0.785897 0.447863 0.015385 0.020513
2 0.698077 0.533333 0.011538 0.027350
2 0.521795 0.086325 0.015385 0.018803
2 0.228205 0.570085 0.017949 0.018803
2 0.004487 0.964957 0.008974 0.042735
