2 0.789744 0.181197 0.041026 0.085470
2 0.144872 0.522222 0.023077 0.046154
2 0.964744 0.289744 0.026923 0.039316
2 0.418590 0.847863 0.024359 0.044444
2 0.435256 0.311111 0.026923 0.027350
2 0.325641 0.727350 0.025641 0.029060
2 0.649359 0.284615 0.021795 0.029060
2 0.325000 0.552991 0.014103 0.049573
2 0.365385 0.694872 0.015385 0.035897
2 0.210897 0.864103 0.021795 0.032479
2 0.944872 0.448718 0.017949 0.029060
2 0.730769 0.507692 0.017949 0.023932
2 0.677564 0.416239 0.016667 0.025641
2 0.749359 0.357265 0.019231 0.034188
2 0.183974 0.434188 0.019231 0.020513
2 0.498718 0.282906 0.015385 0.025641
2 0.626923 0.352137 0.015385 0.020513
2 0.242308 0.664103 0.012821 0.025641
2 0.358333 0.761538 0.016667 0.018803
