2 0.164103 0.399145 0.092308 0.111111
2 0.301923 0.639316 0.052564 0.092308
2 0.282051 0.405128 0.041026 0.054701
2 0.134615 0.664103 0.043590 0.066667
2 0.205769 0.270085 0.044872 0.085470
2 0.107692 0.110256 0.043590 0.090598
2 0.446795 0.272650 0.034615 0.059829
2 0.612821 0.304274 0.046154 0.068376
2 0.669231 0.458120 0.046154 0.037607
2 0.573718 0.385470 0.039744 0.046154
2 0.507692 0.384615 0.030769 0.051282
2 0.185256 0.218803 0.034615 0.054701
2 0.669872 0.356410 0.024359 0.056410
2 0.055769 0.347009 0.029487 0.064957
2 0.763462 0.675214 0.029487 0.054701
2 0.237179 0.182906 0.033333 0.041026
2 0.050000 0.530769 0.046154 0.049573
2 0.396154 0.227350 0.046154 0.068376
2 0.384615 0.621368 0.033333 0.039316
2 0.348077 0.042735 0.050000 0.037607
2 0.601923 0.794872 0.019231 0.061538
2 0.244872 0.447863 0.038462 0.037607
2 0.014103 0.976068 0.028205 0.047863
2 0.444231 0.795726 0.032051 0.029060
2 0.323718 0.235897 0.024359 0.041026
2 0.153846 0.981197 0.028205 0.037607
2 0.598077 0.652137 0.029487 0.029060
2 0.088462 0.018803 0.028205 0.037607
2 0.537179 0.068376 0.030769 0.030769
2 0.241667 0.966667 0.034615 0.025641
2 0.725641 0.945299 0.025641 0.044444
2 0.341026 0.141026 0.020513 0.039316
2 0.116667 0.537607 0.015385 0.046154
2 0.282692 0.253846 0.021795 0.035897
2 0.642308 0.076068 0.017949 0.035897
2 0.112179 0.185470 0.019231 0.029060
2 0.043590 0.627350 0.017949 0.030769
2 0.335256 0.747009 0.021795 0.027350
2 0.126923 0.318803 0.017949 0.029060
2 0.225000 0.788034 0.019231 0.027350
2 0.570513 0.535043 0.017949 0.027350
2 0.179487 0.522222 0.017949 0.032479
2 0.360256 0.496581 0.020513 0.022222
2 0.012179 0.229060 0.024359 0.017094
2 0.262179 0.090598 0.019231 0.023932
2 0.678205 0.158974 0.017949 0.023932
2 0.469231 0.971795 0.015385 0.025641
2 0.365385 0.174359 0.017949 0.023932
2 0.305128 0.771795 0.015385 0.022222
2 0.977564 0.653846 0.014103 0.022222
2 0.603205 0.046154 0.014103 0.020513
