2 0.458333 0.701709 0.065385 0.162393
2 0.241026 0.815385 0.058974 0.129915
2 0.464103 0.038462 0.064103 0.076923
2 0.100641 0.681197 0.052564 0.090598
2 0.727564 0.258120 0.055128 0.061538
2 0.035256 0.110256 0.032051 0.094017
2 0.156410 0.786325 0.053846 0.071795
2 0.360256 0.555556 0.028205 0.075214
2 0.035256 0.213675 0.047436 0.071795
2 0.759615 0.369231 0.037179 0.047863
2 0.175641 0.646154 0.033333 0.058120
2 0.088462 0.753846 0.046154 0.030769
2 0.490385 0.616239 0.029487 0.035897
2 0.121154 0.354701 0.026923 0.035897
2 0.042949 0.694017 0.032051 0.034188
2 0.469231 0.129915 0.043590 0.027350
2 0.914103 0.677778 0.025641 0.032479
2 0.560256 0.647009 0.020513 0.046154
2 0.185256 0.241880 0.019231 0.042735
2 0.277564 0.355556 0.024359 0.030769
2 0.364744 0.464957 0.024359 0.030769
2 0.454487 0.984615 0.026923 0.030769
2 0.207051 0.711966 0.032051 0.025641
2 0.687821 0.439316 0.019231 0.037607
2 0.159615 0.281197 0.021795 0.032479
2 0.339744 0.861538 0.020513 0.034188
2 0.304487 0.934188 0.019231 0.032479
2 0.247436 0.170085 0.020513 0.029060
2 0.589744 0.864957 0.023077 0.027350
2 0.008974 0.422222 0.017949 0.030769
2 0.723718 0.105128 0.016667 0.035897
2 0.242308 0.270085 0.017949 0.034188
2 0.019872 0.860684 0.016667 0.029060
2 0.412821 0.716239 0.017949 0.027350
2 0.338462 0.122222 0.017949 0.025641
2 0.851282 0.669231 0.015385 0.032479
2 0.066667 0.271795 0.023077 0.023932
2 0.532692 0.421368 0.019231 0.025641
2 0.337179 0.405128 0.017949 0.030769
2 0.411538 0.949573 0.017949 0.025641
2 0.222436 0.300855 0.014103 0.034188
2 0.207051 0.505983 0.021795 0.020513
2 0.101282 0.038462 0.017949 0.025641
2 0.272436 0.230769 0.016667 0.027350
2 0.740385 0.147863 0.016667 0.025641
2 0.395513 0.382906 0.021795 0.017094
2 0.254487 0.923077 0.021795 0.017094
2 0.992308 0.941880 0.015385 0.020513
2 0.181410 0.732479 0.014103 0.022222
