2 0.392949 0.237607 0.037179 0.082051
2 0.475641 0.600000 0.048718 0.037607
2 0.525641 0.132479 0.025641 0.052991
2 0.441026 0.315385 0.023077 0.059829
2 0.331410 0.769231 0.021795 0.064957
2 0.465385 0.450427 0.035897 0.032479
2 0.411538 0.748718 0.023077 0.044444
2 0.387821 0.857265 0.019231 0.052991
2 0.198718 0.172650 0.023077 0.034188
2 0.299359 0.681197 0.026923 0.025641
2 0.409615 0.668376 0.021795 0.027350
2 0.309615 0.880342 0.019231 0.030769
2 0.562821 0.552137 0.030769 0.030769
2 0.326282 0.346154 0.016667 0.039316
2 0.735897 0.767521 0.015385 0.034188
2 0.509615 0.700000 0.014103 0.022222
2 0.589103 0.271795 0.011538 0.027350
