2 0.421154 0.848718 0.032051 0.076923
2 0.141026 0.816239 0.046154 0.046154
2 0.489103 0.623077 0.047436 0.042735
2 0.334615 0.841880 0.025641 0.046154
2 0.892308 0.164957 0.017949 0.042735
2 0.251282 0.650427 0.020513 0.032479
2 0.650000 0.726496 0.015385 0.030769
2 0.251282 0.092308 0.020513 0.047863
2 0.445513 0.971795 0.016667 0.029060
2 0.410897 0.164957 0.016667 0.029060
2 0.515385 0.277778 0.023077 0.022222
2 0.385256 0.760684 0.016667 0.023932
2 0.121154 0.729915 0.014103 0.030769
2 0.469872 0.603419 0.016667 0.020513
2 0.793590 0.552991 0.015385 0.018803
2 0.454487 0.912821 0.016667 0.020513
2 0.803205 0.110256 0.011538 0.025641
