2 0.798718 0.511111 0.117949 0.201709
2 0.959615 0.351282 0.080769 0.128205
2 0.813462 0.211966 0.070513 0.133333
2 0.748077 0.747009 0.142308 0.088889
2 0.535897 0.374359 0.074359 0.109402
2 0.470513 0.530769 0.092308 0.104274
2 0.300641 0.550427 0.050000 0.102564
2 0.807051 0.337607 0.050000 0.094017
2 0.842949 0.821368 0.052564 0.087179
2 0.892308 0.278632 0.071795 0.054701
2 0.326923 0.453846 0.046154 0.076923
2 0.624359 0.357265 0.038462 0.102564
2 0.602564 0.703419 0.046154 0.066667
2 0.180128 0.702564 0.044872 0.064957
2 0.569872 0.596581 0.037179 0.071795
2 0.522436 0.638462 0.050000 0.042735
2 0.898718 0.504274 0.028205 0.068376
2 0.912179 0.887179 0.050000 0.041026
2 0.085256 0.216239 0.039744 0.046154
2 0.549359 0.247009 0.026923 0.066667
2 0.944231 0.822222 0.052564 0.047863
2 0.465385 0.347009 0.030769 0.068376
2 0.739744 0.923077 0.043590 0.054701
2 0.506410 0.270940 0.035897 0.056410
2 0.224359 0.254701 0.033333 0.051282
2 0.621795 0.260684 0.046154 0.025641
2 0.890385 0.655556 0.024359 0.042735
2 0.511538 0.139316 0.033333 0.035897
2 0.913462 0.129915 0.026923 0.047863
2 0.401923 0.421368 0.032051 0.035897
2 0.758974 0.167521 0.025641 0.047863
2 0.754487 0.105128 0.029487 0.035897
2 0.287179 0.054701 0.025641 0.044444
2 0.992308 0.471795 0.015385 0.071795
2 0.621795 0.603419 0.033333 0.034188
2 0.241667 0.658974 0.026923 0.035897
2 0.253205 0.709402 0.026923 0.037607
2 0.041667 0.014530 0.032051 0.029060
2 0.574359 0.523932 0.020513 0.042735
2 0.859615 0.385470 0.029487 0.029060
2 0.939103 0.737607 0.037179 0.035897
2 0.159615 0.598291 0.021795 0.037607
2 0.989103 0.582906 0.021795 0.034188
2 0.642949 0.023077 0.019231 0.046154
2 0.326282 0.972650 0.026923 0.034188
2 0.239103 0.781197 0.026923 0.027350
2 0.519231 0.947009 0.020513 0.034188
2 0.981410 0.987179 0.024359 0.025641
2 0.881410 0.981197 0.021795 0.037607
2 0.746154 0.658974 0.025641 0.025641
2 0.657051 0.745299 0.021795 0.030769
2 0.272436 0.748718 0.021795 0.041026
2 0.701282 0.517094 0.020513 0.029060
2 0.621795 0.965812 0.017949 0.030769
2 0.007051 0.021368 0.014103 0.042735
2 0.944231 0.429915 0.021795 0.025641
2 0.783333 0.850427 0.020513 0.029060
2 0.014103 0.235043 0.028205 0.022222
2 0.476923 0.447863 0.023077 0.023932
2 0.701923 0.245299 0.021795 0.025641
2 0.789744 0.052991 0.020513 0.027350
2 0.321795 0.769231 0.017949 0.027350
2 0.889744 0.744444 0.017949 0.029060
2 0.900641 0.056410 0.016667 0.030769
2 0.732692 0.061538 0.016667 0.027350
2 0.468590 0.017094 0.016667 0.034188
2 0.731410 0.722222 0.014103 0.029060
2 0.720513 0.585470 0.017949 0.025641
2 0.978846 0.221368 0.019231 0.022222
2 0.394231 0.809402 0.014103 0.025641
2 0.442949 0.835897 0.016667 0.027350
2 0.642308 0.990598 0.017949 0.018803
2 0.238462 0.500000 0.023077 0.022222
2 0.682051 0.987179 0.012821 0.025641
2 0.376923 0.512821 0.012821 0.027350
2 0.187821 0.852991 0.016667 0.020513
2 0.375641 0.752991 0.017949 0.018803
2 0.241667 0.611966 0.016667 0.020513
2 0.353205 0.398291 0.019231 0.017094
2 0.710256 0.020513 0.017949 0.017094
2 0.273718 0.634188 0.019231 0.017094
2 0.403846 0.317949 0.017949 0.017094
