2 0.500641 0.442735 0.055128 0.047863
2 0.541667 0.564103 0.055128 0.051282
2 0.696795 0.280342 0.037179 0.078632
2 0.740385 0.421368 0.024359 0.059829
2 0.807051 0.452991 0.042308 0.044444
2 0.755769 0.243590 0.024359 0.035897
2 0.148077 0.899145 0.026923 0.027350
2 0.021795 0.775214 0.015385 0.046154
2 0.637179 0.458974 0.017949 0.032479
2 0.344231 0.770085 0.019231 0.032479
2 0.491667 0.617094 0.016667 0.037607
2 0.089103 0.833333 0.016667 0.035897
2 0.992308 0.329060 0.015385 0.035897
2 0.785897 0.416239 0.020513 0.022222
2 0.704487 0.575214 0.021795 0.025641
2 0.819872 0.365812 0.014103 0.030769
2 0.094872 0.136752 0.015385 0.027350
2 0.508333 0.881197 0.016667 0.029060
2 0.641026 0.110256 0.012821 0.032479
2 0.190385 0.856410 0.014103 0.023932
2 0.507692 0.394872 0.015385 0.023932
2 0.220513 0.593162 0.012821 0.023932
2 0.444872 0.196581 0.015385 0.020513
2 0.049359 0.784615 0.011538 0.023932
2 0.445513 0.360684 0.011538 0.023932
