2 0.835897 0.600855 0.092308 0.111111
2 0.698077 0.360684 0.052564 0.092308
2 0.717949 0.594872 0.041026 0.054701
2 0.865385 0.335897 0.043590 0.066667
2 0.794231 0.729915 0.044872 0.085470
2 0.892308 0.889744 0.043590 0.090598
2 0.553205 0.727350 0.034615 0.059829
2 0.387179 0.695726 0.046154 0.068376
2 0.330769 0.541880 0.046154 0.037607
2 0.426282 0.614530 0.039744 0.046154
2 0.492308 0.615385 0.030769 0.051282
2 0.814744 0.781197 0.034615 0.054701
2 0.330128 0.643590 0.024359 0.056410
2 0.944231 0.652991 0.029487 0.064957
2 0.236538 0.324786 0.029487 0.054701
2 0.762821 0.817094 0.033333 0.041026
2 0.603846 0.772650 0.046154 0.068376
2 0.950000 0.469231 0.046154 0.049573
2 0.615385 0.378632 0.033333 0.039316
2 0.651923 0.957265 0.050000 0.037607
2 0.398077 0.205128 0.019231 0.061538
2 0.755128 0.552137 0.038462 0.037607
2 0.985897 0.023932 0.028205 0.047863
2 0.555769 0.204274 0.032051 0.029060
2 0.676282 0.764103 0.024359 0.041026
2 0.846154 0.018803 0.028205 0.037607
2 0.911538 0.981197 0.028205 0.037607
2 0.401923 0.347863 0.029487 0.029060
2 0.462821 0.931624 0.030769 0.030769
2 0.758333 0.033333 0.034615 0.025641
2 0.274359 0.054701 0.025641 0.044444
2 0.658974 0.858974 0.020513 0.039316
2 0.883333 0.462393 0.015385 0.046154
2 0.357692 0.923932 0.017949 0.035897
2 0.717308 0.746154 0.021795 0.035897
2 0.887821 0.814530 0.019231 0.029060
2 0.956410 0.372650 0.017949 0.030769
2 0.664744 0.252991 0.021795 0.027350
2 0.873077 0.681197 0.017949 0.029060
2 0.775000 0.211966 0.019231 0.027350
2 0.429487 0.464957 0.017949 0.027350
2 0.820513 0.477778 0.017949 0.032479
2 0.639744 0.503419 0.020513 0.022222
2 0.987821 0.770940 0.024359 0.017094
2 0.737821 0.909402 0.019231 0.023932
2 0.321795 0.841026 0.017949 0.023932
2 0.530769 0.028205 0.015385 0.025641
2 0.634615 0.825641 0.017949 0.023932
2 0.694872 0.228205 0.015385 0.022222
2 0.022436 0.346154 0.014103 0.022222
2 0.396795 0.953846 0.014103 0.020513
