2 0.367308 0.464957 0.242308 0.369231
2 0.380128 0.102564 0.088462 0.116239
2 0.208974 0.485470 0.066667 0.082051
2 0.752564 0.479487 0.051282 0.094017
2 0.200000 0.684615 0.053846 0.056410
2 0.137179 0.937607 0.048718 0.070085
2 0.637821 0.221368 0.037179 0.087179
2 0.177564 0.563248 0.055128 0.066667
2 0.281410 0.437607 0.039744 0.041026
2 0.194231 0.422222 0.047436 0.054701
2 0.607051 0.670940 0.055128 0.039316
2 0.137179 0.824786 0.033333 0.063248
2 0.585897 0.601709 0.043590 0.051282
2 0.780769 0.738462 0.030769 0.051282
2 0.139744 0.458974 0.028205 0.042735
2 0.220513 0.343590 0.023077 0.054701
2 0.454487 0.728205 0.039744 0.047863
2 0.532692 0.781197 0.034615 0.044444
2 0.407692 0.893162 0.033333 0.056410
2 0.553846 0.694872 0.030769 0.035897
2 0.832051 0.563248 0.025641 0.039316
2 0.689744 0.623932 0.038462 0.027350
2 0.104487 0.885470 0.021795 0.047863
2 0.396154 0.813675 0.020513 0.044444
2 0.500641 0.632479 0.026923 0.041026
2 0.855769 0.452137 0.021795 0.049573
