2 0.648077 0.141026 0.052564 0.073504
2 0.704487 0.088889 0.065385 0.068376
2 0.512821 0.491453 0.043590 0.070085
2 0.591026 0.514530 0.030769 0.071795
2 0.951923 0.522222 0.044872 0.052991
2 0.114744 0.467521 0.042308 0.056410
2 0.169231 0.513675 0.030769 0.056410
2 0.593590 0.718803 0.033333 0.046154
2 0.271154 0.392308 0.029487 0.042735
2 0.858974 0.026496 0.030769 0.052991
2 0.875000 0.158120 0.029487 0.039316
2 0.449359 0.633333 0.039744 0.035897
2 0.096154 0.875214 0.028205 0.037607
2 0.401282 0.215385 0.023077 0.041026
2 0.782692 0.400000 0.021795 0.041026
2 0.198077 0.428205 0.024359 0.035897
2 0.173077 0.653846 0.023077 0.049573
2 0.225000 0.348718 0.021795 0.037607
2 0.803205 0.222222 0.024359 0.034188
2 0.571795 0.657265 0.033333 0.035897
2 0.771154 0.268376 0.032051 0.027350
2 0.566026 0.103419 0.024359 0.025641
2 0.358974 0.588889 0.015385 0.039316
2 0.838462 0.191453 0.025641 0.020513
2 0.177564 0.776923 0.021795 0.025641
2 0.150000 0.247863 0.020513 0.027350
2 0.758974 0.572650 0.020513 0.023932
2 0.290385 0.470940 0.019231 0.025641
2 0.753205 0.325641 0.019231 0.025641
2 0.735256 0.847863 0.016667 0.030769
2 0.487821 0.654701 0.016667 0.023932
2 0.510256 0.359829 0.020513 0.022222
2 0.333333 0.518803 0.017949 0.025641
2 0.737179 0.029915 0.017949 0.025641
2 0.956410 0.320513 0.015385 0.025641
2 0.828205 0.926496 0.015385 0.023932
2 0.213462 0.201709 0.014103 0.023932
2 0.502564 0.170940 0.015385 0.020513
2 0.548718 0.174359 0.015385 0.020513
2 0.739103 0.699145 0.014103 0.020513
