2 0.179487 0.782906 0.238462 0.194872
2 0.831410 0.941026 0.111538 0.117949
2 0.560256 0.523932 0.092308 0.107692
2 0.483974 0.905983 0.096154 0.109402
2 0.887179 0.738462 0.071795 0.099145
2 0.426923 0.694872 0.076923 0.056410
2 0.701923 0.262393 0.042308 0.107692
2 0.600000 0.402564 0.051282 0.083761
2 0.543590 0.842735 0.048718 0.102564
2 0.486538 0.620513 0.044872 0.095726
2 0.191026 0.552137 0.066667 0.044444
2 0.234615 0.962393 0.056410 0.075214
2 0.339744 0.433333 0.056410 0.039316
2 0.226923 0.453846 0.033333 0.087179
2 0.375641 0.613675 0.035897 0.064957
2 0.076282 0.956410 0.042308 0.087179
2 0.826923 0.717094 0.028205 0.059829
2 0.693590 0.979487 0.048718 0.041026
2 0.453846 0.802564 0.033333 0.049573
2 0.891026 0.911111 0.030769 0.051282
2 0.130769 0.368376 0.035897 0.056410
2 0.028846 0.194017 0.044872 0.056410
2 0.707692 0.470085 0.038462 0.058120
2 0.982692 0.810256 0.034615 0.064957
2 0.393590 0.476923 0.035897 0.082051
2 0.523077 0.714530 0.033333 0.044444
2 0.856410 0.856410 0.048718 0.030769
2 0.572436 0.922222 0.044872 0.029060
2 0.033974 0.929060 0.039744 0.035897
2 0.103205 0.661538 0.029487 0.037607
2 0.312179 0.482906 0.021795 0.052991
2 0.783974 0.278632 0.029487 0.037607
2 0.155769 0.282906 0.021795 0.042735
2 0.565385 0.400855 0.025641 0.049573
2 0.678846 0.571795 0.024359 0.046154
2 0.576282 0.698291 0.029487 0.042735
2 0.163462 0.984615 0.026923 0.030769
2 0.885897 0.606838 0.028205 0.027350
2 0.568590 0.207692 0.026923 0.032479
2 0.787179 0.138462 0.020513 0.041026
2 0.902564 0.680342 0.023077 0.054701
2 0.792949 0.833333 0.026923 0.029060
2 0.546154 0.295726 0.020513 0.034188
2 0.182051 0.087179 0.030769 0.027350
2 0.730128 0.919658 0.024359 0.041026
2 0.646154 0.910256 0.023077 0.029060
2 0.644231 0.717094 0.019231 0.029060
2 0.767949 0.805983 0.023077 0.022222
2 0.469231 0.505983 0.017949 0.034188
2 0.594231 0.878632 0.019231 0.027350
2 0.237179 0.715385 0.017949 0.029060
2 0.953205 0.959829 0.019231 0.025641
2 0.401923 0.029060 0.016667 0.034188
2 0.396795 0.961538 0.026923 0.025641
2 0.410256 0.194872 0.017949 0.030769
2 0.185897 0.198291 0.017949 0.027350
