2 0.056410 0.413675 0.043590 0.105983
2 0.649359 0.554701 0.039744 0.073504
2 0.525000 0.590598 0.032051 0.032479
2 0.273718 0.579487 0.024359 0.034188
2 0.598077 0.458120 0.016667 0.051282
2 0.451923 0.643590 0.034615 0.029060
2 0.492308 0.445299 0.020513 0.042735
2 0.519872 0.481197 0.026923 0.025641
2 0.971154 0.211966 0.024359 0.030769
2 0.644231 0.376923 0.016667 0.029060
2 0.861538 0.531624 0.025641 0.030769
2 0.951923 0.156410 0.021795 0.022222
2 0.298718 0.886325 0.017949 0.035897
2 0.169872 0.099145 0.019231 0.030769
2 0.658974 0.429915 0.017949 0.022222
2 0.484615 0.905983 0.020513 0.027350
2 0.521154 0.630769 0.016667 0.020513
2 0.649359 0.815385 0.016667 0.020513
2 0.153205 0.142735 0.011538 0.032479
2 0.900641 0.200855 0.016667 0.018803
2 0.855769 0.114530 0.019231 0.017094
2 0.494872 0.629060 0.015385 0.020513
