2 0.389103 0.277778 0.139744 0.104274
2 0.492949 0.364957 0.088462 0.124786
2 0.465385 0.612821 0.076923 0.128205
2 0.472436 0.768376 0.085897 0.100855
2 0.232051 0.716239 0.066667 0.075214
2 0.691026 0.090598 0.058974 0.099145
2 0.882051 0.370940 0.043590 0.092308
2 0.505128 0.571795 0.051282 0.100855
2 0.970513 0.250427 0.058974 0.094017
2 0.263462 0.574359 0.052564 0.058120
2 0.253846 0.089744 0.061538 0.076923
2 0.965385 0.877778 0.035897 0.083761
2 0.578205 0.083761 0.041026 0.054701
2 0.276282 0.017949 0.070513 0.035897
2 0.158974 0.804274 0.030769 0.066667
2 0.521154 0.052137 0.039744 0.056410
2 0.585897 0.545299 0.046154 0.068376
2 0.467308 0.458974 0.044872 0.056410
2 0.151923 0.178632 0.029487 0.066667
2 0.564103 0.435043 0.033333 0.046154
2 0.700641 0.342735 0.026923 0.059829
2 0.890385 0.937607 0.034615 0.056410
2 0.175641 0.631624 0.035897 0.032479
2 0.078205 0.234188 0.028205 0.044444
2 0.903846 0.122222 0.023077 0.073504
2 0.258333 0.412821 0.029487 0.042735
2 0.654487 0.340171 0.032051 0.054701
2 0.599359 0.310256 0.032051 0.052991
2 0.557051 0.664103 0.032051 0.039316
2 0.796154 0.980342 0.035897 0.039316
2 0.744872 0.380342 0.030769 0.035897
2 0.489103 0.017949 0.037179 0.035897
2 0.058333 0.147009 0.024359 0.044444
2 0.578205 0.807692 0.020513 0.039316
2 0.815385 0.470940 0.028205 0.032479
2 0.023718 0.136752 0.024359 0.030769
2 0.802564 0.564103 0.030769 0.023932
2 0.739103 0.555556 0.024359 0.037607
2 0.569872 0.014530 0.021795 0.029060
2 0.946795 0.405983 0.021795 0.029060
2 0.424359 0.457265 0.023077 0.029060
2 0.772436 0.727350 0.026923 0.029060
2 0.804487 0.422222 0.021795 0.034188
2 0.368590 0.169231 0.021795 0.034188
2 0.742308 0.837607 0.023077 0.027350
2 0.373077 0.129060 0.025641 0.029060
2 0.009615 0.625641 0.019231 0.030769
2 0.403846 0.376923 0.023077 0.025641
2 0.107051 0.106838 0.014103 0.039316
2 0.838462 0.957265 0.025641 0.023932
2 0.166026 0.733333 0.019231 0.030769
2 0.546154 0.363248 0.017949 0.029060
2 0.396154 0.658120 0.028205 0.020513
2 0.191026 0.140171 0.017949 0.030769
2 0.006410 0.209402 0.012821 0.042735
2 0.157051 0.429915 0.016667 0.029060
2 0.592308 0.655556 0.017949 0.025641
2 0.565385 0.902564 0.015385 0.027350
2 0.005769 0.572650 0.011538 0.034188
2 0.110897 0.470085 0.016667 0.027350
2 0.407051 0.564957 0.016667 0.025641
2 0.853846 0.383761 0.015385 0.025641
2 0.024359 0.725641 0.020513 0.018803
2 0.801282 0.915385 0.017949 0.022222
2 0.347436 0.058974 0.015385 0.025641
2 0.356410 0.672650 0.015385 0.022222
2 0.599359 0.263248 0.019231 0.017094
2 0.237821 0.047863 0.014103 0.023932
2 0.082051 0.174359 0.012821 0.023932
2 0.067308 0.459829 0.016667 0.017094
2 0.821795 0.351282 0.015385 0.022222
2 0.896154 0.840171 0.015385 0.018803
