2 0.238462 0.482906 0.058974 0.094017
2 0.026282 0.205128 0.034615 0.058120
2 0.348718 0.764103 0.028205 0.061538
2 0.737179 0.511966 0.020513 0.035897
2 0.345513 0.873504 0.024359 0.047863
2 0.439103 0.613675 0.021795 0.027350
2 0.334615 0.465812 0.017949 0.042735
2 0.548077 0.411966 0.032051 0.041026
2 0.283333 0.258974 0.020513 0.035897
2 0.445513 0.756410 0.014103 0.032479
2 0.254487 0.099145 0.011538 0.041026
2 0.044231 0.584615 0.014103 0.044444
2 0.246154 0.551282 0.017949 0.022222
2 0.062179 0.323077 0.014103 0.030769
2 0.387179 0.788889 0.015385 0.025641
2 0.706410 0.451282 0.015385 0.023932
2 0.220513 0.391453 0.015385 0.023932
2 0.314103 0.523077 0.015385 0.023932
2 0.435256 0.826496 0.019231 0.022222
2 0.050000 0.175214 0.015385 0.022222
2 0.362821 0.091453 0.015385 0.029060
2 0.660256 0.272650 0.015385 0.025641
2 0.298718 0.472650 0.020513 0.015385
2 0.282051 0.763248 0.010256 0.032479
2 0.007692 0.353846 0.015385 0.020513
2 0.578205 0.348718 0.012821 0.023932
2 0.372436 0.721368 0.014103 0.020513
