2 0.709615 0.573504 0.026923 0.056410
2 0.873718 0.448718 0.026923 0.059829
2 0.191026 0.464957 0.038462 0.041026
2 0.412821 0.547009 0.030769 0.034188
2 0.286538 0.457265 0.026923 0.035897
2 0.496154 0.529915 0.033333 0.037607
2 0.747436 0.329060 0.020513 0.035897
2 0.748718 0.376068 0.025641 0.027350
2 0.189744 0.539316 0.023077 0.029060
2 0.263462 0.535897 0.021795 0.025641
2 0.016667 0.541026 0.020513 0.025641
2 0.561538 0.279487 0.020513 0.025641
2 0.664103 0.637607 0.030769 0.020513
2 0.242308 0.470085 0.015385 0.030769
2 0.728846 0.726496 0.014103 0.034188
2 0.194872 0.682906 0.015385 0.022222
2 0.523077 0.645299 0.017949 0.022222
2 0.593590 0.150427 0.012821 0.027350
2 0.533333 0.428205 0.015385 0.022222
2 0.500000 0.582051 0.015385 0.022222
2 0.469231 0.076923 0.017949 0.020513
2 0.946154 0.444444 0.020513 0.020513
2 0.761538 0.443590 0.015385 0.022222
2 0.311538 0.655556 0.015385 0.018803
2 0.358974 0.435897 0.015385 0.017094
