2 0.368590 0.555556 0.180769 0.256410
2 0.525641 0.529060 0.133333 0.066667
2 0.954487 0.583761 0.075641 0.097436
2 0.230769 0.476068 0.076923 0.076923
2 0.855769 0.489744 0.060256 0.087179
2 0.210897 0.636752 0.050000 0.070085
2 0.546795 0.850427 0.083333 0.083761
2 0.733974 0.629060 0.060256 0.064957
2 0.336538 0.034188 0.062821 0.068376
2 0.566667 0.081197 0.051282 0.059829
2 0.315385 0.780342 0.082051 0.049573
2 0.059615 0.330769 0.029487 0.083761
2 0.628205 0.817949 0.046154 0.059829
2 0.186538 0.265812 0.039744 0.056410
2 0.524359 0.135897 0.038462 0.070085
2 0.940385 0.417094 0.037179 0.051282
2 0.762821 0.439316 0.046154 0.054701
2 0.741026 0.788889 0.030769 0.046154
2 0.432692 0.977778 0.047436 0.044444
2 0.440385 0.403419 0.026923 0.047863
2 0.435897 0.211111 0.038462 0.032479
2 0.228205 0.057265 0.028205 0.052991
2 0.351923 0.953846 0.029487 0.047863
2 0.978205 0.245299 0.020513 0.063248
2 0.110897 0.207692 0.024359 0.035897
2 0.987179 0.033333 0.025641 0.042735
2 0.244231 0.300855 0.026923 0.027350
2 0.283333 0.338462 0.020513 0.034188
2 0.219872 0.880342 0.019231 0.034188
2 0.010897 0.193162 0.021795 0.027350
2 0.238462 0.951282 0.020513 0.032479
2 0.142949 0.577778 0.019231 0.037607
2 0.938462 0.076068 0.023077 0.035897
2 0.930128 0.828205 0.014103 0.035897
2 0.559615 0.770940 0.019231 0.027350
2 0.591026 0.443590 0.028205 0.025641
