2 0.290385 0.426496 0.026923 0.056410
2 0.126282 0.551282 0.026923 0.059829
2 0.808974 0.535043 0.038462 0.041026
2 0.587179 0.452991 0.030769 0.034188
2 0.713462 0.542735 0.026923 0.035897
2 0.503846 0.470085 0.033333 0.037607
2 0.252564 0.670940 0.020513 0.035897
2 0.251282 0.623932 0.025641 0.027350
2 0.810256 0.460684 0.023077 0.029060
2 0.736538 0.464103 0.021795 0.025641
2 0.983333 0.458974 0.020513 0.025641
2 0.438462 0.720513 0.020513 0.025641
2 0.335897 0.362393 0.030769 0.020513
2 0.757692 0.529915 0.015385 0.030769
2 0.271154 0.273504 0.014103 0.034188
2 0.476923 0.354701 0.017949 0.022222
2 0.805128 0.317094 0.015385 0.022222
2 0.406410 0.849573 0.012821 0.027350
2 0.466667 0.571795 0.015385 0.022222
2 0.500000 0.417949 0.015385 0.022222
2 0.530769 0.923077 0.017949 0.020513
2 0.238462 0.556410 0.015385 0.022222
2 0.053846 0.555556 0.020513 0.020513
2 0.688462 0.344444 0.015385 0.018803
2 0.641026 0.564103 0.015385 0.017094
