2 0.566026 0.456410 0.085897 0.092308
2 0.685256 0.260684 0.039744 0.128205
2 0.527564 0.315385 0.075641 0.090598
2 0.521154 0.213675 0.070513 0.058120
2 0.814103 0.671795 0.058974 0.102564
2 0.416026 0.582906 0.057692 0.068376
2 0.501282 0.653846 0.056410 0.052991
2 0.389103 0.379487 0.052564 0.041026
2 0.383974 0.715385 0.055128 0.063248
2 0.926282 0.700000 0.047436 0.049573
2 0.799359 0.035897 0.039744 0.071795
2 0.775000 0.161538 0.037179 0.049573
2 0.228846 0.688034 0.029487 0.049573
2 0.523077 0.396581 0.035897 0.047863
2 0.562821 0.680342 0.046154 0.027350
2 0.611538 0.975214 0.033333 0.049573
2 0.279487 0.735043 0.023077 0.051282
2 0.341667 0.484615 0.029487 0.039316
2 0.441667 0.509402 0.029487 0.037607
2 0.469231 0.032479 0.017949 0.064957
2 0.716667 0.506838 0.020513 0.042735
2 0.199359 0.314530 0.029487 0.047863
2 0.969231 0.068376 0.020513 0.041026
2 0.492949 0.575214 0.021795 0.039316
2 0.200000 0.369231 0.025641 0.037607
2 0.823077 0.403419 0.020513 0.041026
2 0.865385 0.633333 0.033333 0.025641
2 0.647436 0.836752 0.020513 0.042735
2 0.535897 0.613675 0.033333 0.027350
2 0.327564 0.986325 0.029487 0.027350
2 0.198077 0.668376 0.026923 0.034188
2 0.386538 0.533333 0.021795 0.030769
2 0.362821 0.176923 0.038462 0.039316
2 0.868590 0.721368 0.021795 0.034188
2 0.256410 0.428205 0.017949 0.046154
2 0.825641 0.232479 0.025641 0.034188
2 0.755128 0.535897 0.017949 0.039316
2 0.972436 0.444444 0.021795 0.027350
2 0.944872 0.032479 0.020513 0.034188
2 0.239744 0.156410 0.028205 0.029060
2 0.370513 0.228205 0.025641 0.022222
2 0.921154 0.880342 0.014103 0.037607
2 0.648077 0.774359 0.016667 0.030769
2 0.962179 0.531624 0.024359 0.034188
2 0.562821 0.842735 0.012821 0.037607
2 0.699359 0.929915 0.014103 0.034188
2 0.041667 0.199145 0.019231 0.025641
2 0.141026 0.101709 0.015385 0.029060
2 0.166026 0.248718 0.032051 0.015385
2 0.791667 0.911111 0.019231 0.023932
2 0.651923 0.242735 0.016667 0.023932
2 0.837821 0.024786 0.014103 0.029060
2 0.667308 0.688889 0.016667 0.023932
2 0.142308 0.178632 0.015385 0.042735
2 0.789744 0.950427 0.015385 0.027350
2 0.142308 0.386325 0.015385 0.023932
2 0.321154 0.305128 0.011538 0.029060
2 0.176282 0.121368 0.014103 0.023932
2 0.772436 0.094872 0.019231 0.018803
2 0.463462 0.088889 0.011538 0.023932
2 0.742308 0.011111 0.012821 0.022222
