2 0.610897 0.722222 0.139744 0.104274
2 0.507051 0.635043 0.088462 0.124786
2 0.534615 0.387179 0.076923 0.128205
2 0.527564 0.231624 0.085897 0.100855
2 0.767949 0.283761 0.066667 0.075214
2 0.308974 0.909402 0.058974 0.099145
2 0.117949 0.629060 0.043590 0.092308
2 0.494872 0.428205 0.051282 0.100855
2 0.029487 0.749573 0.058974 0.094017
2 0.736538 0.425641 0.052564 0.058120
2 0.746154 0.910256 0.061538 0.076923
2 0.034615 0.122222 0.035897 0.083761
2 0.421795 0.916239 0.041026 0.054701
2 0.723718 0.982051 0.070513 0.035897
2 0.841026 0.195726 0.030769 0.066667
2 0.478846 0.947863 0.039744 0.056410
2 0.414103 0.454701 0.046154 0.068376
2 0.532692 0.541026 0.044872 0.056410
2 0.848077 0.821368 0.029487 0.066667
2 0.435897 0.564957 0.033333 0.046154
2 0.299359 0.657265 0.026923 0.059829
2 0.109615 0.061538 0.034615 0.058120
2 0.824359 0.368376 0.035897 0.032479
2 0.921795 0.765812 0.028205 0.044444
2 0.096154 0.877778 0.023077 0.073504
2 0.741667 0.587179 0.029487 0.042735
2 0.345513 0.659829 0.032051 0.054701
2 0.400641 0.689744 0.032051 0.052991
2 0.442949 0.335897 0.032051 0.039316
2 0.203846 0.019658 0.035897 0.039316
2 0.255128 0.619658 0.030769 0.035897
2 0.510897 0.982051 0.037179 0.035897
2 0.941667 0.852991 0.024359 0.044444
2 0.421795 0.192308 0.020513 0.039316
2 0.184615 0.529060 0.028205 0.032479
2 0.976282 0.863248 0.024359 0.030769
2 0.260897 0.444444 0.024359 0.037607
2 0.197436 0.435897 0.030769 0.023932
2 0.430128 0.985470 0.021795 0.029060
2 0.053205 0.594017 0.021795 0.029060
2 0.575641 0.542735 0.023077 0.029060
2 0.227564 0.272650 0.026923 0.029060
2 0.195513 0.577778 0.021795 0.034188
2 0.631410 0.830769 0.021795 0.034188
2 0.257692 0.162393 0.023077 0.027350
2 0.626923 0.870940 0.025641 0.029060
2 0.596154 0.623077 0.023077 0.025641
2 0.990385 0.374359 0.019231 0.030769
2 0.892949 0.893162 0.014103 0.039316
2 0.161538 0.042735 0.025641 0.023932
2 0.833974 0.266667 0.019231 0.030769
2 0.453846 0.636752 0.017949 0.029060
2 0.603846 0.341880 0.028205 0.020513
2 0.808974 0.859829 0.017949 0.030769
2 0.993590 0.790598 0.012821 0.042735
2 0.842949 0.570085 0.016667 0.029060
2 0.407692 0.344444 0.017949 0.025641
2 0.434615 0.097436 0.015385 0.027350
2 0.994231 0.427350 0.011538 0.034188
2 0.889103 0.529915 0.016667 0.027350
2 0.592949 0.435043 0.016667 0.025641
2 0.146154 0.616239 0.015385 0.025641
2 0.975641 0.274359 0.020513 0.018803
2 0.198718 0.084615 0.017949 0.022222
2 0.652564 0.941026 0.015385 0.025641
2 0.400641 0.736752 0.019231 0.017094
2 0.643590 0.327350 0.015385 0.022222
2 0.762179 0.952137 0.014103 0.023932
2 0.917949 0.825641 0.012821 0.023932
2 0.932692 0.540171 0.016667 0.017094
2 0.178205 0.648718 0.015385 0.022222
2 0.103846 0.159829 0.015385 0.018803
