2 0.835256 0.348718 0.144872 0.276923
2 0.955128 0.838462 0.089744 0.128205
2 0.635256 0.270085 0.093590 0.167521
2 0.696795 0.716239 0.085897 0.102564
2 0.608333 0.798291 0.042308 0.129915
2 0.470513 0.453846 0.061538 0.121368
2 0.297436 0.362393 0.084615 0.085470
2 0.312821 0.158974 0.056410 0.126496
2 0.076282 0.489744 0.088462 0.059829
2 0.140385 0.752137 0.050000 0.099145
2 0.741026 0.612821 0.048718 0.059829
2 0.525000 0.394017 0.078205 0.042735
2 0.725641 0.971795 0.076923 0.056410
2 0.935256 0.479487 0.039744 0.063248
2 0.037821 0.596581 0.044872 0.085470
2 0.100000 0.201709 0.041026 0.061538
2 0.187179 0.517094 0.033333 0.070085
2 0.833333 0.948718 0.043590 0.054701
2 0.939103 0.620513 0.055128 0.064957
2 0.606410 0.156410 0.041026 0.046154
2 0.188462 0.330769 0.048718 0.056410
2 0.886538 0.703419 0.044872 0.052991
2 0.058974 0.649573 0.033333 0.054701
2 0.632692 0.028205 0.034615 0.056410
2 0.932051 0.692308 0.035897 0.068376
2 0.788462 0.742735 0.025641 0.052991
2 0.946154 0.042735 0.030769 0.047863
2 0.294872 0.517949 0.033333 0.044444
2 0.241026 0.627350 0.046154 0.027350
2 0.572436 0.550427 0.034615 0.037607
2 0.730769 0.056410 0.028205 0.044444
2 0.160897 0.840171 0.032051 0.039316
2 0.259615 0.086325 0.034615 0.032479
2 0.407692 0.372650 0.033333 0.041026
2 0.787821 0.800000 0.039744 0.037607
2 0.012821 0.686325 0.025641 0.039316
2 0.054487 0.433333 0.026923 0.035897
2 0.484615 0.807692 0.033333 0.035897
2 0.897436 0.986325 0.058974 0.027350
2 0.416026 0.720513 0.019231 0.046154
2 0.921154 0.152991 0.024359 0.052991
2 0.532051 0.145299 0.028205 0.027350
2 0.721795 0.855556 0.017949 0.042735
2 0.339744 0.059829 0.025641 0.030769
2 0.706410 0.235043 0.023077 0.035897
2 0.836538 0.711966 0.021795 0.032479
2 0.291667 0.627350 0.021795 0.034188
2 0.806410 0.547863 0.023077 0.032479
2 0.133333 0.681197 0.017949 0.032479
2 0.331410 0.729915 0.019231 0.027350
2 0.117308 0.545299 0.019231 0.030769
2 0.193590 0.234188 0.020513 0.030769
2 0.337821 0.854701 0.016667 0.030769
2 0.448718 0.016239 0.025641 0.032479
2 0.498077 0.600000 0.019231 0.027350
2 0.892308 0.250427 0.015385 0.035897
2 0.654487 0.940171 0.021795 0.030769
2 0.991026 0.623932 0.017949 0.023932
2 0.008333 0.082906 0.016667 0.025641
2 0.514744 0.714530 0.024359 0.020513
2 0.493590 0.182051 0.023077 0.018803
2 0.529487 0.458974 0.015385 0.025641
2 0.941026 0.962393 0.015385 0.027350
2 0.060256 0.351282 0.017949 0.025641
