2 0.730769 0.240171 0.125641 0.179487
2 0.242308 0.535897 0.076923 0.107692
2 0.387179 0.091453 0.058974 0.094017
2 0.966026 0.863248 0.047436 0.092308
2 0.161538 0.300855 0.046154 0.061538
2 0.462179 0.142735 0.044872 0.083761
2 0.487179 0.300855 0.030769 0.099145
2 0.925000 0.905128 0.050000 0.059829
2 0.146795 0.191453 0.037179 0.058120
2 0.701282 0.113675 0.028205 0.056410
2 0.884615 0.131624 0.017949 0.061538
2 0.030128 0.283761 0.019231 0.037607
2 0.044231 0.041880 0.032051 0.029060
2 0.078205 0.329915 0.028205 0.030769
2 0.582051 0.059829 0.020513 0.034188
2 0.070513 0.014530 0.028205 0.029060
2 0.392308 0.338462 0.023077 0.027350
2 0.032692 0.625641 0.021795 0.027350
2 0.239103 0.746154 0.016667 0.039316
2 0.128846 0.147863 0.021795 0.025641
2 0.185256 0.417094 0.024359 0.027350
2 0.748718 0.802564 0.017949 0.025641
2 0.303205 0.562393 0.016667 0.020513
2 0.600000 0.349573 0.015385 0.022222
2 0.629487 0.096581 0.012821 0.029060
