2 0.441026 0.323932 0.041026 0.104274
2 0.370513 0.223932 0.041026 0.064957
2 0.444231 0.447863 0.050000 0.061538
2 0.499359 0.904274 0.029487 0.092308
2 0.594872 0.120513 0.043590 0.066667
2 0.661538 0.484615 0.046154 0.042735
2 0.267308 0.372650 0.034615 0.071795
2 0.414744 0.545299 0.026923 0.064957
2 0.695513 0.288889 0.050000 0.037607
2 0.694872 0.081197 0.038462 0.059829
2 0.714744 0.352991 0.024359 0.049573
2 0.757692 0.185470 0.020513 0.066667
2 0.474359 0.805983 0.028205 0.042735
2 0.429487 0.200855 0.035897 0.035897
2 0.386538 0.379487 0.024359 0.044444
2 0.032692 0.679487 0.021795 0.056410
2 0.213462 0.235043 0.021795 0.042735
2 0.235256 0.285470 0.024359 0.034188
2 0.233333 0.600855 0.020513 0.039316
2 0.596154 0.470940 0.020513 0.046154
2 0.223718 0.767521 0.019231 0.041026
2 0.620513 0.346154 0.023077 0.029060
2 0.473718 0.017094 0.021795 0.034188
2 0.603205 0.247009 0.021795 0.032479
2 0.439744 0.095726 0.023077 0.027350
2 0.449359 0.920513 0.021795 0.025641
2 0.275641 0.260684 0.020513 0.029060
2 0.439744 0.675214 0.023077 0.027350
2 0.060256 0.029915 0.023077 0.035897
2 0.175000 0.682906 0.021795 0.025641
2 0.910256 0.852137 0.015385 0.042735
2 0.896795 0.159829 0.019231 0.025641
2 0.893590 0.493162 0.020513 0.022222
2 0.057051 0.640171 0.019231 0.025641
2 0.476282 0.229915 0.016667 0.025641
2 0.191026 0.180342 0.020513 0.018803
2 0.708974 0.192308 0.020513 0.025641
2 0.476282 0.704274 0.016667 0.020513
2 0.829487 0.661538 0.015385 0.023932
2 0.041026 0.411966 0.015385 0.020513
2 0.292308 0.077778 0.015385 0.022222
2 0.991026 0.009402 0.017949 0.018803
