2 0.783333 0.668376 0.035897 0.105983
2 0.179487 0.489744 0.061538 0.066667
2 0.350641 0.538462 0.029487 0.085470
2 0.558974 0.349573 0.030769 0.080342
2 0.515385 0.913675 0.035897 0.063248
2 0.317949 0.669231 0.035897 0.059829
2 0.453205 0.851282 0.024359 0.061538
2 0.405128 0.639316 0.033333 0.044444
2 0.801282 0.314530 0.028205 0.075214
2 0.587821 0.300855 0.021795 0.064957
2 0.494231 0.320513 0.039744 0.032479
2 0.806410 0.784615 0.030769 0.030769
2 0.619872 0.811966 0.024359 0.041026
2 0.150641 0.573504 0.024359 0.035897
2 0.582051 0.832479 0.017949 0.047863
2 0.600641 0.590598 0.021795 0.032479
2 0.766667 0.395726 0.020513 0.032479
2 0.046795 0.684615 0.019231 0.039316
2 0.509615 0.662393 0.024359 0.032479
2 0.366026 0.591453 0.019231 0.030769
2 0.850000 0.702564 0.028205 0.020513
2 0.148077 0.300000 0.019231 0.029060
2 0.451282 0.617949 0.017949 0.035897
2 0.530769 0.858120 0.025641 0.037607
2 0.437179 0.779487 0.025641 0.023932
2 0.303846 0.561538 0.017949 0.025641
2 0.462821 0.720513 0.015385 0.029060
2 0.877564 0.808547 0.014103 0.034188
2 0.950000 0.898291 0.023077 0.018803
2 0.909615 0.847863 0.019231 0.020513
2 0.555769 0.817094 0.019231 0.020513
2 0.547436 0.782051 0.020513 0.022222
2 0.773718 0.755556 0.021795 0.027350
2 0.291026 0.927350 0.023077 0.029060
2 0.830769 0.664957 0.017949 0.020513
2 0.378846 0.310256 0.016667 0.022222
2 0.525000 0.713675 0.016667 0.018803
2 0.456410 0.205128 0.015385 0.020513
2 0.263462 0.885470 0.016667 0.030769
