2 0.162179 0.305128 0.091026 0.114530
2 0.762179 0.410256 0.085897 0.082051
2 0.712821 0.477778 0.069231 0.111111
2 0.769872 0.315385 0.078205 0.059829
2 0.437179 0.282906 0.030769 0.066667
2 0.476282 0.150427 0.052564 0.047863
2 0.325000 0.137607 0.062821 0.029060
2 0.068590 0.483761 0.047436 0.061538
2 0.714103 0.141026 0.041026 0.029060
2 0.382051 0.517949 0.023077 0.051282
2 0.668590 0.690598 0.026923 0.037607
2 0.459615 0.466667 0.037179 0.030769
2 0.278846 0.457265 0.021795 0.035897
2 0.034615 0.545299 0.023077 0.034188
2 0.576282 0.848718 0.024359 0.032479
2 0.638462 0.540171 0.023077 0.034188
2 0.362179 0.976923 0.024359 0.032479
2 0.012179 0.439316 0.024359 0.037607
2 0.404487 0.386325 0.037179 0.027350
2 0.241026 0.385470 0.033333 0.029060
2 0.530128 0.311966 0.021795 0.029060
2 0.385897 0.091453 0.020513 0.029060
2 0.861538 0.013675 0.017949 0.027350
2 0.375641 0.894872 0.020513 0.025641
2 0.992308 0.941026 0.015385 0.032479
2 0.092949 0.976923 0.019231 0.025641
2 0.050641 0.704274 0.016667 0.030769
2 0.835256 0.043590 0.019231 0.025641
2 0.531410 0.152991 0.019231 0.022222
2 0.328205 0.850427 0.012821 0.025641
2 0.362179 0.355556 0.019231 0.017094
2 0.412821 0.245299 0.012821 0.022222
2 0.069872 0.013675 0.011538 0.027350
2 0.026282 0.144444 0.014103 0.022222
2 0.333333 0.411111 0.015385 0.018803
