2 0.830769 0.397436 0.120513 0.305983
2 0.516667 0.505128 0.179487 0.135043
2 0.137821 0.600855 0.091026 0.172650
2 0.728205 0.606838 0.066667 0.123077
2 0.504487 0.200000 0.067949 0.119658
2 0.660897 0.495726 0.047436 0.085470
2 0.812821 0.698291 0.048718 0.107692
2 0.451923 0.696581 0.044872 0.076923
2 0.798718 0.530769 0.043590 0.066667
2 0.399359 0.521368 0.042308 0.078632
2 0.398718 0.890598 0.056410 0.064957
2 0.555128 0.353846 0.056410 0.047863
2 0.919231 0.395726 0.048718 0.052991
2 0.772436 0.152991 0.055128 0.080342
2 0.215385 0.406838 0.041026 0.061538
2 0.819231 0.603419 0.038462 0.061538
2 0.581410 0.029060 0.042308 0.058120
2 0.545513 0.055556 0.032051 0.083761
2 0.273718 0.368376 0.052564 0.059829
2 0.694231 0.391453 0.034615 0.044444
2 0.302564 0.827350 0.030769 0.061538
2 0.967949 0.142735 0.046154 0.039316
2 0.164744 0.835043 0.039744 0.046154
2 0.458333 0.364103 0.026923 0.058120
2 0.635897 0.691453 0.028205 0.049573
2 0.534615 0.619658 0.025641 0.049573
2 0.387821 0.370085 0.039744 0.059829
2 0.612179 0.253846 0.029487 0.046154
2 0.509615 0.311111 0.029487 0.037607
2 0.636538 0.606838 0.032051 0.034188
2 0.753846 0.499145 0.025641 0.034188
2 0.345513 0.568376 0.024359 0.035897
2 0.066667 0.812821 0.025641 0.046154
2 0.619231 0.802564 0.020513 0.042735
2 0.753205 0.241880 0.024359 0.039316
2 0.559615 0.272650 0.021795 0.039316
2 0.653846 0.035043 0.038462 0.029060
2 0.567308 0.113675 0.021795 0.039316
2 0.838462 0.247863 0.020513 0.037607
2 0.279487 0.573504 0.017949 0.039316
2 0.741026 0.760684 0.017949 0.037607
2 0.620513 0.930769 0.017949 0.039316
2 0.967949 0.305983 0.025641 0.027350
2 0.140385 0.951282 0.016667 0.039316
2 0.923718 0.650427 0.024359 0.025641
2 0.585897 0.164103 0.020513 0.034188
2 0.672436 0.591453 0.024359 0.044444
2 0.563462 0.223077 0.021795 0.029060
2 0.356410 0.311966 0.020513 0.029060
2 0.546795 0.843590 0.016667 0.029060
2 0.582692 0.843590 0.026923 0.029060
2 0.594231 0.672650 0.026923 0.025641
2 0.267308 0.964957 0.019231 0.029060
2 0.081410 0.353846 0.019231 0.030769
2 0.329487 0.194017 0.020513 0.025641
2 0.630769 0.305983 0.017949 0.027350
2 0.902564 0.622222 0.020513 0.020513
2 0.945513 0.569231 0.016667 0.027350
2 0.085256 0.860684 0.016667 0.025641
2 0.891026 0.239316 0.015385 0.027350
2 0.675641 0.290598 0.025641 0.020513
2 0.931410 0.194872 0.019231 0.020513
2 0.837179 0.357265 0.017949 0.020513
2 0.923718 0.708547 0.016667 0.022222
2 0.398077 0.128205 0.014103 0.023932
2 0.324359 0.228205 0.017949 0.018803
2 0.893590 0.718803 0.015385 0.022222
2 0.107692 0.335897 0.015385 0.022222
