2 0.837821 0.694872 0.091026 0.114530
2 0.237821 0.589744 0.085897 0.082051
2 0.287179 0.522222 0.069231 0.111111
2 0.230128 0.684615 0.078205 0.059829
2 0.562821 0.717094 0.030769 0.066667
2 0.523718 0.849573 0.052564 0.047863
2 0.675000 0.862393 0.062821 0.029060
2 0.931410 0.516239 0.047436 0.061538
2 0.285897 0.858974 0.041026 0.029060
2 0.617949 0.482051 0.023077 0.051282
2 0.331410 0.309402 0.026923 0.037607
2 0.540385 0.533333 0.037179 0.030769
2 0.721154 0.542735 0.021795 0.035897
2 0.965385 0.454701 0.023077 0.034188
2 0.423718 0.151282 0.024359 0.032479
2 0.361538 0.459829 0.023077 0.034188
2 0.637821 0.023077 0.024359 0.032479
2 0.987821 0.560684 0.024359 0.037607
2 0.595513 0.613675 0.037179 0.027350
2 0.758974 0.614530 0.033333 0.029060
2 0.469872 0.688034 0.021795 0.029060
2 0.614103 0.908547 0.020513 0.029060
2 0.138462 0.986325 0.017949 0.027350
2 0.624359 0.105128 0.020513 0.025641
2 0.007692 0.058974 0.015385 0.032479
2 0.907051 0.023077 0.019231 0.025641
2 0.949359 0.295726 0.016667 0.030769
2 0.164744 0.956410 0.019231 0.025641
2 0.468590 0.847009 0.019231 0.022222
2 0.671795 0.149573 0.012821 0.025641
2 0.637821 0.644444 0.019231 0.017094
2 0.587179 0.754701 0.012821 0.022222
2 0.930128 0.986325 0.011538 0.027350
2 0.973718 0.855556 0.014103 0.022222
2 0.666667 0.588889 0.015385 0.018803
