2 0.194231 0.530769 0.078205 0.104274
2 0.580769 0.894872 0.076923 0.080342
2 0.179487 0.345299 0.048718 0.085470
2 0.075000 0.351282 0.032051 0.080342
2 0.723077 0.706838 0.038462 0.042735
2 0.395513 0.611111 0.039744 0.076923
2 0.810897 0.276923 0.032051 0.051282
2 0.270513 0.626496 0.033333 0.042735
2 0.867949 0.545299 0.038462 0.041026
2 0.542949 0.340171 0.034615 0.041026
2 0.344231 0.788889 0.034615 0.035897
2 0.728205 0.613675 0.023077 0.071795
2 0.263462 0.393162 0.029487 0.051282
2 0.153205 0.445299 0.026923 0.039316
2 0.857051 0.135897 0.039744 0.029060
2 0.523718 0.137607 0.026923 0.035897
2 0.146154 0.544444 0.023077 0.039316
2 0.537179 0.675214 0.020513 0.037607
2 0.340385 0.504274 0.021795 0.037607
2 0.847436 0.359829 0.023077 0.035897
2 0.919231 0.034188 0.025641 0.037607
2 0.301282 0.320513 0.020513 0.042735
2 0.667308 0.233333 0.021795 0.035897
2 0.196154 0.402564 0.017949 0.035897
2 0.337179 0.559829 0.020513 0.032479
2 0.295513 0.584615 0.024359 0.034188
2 0.250000 0.018803 0.017949 0.037607
2 0.300000 0.168376 0.025641 0.029060
2 0.342308 0.251282 0.028205 0.023932
2 0.417308 0.184615 0.024359 0.023932
2 0.010256 0.986325 0.020513 0.027350
2 0.025000 0.700855 0.019231 0.027350
2 0.123718 0.244444 0.019231 0.041026
2 0.839103 0.047863 0.021795 0.023932
2 0.802564 0.557265 0.017949 0.027350
2 0.889744 0.395726 0.017949 0.032479
2 0.512821 0.297436 0.015385 0.027350
2 0.330769 0.199145 0.015385 0.025641
2 0.335897 0.296581 0.017949 0.018803
2 0.956410 0.035897 0.015385 0.020513
2 0.063462 0.672650 0.011538 0.025641
2 0.471795 0.105128 0.015385 0.018803
