2 0.386538 0.105128 0.111538 0.131624
2 0.650000 0.462393 0.053846 0.080342
2 0.187821 0.257265 0.067949 0.076923
2 0.049359 0.037607 0.042308 0.075214
2 0.572436 0.454701 0.032051 0.088889
2 0.918590 0.659829 0.034615 0.047863
2 0.312179 0.666667 0.021795 0.044444
2 0.641026 0.351282 0.025641 0.035897
2 0.382692 0.506838 0.029487 0.035897
2 0.494231 0.221368 0.029487 0.022222
2 0.820513 0.552991 0.020513 0.035897
2 0.083333 0.720513 0.023077 0.029060
2 0.601282 0.235897 0.017949 0.047863
2 0.978205 0.227350 0.017949 0.037607
2 0.652564 0.300855 0.025641 0.027350
2 0.269872 0.437607 0.016667 0.030769
2 0.973718 0.123077 0.029487 0.037607
2 0.023077 0.497436 0.020513 0.027350
2 0.596154 0.160684 0.020513 0.023932
2 0.871154 0.385470 0.019231 0.029060
2 0.648718 0.958120 0.020513 0.042735
2 0.262821 0.844444 0.020513 0.030769
2 0.255128 0.483761 0.020513 0.020513
2 0.333333 0.477778 0.015385 0.025641
2 0.127564 0.730769 0.019231 0.022222
2 0.385897 0.630769 0.015385 0.023932
2 0.938462 0.362393 0.015385 0.023932
2 0.841667 0.852137 0.016667 0.022222
2 0.525641 0.817094 0.010256 0.034188
2 0.119872 0.409402 0.016667 0.022222
2 0.319872 0.214530 0.021795 0.018803
2 0.544872 0.051282 0.020513 0.017094
2 0.742949 0.761538 0.014103 0.022222
2 0.238462 0.434188 0.015385 0.020513
2 0.351923 0.023077 0.016667 0.018803
2 0.866667 0.159829 0.015385 0.018803
2 0.017949 0.609402 0.015385 0.018803
2 0.291026 0.047009 0.010256 0.029060
