2 0.666667 0.510256 0.033333 0.087179
2 0.508974 0.573504 0.041026 0.076923
2 0.290385 0.668376 0.044872 0.037607
2 0.630769 0.418803 0.025641 0.061538
2 0.837179 0.642735 0.028205 0.044444
2 0.635897 0.285470 0.030769 0.030769
2 0.493590 0.400000 0.033333 0.044444
2 0.751923 0.429915 0.016667 0.039316
2 0.747436 0.014530 0.015385 0.029060
2 0.645513 0.125641 0.016667 0.022222
2 0.235897 0.588034 0.017949 0.020513
2 0.198077 0.907692 0.011538 0.027350
2 0.830128 0.024786 0.011538 0.032479
2 0.778846 0.605983 0.014103 0.022222
2 0.526923 0.664103 0.017949 0.015385
2 0.795513 0.432479 0.014103 0.020513
2 0.808974 0.754701 0.012821 0.022222
2 0.669872 0.141026 0.014103 0.025641
