2 0.665385 0.088889 0.184615 0.177778
2 0.575000 0.328205 0.070513 0.133333
2 0.696154 0.055556 0.089744 0.066667
2 0.907051 0.658120 0.057692 0.105983
2 0.689744 0.508547 0.056410 0.107692
2 0.781410 0.939316 0.062821 0.080342
2 0.668590 0.700000 0.065385 0.087179
2 0.345513 0.909402 0.103846 0.061538
2 0.172436 0.887179 0.085897 0.061538
2 0.249359 0.199145 0.057692 0.063248
2 0.218590 0.364103 0.034615 0.078632
2 0.420513 0.835897 0.048718 0.054701
2 0.252564 0.653846 0.035897 0.090598
2 0.455128 0.328205 0.035897 0.054701
2 0.521154 0.936752 0.039744 0.037607
2 0.882051 0.856410 0.041026 0.068376
2 0.208974 0.576923 0.035897 0.049573
2 0.602564 0.553846 0.033333 0.041026
2 0.284615 0.358120 0.030769 0.046154
2 0.621795 0.722222 0.033333 0.042735
2 0.260256 0.432479 0.028205 0.041026
2 0.389744 0.340171 0.028205 0.041026
2 0.380128 0.967521 0.021795 0.051282
2 0.505769 0.132479 0.034615 0.029060
2 0.816667 0.053846 0.035897 0.029060
2 0.976282 0.879487 0.032051 0.042735
2 0.966026 0.569231 0.024359 0.041026
2 0.683333 0.279487 0.033333 0.032479
2 0.816667 0.695726 0.028205 0.030769
2 0.319872 0.868376 0.026923 0.030769
2 0.881410 0.055556 0.029487 0.025641
2 0.709615 0.329915 0.026923 0.030769
2 0.198077 0.205128 0.024359 0.037607
2 0.553205 0.129060 0.021795 0.035897
2 0.485897 0.713675 0.020513 0.029060
2 0.176923 0.075214 0.025641 0.023932
2 0.589744 0.470940 0.025641 0.022222
2 0.608333 0.177778 0.016667 0.044444
2 0.769231 0.701709 0.017949 0.032479
2 0.740385 0.300000 0.024359 0.022222
2 0.866026 0.519658 0.024359 0.030769
2 0.784615 0.770940 0.017949 0.027350
2 0.984615 0.679487 0.017949 0.025641
2 0.286538 0.856410 0.019231 0.027350
2 0.210256 0.969231 0.015385 0.027350
2 0.686538 0.600855 0.019231 0.022222
