2 0.763462 0.470940 0.050000 0.056410
2 0.773718 0.594017 0.070513 0.042735
2 0.073077 0.374359 0.030769 0.061538
2 0.684615 0.201709 0.030769 0.061538
2 0.627564 0.644444 0.021795 0.047863
2 0.860256 0.719658 0.030769 0.037607
2 0.600641 0.138462 0.021795 0.037607
2 0.973718 0.413675 0.024359 0.037607
2 0.642949 0.706838 0.026923 0.029060
2 0.667308 0.556410 0.019231 0.032479
2 0.558974 0.148718 0.020513 0.044444
2 0.544872 0.245299 0.038462 0.025641
2 0.741026 0.682906 0.023077 0.035897
2 0.288462 0.370940 0.023077 0.034188
2 0.532692 0.542735 0.024359 0.029060
2 0.746154 0.409402 0.017949 0.032479
2 0.721795 0.572650 0.017949 0.027350
2 0.333333 0.980342 0.020513 0.025641
2 0.042949 0.415385 0.029487 0.023932
2 0.014103 0.032479 0.015385 0.027350
2 0.359615 0.633333 0.019231 0.025641
2 0.952564 0.326496 0.015385 0.027350
2 0.461538 0.705128 0.015385 0.025641
2 0.251282 0.211966 0.017949 0.023932
2 0.022436 0.473504 0.014103 0.027350
2 0.137821 0.009402 0.021795 0.018803
2 0.004487 0.232479 0.008974 0.058120
2 0.410897 0.779487 0.021795 0.020513
2 0.863462 0.325641 0.014103 0.025641
2 0.936538 0.211111 0.016667 0.018803
