2 0.239744 0.425641 0.056410 0.112821
2 0.385897 0.692308 0.030769 0.078632
2 0.546154 0.276923 0.025641 0.058120
2 0.538462 0.858120 0.033333 0.047863
2 0.736538 0.767521 0.032051 0.030769
2 0.660256 0.930769 0.048718 0.046154
2 0.856410 0.647863 0.030769 0.037607
2 0.539744 0.151282 0.028205 0.035897
2 0.238462 0.664103 0.025641 0.029060
2 0.257051 0.330769 0.032051 0.022222
2 0.593590 0.249573 0.023077 0.027350
2 0.821795 0.688889 0.028205 0.034188
2 0.884615 0.096581 0.015385 0.035897
2 0.617949 0.985470 0.015385 0.029060
2 0.937179 0.330769 0.023077 0.018803
2 0.993590 0.120513 0.012821 0.046154
2 0.350000 0.770085 0.017949 0.022222
2 0.927564 0.523932 0.016667 0.022222
2 0.589744 0.717949 0.010256 0.037607
2 0.685897 0.164103 0.015385 0.023932
2 0.657692 0.765812 0.012821 0.027350
2 0.753205 0.797436 0.016667 0.018803
2 0.581410 0.100855 0.011538 0.027350
2 0.612821 0.921368 0.015385 0.020513
2 0.203205 0.809402 0.019231 0.018803
2 0.464103 0.182906 0.017949 0.017094
2 0.746154 0.119658 0.015385 0.020513
2 0.785256 0.582906 0.014103 0.020513
