2 0.775000 0.529060 0.078205 0.128205
2 0.936538 0.791453 0.073077 0.112821
2 0.682051 0.457265 0.051282 0.121368
2 0.514103 0.562393 0.048718 0.071795
2 0.482051 0.925641 0.046154 0.063248
2 0.375641 0.083761 0.051282 0.054701
2 0.533333 0.635897 0.048718 0.047863
2 0.359615 0.977778 0.039744 0.044444
2 0.823718 0.945299 0.052564 0.047863
2 0.753205 0.648718 0.037179 0.046154
2 0.442949 0.535897 0.047436 0.035897
2 0.276282 0.905128 0.032051 0.042735
2 0.703846 0.141880 0.041026 0.047863
2 0.010897 0.782051 0.021795 0.042735
2 0.715385 0.435043 0.028205 0.032479
2 0.902564 0.260684 0.035897 0.049573
2 0.472436 0.600855 0.026923 0.025641
2 0.867949 0.189744 0.023077 0.030769
2 0.208333 0.859829 0.016667 0.037607
2 0.496154 0.851282 0.017949 0.027350
2 0.429487 0.984615 0.017949 0.030769
2 0.025000 0.419658 0.019231 0.025641
2 0.866026 0.747009 0.016667 0.023932
2 0.425000 0.751282 0.016667 0.018803
2 0.082051 0.328205 0.012821 0.023932
2 0.077564 0.790598 0.011538 0.025641
