2 0.198718 0.673504 0.028205 0.047863
2 0.756410 0.616239 0.028205 0.039316
2 0.120513 0.693162 0.028205 0.029060
2 0.375641 0.429060 0.017949 0.037607
2 0.573077 0.297436 0.017949 0.041026
2 0.696154 0.660684 0.020513 0.032479
2 0.315385 0.621368 0.015385 0.035897
2 0.323718 0.565812 0.021795 0.037607
2 0.526923 0.438462 0.020513 0.029060
2 0.056410 0.964103 0.017949 0.027350
2 0.500000 0.332479 0.015385 0.035897
2 0.616667 0.400000 0.017949 0.027350
2 0.735256 0.526496 0.026923 0.017094
2 0.122436 0.910256 0.016667 0.029060
2 0.505769 0.761538 0.016667 0.022222
2 0.603205 0.715385 0.014103 0.039316
2 0.464744 0.523077 0.019231 0.023932
2 0.553205 0.868376 0.011538 0.030769
2 0.482051 0.471795 0.015385 0.023932
2 0.481410 0.907692 0.014103 0.023932
2 0.662179 0.818803 0.019231 0.023932
2 0.378205 0.688034 0.015385 0.022222
2 0.775000 0.130769 0.021795 0.015385
