2 0.782051 0.335897 0.048718 0.066667
2 0.591667 0.363248 0.024359 0.059829
2 0.148077 0.370085 0.029487 0.039316
2 0.425641 0.182906 0.023077 0.027350
2 0.777564 0.405983 0.021795 0.025641
2 0.412821 0.802564 0.020513 0.029060
2 0.426282 0.660684 0.019231 0.029060
2 0.275000 0.116239 0.019231 0.030769
2 0.423718 0.571795 0.019231 0.029060
2 0.347436 0.572650 0.017949 0.023932
2 0.957692 0.031624 0.015385 0.029060
2 0.664744 0.662393 0.019231 0.025641
2 0.546154 0.787179 0.017949 0.022222
2 0.501923 0.409402 0.011538 0.035897
2 0.580128 0.147009 0.014103 0.023932
2 0.739744 0.344444 0.017949 0.018803
2 0.622436 0.545299 0.014103 0.023932
2 0.642949 0.630769 0.016667 0.020513
2 0.128205 0.677778 0.017949 0.022222
2 0.228846 0.061538 0.014103 0.023932
