2 0.702564 0.767521 0.046154 0.088889
2 0.034615 0.577778 0.056410 0.068376
2 0.700000 0.285470 0.038462 0.092308
2 0.536538 0.831624 0.044872 0.052991
2 0.605128 0.390598 0.030769 0.076923
2 0.526923 0.498291 0.025641 0.063248
2 0.756410 0.672650 0.051282 0.046154
2 0.484615 0.567521 0.035897 0.047863
2 0.015385 0.503419 0.030769 0.042735
2 0.202564 0.579487 0.028205 0.054701
2 0.587821 0.588034 0.024359 0.051282
2 0.054487 0.461538 0.034615 0.044444
2 0.776923 0.494017 0.030769 0.034188
2 0.785897 0.824786 0.028205 0.039316
2 0.138462 0.046154 0.033333 0.034188
2 0.309615 0.289744 0.021795 0.035897
2 0.905769 0.635043 0.016667 0.046154
2 0.581410 0.205983 0.019231 0.039316
2 0.852564 0.545299 0.023077 0.034188
2 0.535897 0.185470 0.017949 0.035897
2 0.559615 0.884615 0.016667 0.042735
2 0.723718 0.223932 0.016667 0.041026
2 0.726282 0.333333 0.029487 0.027350
2 0.085897 0.108547 0.023077 0.025641
2 0.514744 0.623077 0.019231 0.032479
2 0.793590 0.311966 0.017949 0.035897
2 0.169872 0.810256 0.021795 0.020513
2 0.759615 0.751282 0.014103 0.032479
2 0.189744 0.840171 0.017949 0.029060
2 0.121795 0.101709 0.020513 0.025641
2 0.404487 0.606838 0.016667 0.023932
2 0.264744 0.187179 0.016667 0.022222
2 0.939103 0.295726 0.011538 0.030769
2 0.335256 0.736752 0.014103 0.030769
2 0.967308 0.469231 0.014103 0.025641
2 0.522436 0.776923 0.019231 0.018803
2 0.817308 0.360684 0.014103 0.023932
2 0.068590 0.529060 0.011538 0.029060
2 0.307051 0.583761 0.014103 0.022222
2 0.648077 0.646154 0.011538 0.027350
2 0.500641 0.315385 0.024359 0.018803
2 0.629487 0.456410 0.015385 0.020513
2 0.466026 0.415385 0.016667 0.020513
2 0.805769 0.167521 0.014103 0.020513
2 0.653205 0.569231 0.014103 0.020513
