2 0.401923 0.593162 0.298718 0.547009
2 0.499359 0.816239 0.183333 0.206838
2 0.164103 0.468376 0.228205 0.157265
2 0.926923 0.407692 0.146154 0.155556
2 0.833974 0.657265 0.106410 0.080342
2 0.025641 0.069231 0.051282 0.094017
2 0.379487 0.136752 0.082051 0.075214
2 0.870513 0.200000 0.061538 0.075214
2 0.201282 0.187179 0.043590 0.059829
2 0.396795 0.261538 0.039744 0.071795
2 0.508974 0.237607 0.038462 0.061538
2 0.896154 0.563248 0.028205 0.097436
2 0.027564 0.939316 0.055128 0.042735
2 0.360256 0.315385 0.033333 0.049573
2 0.283333 0.958974 0.025641 0.082051
