2 0.178846 0.790598 0.208974 0.152137
2 0.478205 0.148718 0.105128 0.088889
2 0.344872 0.285470 0.105128 0.099145
2 0.278846 0.500000 0.060256 0.087179
2 0.696154 0.877778 0.043590 0.063248
2 0.623077 0.735043 0.043590 0.054701
2 0.902564 0.370940 0.041026 0.071795
2 0.328205 0.830769 0.035897 0.082051
2 0.780128 0.082051 0.047436 0.061538
2 0.900641 0.266667 0.060256 0.044444
2 0.189744 0.316239 0.025641 0.064957
2 0.225641 0.984615 0.038462 0.030769
2 0.485897 0.617949 0.023077 0.042735
2 0.825000 0.925641 0.024359 0.039316
2 0.614103 0.861538 0.023077 0.041026
2 0.739103 0.453846 0.016667 0.049573
2 0.559615 0.827350 0.037179 0.020513
2 0.798718 0.041880 0.023077 0.025641
2 0.053846 0.764957 0.020513 0.029060
2 0.739103 0.659829 0.019231 0.023932
2 0.782051 0.512821 0.017949 0.023932
2 0.128205 0.988889 0.017949 0.022222
2 0.534615 0.651282 0.015385 0.023932
2 0.912821 0.153846 0.015385 0.023932
2 0.122436 0.245299 0.016667 0.022222
