2 0.365385 0.717094 0.033333 0.076923
2 0.233333 0.082906 0.064103 0.049573
2 0.444872 0.635897 0.058974 0.054701
2 0.622436 0.437607 0.042308 0.041026
2 0.366667 0.622222 0.028205 0.054701
2 0.630769 0.497436 0.043590 0.034188
2 0.976282 0.829915 0.024359 0.052991
2 0.386538 0.331624 0.032051 0.041026
2 0.451923 0.372650 0.024359 0.054701
2 0.008333 0.537607 0.016667 0.052991
2 0.208974 0.464957 0.023077 0.041026
2 0.150000 0.549573 0.028205 0.032479
2 0.752564 0.606838 0.025641 0.051282
2 0.720513 0.443590 0.017949 0.046154
2 0.853205 0.824786 0.024359 0.029060
2 0.084615 0.406838 0.025641 0.037607
2 0.656410 0.396581 0.023077 0.027350
2 0.207692 0.882051 0.017949 0.037607
2 0.732051 0.349573 0.020513 0.029060
2 0.967308 0.733333 0.016667 0.034188
2 0.266667 0.281197 0.017949 0.029060
2 0.280128 0.764103 0.019231 0.027350
2 0.194872 0.523077 0.020513 0.023932
2 0.817949 0.552137 0.012821 0.030769
2 0.892308 0.594017 0.015385 0.025641
2 0.244231 0.651282 0.014103 0.027350
2 0.157692 0.264957 0.015385 0.023932
2 0.925000 0.853846 0.019231 0.018803
2 0.098718 0.656410 0.017949 0.020513
2 0.757692 0.192308 0.012821 0.022222
