2 0.598077 0.406838 0.298718 0.547009
2 0.500641 0.183761 0.183333 0.206838
2 0.835897 0.531624 0.228205 0.157265
2 0.073077 0.592308 0.146154 0.155556
2 0.166026 0.342735 0.106410 0.080342
2 0.974359 0.930769 0.051282 0.094017
2 0.620513 0.863248 0.082051 0.075214
2 0.129487 0.800000 0.061538 0.075214
2 0.798718 0.812821 0.043590 0.059829
2 0.603205 0.738462 0.039744 0.071795
2 0.491026 0.762393 0.038462 0.061538
2 0.103846 0.436752 0.028205 0.097436
2 0.971795 0.060684 0.056410 0.042735
2 0.639744 0.684615 0.033333 0.049573
2 0.716667 0.041026 0.025641 0.082051
