2 0.167308 0.153846 0.073077 0.109402
2 0.047436 0.583761 0.051282 0.059829
2 0.266026 0.404274 0.039744 0.073504
2 0.046154 0.429060 0.038462 0.092308
2 0.462821 0.414530 0.041026 0.070085
2 0.165385 0.816239 0.043590 0.056410
2 0.789103 0.508547 0.042308 0.073504
2 0.239744 0.963248 0.048718 0.073504
2 0.168590 0.559829 0.047436 0.052991
2 0.494872 0.704274 0.033333 0.037607
2 0.291026 0.972650 0.030769 0.054701
2 0.535256 0.435897 0.034615 0.041026
2 0.009615 0.279487 0.019231 0.087179
2 0.337179 0.847863 0.020513 0.044444
2 0.484615 0.582906 0.028205 0.034188
2 0.048718 0.731624 0.038462 0.030769
2 0.066026 0.658974 0.026923 0.052991
2 0.104487 0.074359 0.019231 0.049573
2 0.077564 0.181197 0.016667 0.044444
2 0.207692 0.343590 0.020513 0.034188
2 0.287179 0.751282 0.020513 0.032479
2 0.235897 0.914530 0.023077 0.027350
2 0.396154 0.778632 0.017949 0.035897
2 0.604487 0.781197 0.024359 0.030769
2 0.399359 0.856410 0.016667 0.030769
2 0.568590 0.788034 0.019231 0.027350
2 0.116667 0.268376 0.020513 0.034188
2 0.297436 0.055556 0.020513 0.029060
2 0.339744 0.763248 0.020513 0.025641
2 0.096795 0.695726 0.019231 0.023932
2 0.036538 0.186325 0.014103 0.041026
2 0.625641 0.704274 0.020513 0.020513
2 0.446154 0.741880 0.017949 0.030769
2 0.376282 0.611966 0.016667 0.023932
2 0.440385 0.685470 0.016667 0.020513
2 0.358974 0.587179 0.012821 0.022222
2 0.089103 0.120513 0.016667 0.018803
2 0.003846 0.764103 0.007692 0.054701
