2 0.189103 0.732479 0.052564 0.117949
2 0.751282 0.305128 0.061538 0.097436
2 0.986538 0.459829 0.026923 0.153846
2 0.523718 0.952991 0.029487 0.056410
2 0.860897 0.650427 0.032051 0.063248
2 0.731410 0.463248 0.034615 0.044444
2 0.715385 0.696581 0.041026 0.046154
2 0.951923 0.708547 0.034615 0.029060
2 0.417949 0.589744 0.025641 0.054701
2 0.543590 0.584615 0.023077 0.061538
2 0.789744 0.680342 0.023077 0.047863
2 0.459615 0.017949 0.029487 0.035897
2 0.673718 0.291453 0.021795 0.042735
2 0.634615 0.914530 0.025641 0.037607
2 0.367949 0.659829 0.020513 0.037607
2 0.763462 0.229915 0.024359 0.035897
2 0.205769 0.600855 0.032051 0.022222
2 0.076282 0.549573 0.021795 0.032479
2 0.641026 0.692308 0.020513 0.034188
2 0.072436 0.747863 0.019231 0.032479
2 0.757051 0.539316 0.019231 0.032479
2 0.641026 0.624786 0.020513 0.029060
2 0.020513 0.567521 0.017949 0.030769
2 0.237821 0.171795 0.014103 0.035897
2 0.677564 0.557265 0.024359 0.023932
2 0.808974 0.477778 0.020513 0.022222
2 0.431410 0.836752 0.016667 0.025641
2 0.006410 0.530769 0.012821 0.032479
2 0.153205 0.395726 0.016667 0.025641
2 0.511538 0.066667 0.015385 0.023932
2 0.043590 0.798291 0.017949 0.020513
2 0.757051 0.080342 0.014103 0.023932
2 0.916667 0.124786 0.012821 0.023932
