2 0.601282 0.364103 0.069231 0.150427
2 0.837821 0.572650 0.057692 0.068376
2 0.403846 0.247863 0.030769 0.058120
2 0.111538 0.352991 0.033333 0.063248
2 0.686538 0.236752 0.042308 0.049573
2 0.614103 0.735043 0.028205 0.064957
2 0.566026 0.159829 0.029487 0.059829
2 0.544231 0.390598 0.024359 0.052991
2 0.983333 0.451282 0.033333 0.054701
2 0.593590 0.641026 0.020513 0.047863
2 0.288462 0.613675 0.028205 0.027350
2 0.719872 0.533333 0.029487 0.034188
2 0.090385 0.142735 0.021795 0.029060
2 0.013462 0.704274 0.026923 0.037607
2 0.433333 0.701709 0.017949 0.032479
2 0.991026 0.397436 0.017949 0.029060
2 0.839103 0.217949 0.024359 0.029060
2 0.055128 0.245299 0.017949 0.029060
2 0.943590 0.259829 0.017949 0.027350
2 0.021154 0.311111 0.014103 0.030769
2 0.582051 0.248718 0.017949 0.022222
2 0.617308 0.202564 0.016667 0.025641
2 0.362821 0.527350 0.017949 0.022222
2 0.994872 0.327350 0.010256 0.039316
2 0.074359 0.963248 0.017949 0.022222
2 0.683333 0.676923 0.015385 0.023932
2 0.225000 0.710256 0.019231 0.029060
2 0.710897 0.270940 0.016667 0.022222
2 0.451923 0.341026 0.011538 0.029060
2 0.994872 0.541026 0.010256 0.032479
2 0.871154 0.281197 0.014103 0.022222
2 0.205769 0.736752 0.014103 0.023932
2 0.769231 0.176923 0.017949 0.018803
2 0.398077 0.597436 0.014103 0.029060
2 0.487179 0.393162 0.012821 0.023932
2 0.299359 0.105983 0.016667 0.020513
2 0.703205 0.640171 0.014103 0.022222
2 0.283333 0.858974 0.012821 0.025641
2 0.972436 0.077778 0.014103 0.025641
