2 0.821154 0.209402 0.208974 0.152137
2 0.521795 0.851282 0.105128 0.088889
2 0.655128 0.714530 0.105128 0.099145
2 0.721154 0.500000 0.060256 0.087179
2 0.303846 0.122222 0.043590 0.063248
2 0.376923 0.264957 0.043590 0.054701
2 0.097436 0.629060 0.041026 0.071795
2 0.671795 0.169231 0.035897 0.082051
2 0.219872 0.917949 0.047436 0.061538
2 0.099359 0.733333 0.060256 0.044444
2 0.810256 0.683761 0.025641 0.064957
2 0.774359 0.015385 0.038462 0.030769
2 0.514103 0.382051 0.023077 0.042735
2 0.175000 0.074359 0.024359 0.039316
2 0.385897 0.138462 0.023077 0.041026
2 0.260897 0.546154 0.016667 0.049573
2 0.440385 0.172650 0.037179 0.020513
2 0.201282 0.958120 0.023077 0.025641
2 0.946154 0.235897 0.020513 0.027350
2 0.260897 0.340171 0.019231 0.023932
2 0.217949 0.487179 0.017949 0.023932
2 0.871795 0.011111 0.017949 0.022222
2 0.465385 0.348718 0.015385 0.023932
2 0.087179 0.846154 0.015385 0.023932
2 0.877564 0.754701 0.016667 0.022222
