2 0.531410 0.363248 0.070513 0.090598
2 0.195513 0.312821 0.034615 0.078632
2 0.603846 0.259829 0.043590 0.051282
2 0.550000 0.167521 0.048718 0.071795
2 0.039103 0.726496 0.029487 0.054701
2 0.335897 0.470085 0.035897 0.047863
2 0.421154 0.637607 0.060256 0.044444
2 0.641026 0.330769 0.030769 0.063248
2 0.237179 0.696581 0.023077 0.073504
2 0.449359 0.572650 0.042308 0.037607
2 0.100641 0.324786 0.021795 0.071795
2 0.929487 0.416239 0.033333 0.029060
2 0.741667 0.927350 0.026923 0.046154
2 0.257051 0.330769 0.019231 0.035897
2 0.094231 0.177778 0.026923 0.030769
2 0.517949 0.872650 0.023077 0.029060
2 0.408333 0.557265 0.021795 0.030769
2 0.262821 0.246154 0.023077 0.023932
2 0.496795 0.105128 0.029487 0.018803
2 0.434615 0.411966 0.020513 0.027350
2 0.464744 0.346154 0.019231 0.029060
2 0.203846 0.676068 0.017949 0.035897
2 0.497436 0.489744 0.017949 0.029060
2 0.603205 0.123932 0.019231 0.029060
2 0.374359 0.562393 0.017949 0.027350
2 0.939103 0.276068 0.021795 0.022222
2 0.069231 0.267521 0.012821 0.035897
2 0.450000 0.502564 0.017949 0.023932
2 0.631410 0.100855 0.011538 0.034188
2 0.700641 0.659829 0.016667 0.023932
2 0.733974 0.698291 0.011538 0.032479
2 0.500641 0.177778 0.014103 0.030769
2 0.214103 0.491453 0.015385 0.022222
2 0.525641 0.452137 0.012821 0.025641
2 0.556410 0.298291 0.015385 0.018803
