2 0.546795 0.244444 0.126923 0.126496
2 0.757692 0.935043 0.092308 0.129915
2 0.414744 0.524786 0.111538 0.095726
2 0.861538 0.596581 0.061538 0.092308
2 0.728205 0.603419 0.048718 0.061538
2 0.666667 0.829060 0.041026 0.092308
2 0.598718 0.847009 0.035897 0.087179
2 0.114103 0.694017 0.041026 0.075214
2 0.192949 0.534188 0.050000 0.052991
2 0.364744 0.788034 0.047436 0.051282
2 0.253846 0.278632 0.033333 0.075214
2 0.549359 0.368376 0.029487 0.073504
2 0.827564 0.721368 0.047436 0.044444
2 0.482692 0.941026 0.034615 0.070085
2 0.544231 0.829060 0.047436 0.051282
2 0.398077 0.740171 0.034615 0.051282
2 0.788462 0.658120 0.033333 0.082051
2 0.196154 0.317094 0.035897 0.039316
2 0.627564 0.669231 0.034615 0.035897
2 0.360256 0.862393 0.025641 0.046154
2 0.037179 0.207692 0.030769 0.032479
2 0.069231 0.290598 0.025641 0.041026
2 0.917308 0.920513 0.044872 0.035897
2 0.497436 0.872650 0.023077 0.046154
2 0.012821 0.943590 0.025641 0.047863
2 0.875000 0.756410 0.029487 0.029060
2 0.963462 0.194017 0.026923 0.029060
2 0.441667 0.012821 0.026923 0.025641
2 0.114744 0.480342 0.021795 0.034188
2 0.825000 0.112821 0.021795 0.034188
2 0.507051 0.105128 0.016667 0.032479
2 0.558333 0.715385 0.021795 0.025641
2 0.795513 0.367521 0.016667 0.030769
2 0.930769 0.170940 0.017949 0.027350
2 0.897436 0.289744 0.017949 0.039316
2 0.502564 0.668376 0.017949 0.027350
2 0.689103 0.437607 0.021795 0.020513
2 0.407692 0.452137 0.030769 0.015385
2 0.641026 0.096581 0.020513 0.022222
2 0.389103 0.316239 0.021795 0.030769
2 0.048077 0.627350 0.019231 0.020513
2 0.195513 0.252137 0.014103 0.029060
2 0.614744 0.519658 0.021795 0.020513
2 0.913462 0.589744 0.016667 0.020513
2 0.305128 0.039316 0.010256 0.034188
2 0.831410 0.524786 0.014103 0.023932
2 0.141667 0.830769 0.016667 0.020513
2 0.497436 0.156410 0.012821 0.025641
2 0.668590 0.255556 0.014103 0.022222
2 0.016026 0.546154 0.016667 0.018803
2 0.807051 0.568376 0.014103 0.022222
