2 0.293590 0.636752 0.094872 0.107692
2 0.515385 0.949573 0.061538 0.059829
2 0.928846 0.648718 0.042308 0.070085
2 0.294231 0.736752 0.055128 0.044444
2 0.217308 0.487179 0.037179 0.047863
2 0.373077 0.563248 0.033333 0.049573
2 0.075000 0.687179 0.032051 0.041026
2 0.840385 0.942735 0.024359 0.046154
2 0.553205 0.117094 0.037179 0.029060
2 0.743590 0.226496 0.028205 0.039316
2 0.542949 0.798291 0.021795 0.044444
2 0.060256 0.878632 0.030769 0.037607
2 0.632051 0.576923 0.023077 0.039316
2 0.948718 0.065812 0.025641 0.049573
2 0.414103 0.360684 0.025641 0.041026
2 0.167949 0.675214 0.023077 0.034188
2 0.019231 0.023932 0.023077 0.034188
2 0.046795 0.781197 0.019231 0.041026
2 0.194231 0.331624 0.024359 0.044444
2 0.808974 0.571795 0.028205 0.029060
2 0.572436 0.163248 0.019231 0.035897
2 0.437821 0.498291 0.019231 0.032479
2 0.020513 0.801709 0.020513 0.037607
2 0.276282 0.498291 0.019231 0.032479
2 0.453205 0.700855 0.019231 0.030769
2 0.017308 0.276923 0.021795 0.030769
2 0.687821 0.284615 0.021795 0.025641
2 0.550000 0.846154 0.020513 0.027350
2 0.083974 0.754701 0.016667 0.032479
2 0.500000 0.159829 0.015385 0.032479
2 0.257051 0.328205 0.019231 0.027350
2 0.101282 0.723077 0.023077 0.027350
2 0.074359 0.015385 0.017949 0.030769
2 0.227564 0.711966 0.021795 0.022222
2 0.005769 0.715385 0.011538 0.056410
2 0.135256 0.940171 0.019231 0.023932
2 0.390385 0.671795 0.019231 0.020513
2 0.219231 0.343590 0.015385 0.023932
2 0.421154 0.827350 0.019231 0.023932
2 0.560897 0.916239 0.014103 0.023932
2 0.331410 0.388034 0.014103 0.023932
2 0.217949 0.840171 0.015385 0.022222
2 0.583333 0.070085 0.012821 0.027350
2 0.863462 0.013675 0.021795 0.027350
2 0.520513 0.258974 0.017949 0.018803
2 0.005769 0.435043 0.011538 0.025641
2 0.169872 0.393162 0.014103 0.020513
2 0.778846 0.216239 0.014103 0.022222
