2 0.402564 0.705983 0.120513 0.116239
2 0.078205 0.920513 0.156410 0.158974
2 0.639744 0.484615 0.084615 0.172650
2 0.325000 0.962393 0.073077 0.075214
2 0.198718 0.704274 0.058974 0.088889
2 0.682692 0.168376 0.047436 0.063248
2 0.395513 0.928205 0.029487 0.068376
2 0.156410 0.798291 0.048718 0.051282
2 0.095513 0.601709 0.026923 0.071795
2 0.606410 0.326496 0.030769 0.044444
2 0.432692 0.611111 0.034615 0.035897
2 0.621154 0.783761 0.026923 0.039316
2 0.203205 0.142735 0.032051 0.042735
2 0.103205 0.771795 0.016667 0.052991
2 0.591026 0.664103 0.025641 0.032479
2 0.016667 0.180342 0.033333 0.042735
2 0.582692 0.779487 0.029487 0.030769
2 0.360897 0.863248 0.021795 0.034188
2 0.033333 0.023932 0.023077 0.030769
2 0.550641 0.432479 0.019231 0.037607
2 0.214744 0.982906 0.019231 0.034188
2 0.326923 0.882051 0.020513 0.030769
2 0.538462 0.253846 0.020513 0.029060
2 0.616026 0.625641 0.019231 0.030769
2 0.333974 0.793162 0.019231 0.027350
2 0.266026 0.276068 0.021795 0.032479
2 0.805128 0.896581 0.023077 0.029060
2 0.702564 0.482051 0.020513 0.030769
2 0.189744 0.380342 0.020513 0.029060
2 0.899359 0.705983 0.016667 0.030769
2 0.829487 0.382051 0.017949 0.029060
2 0.124359 0.405128 0.017949 0.023932
2 0.075000 0.506838 0.019231 0.022222
2 0.278846 0.486325 0.019231 0.025641
2 0.072436 0.795726 0.019231 0.025641
2 0.385256 0.836752 0.014103 0.025641
2 0.725641 0.727350 0.015385 0.025641
2 0.288462 0.585470 0.015385 0.025641
2 0.862821 0.319658 0.017949 0.020513
2 0.354487 0.079487 0.019231 0.022222
2 0.337821 0.008547 0.019231 0.017094
2 0.239103 0.639316 0.016667 0.020513
2 0.833333 0.565812 0.015385 0.020513
