2 0.355128 0.384615 0.058974 0.112821
2 0.336538 0.581197 0.029487 0.068376
2 0.580128 0.471795 0.032051 0.037607
2 0.761538 0.537607 0.028205 0.039316
2 0.694231 0.575214 0.032051 0.039316
2 0.426282 0.165812 0.039744 0.030769
2 0.716667 0.441026 0.023077 0.037607
2 0.313462 0.629060 0.016667 0.037607
2 0.825000 0.450427 0.019231 0.029060
2 0.087821 0.434188 0.016667 0.030769
2 0.205128 0.656410 0.015385 0.030769
2 0.397436 0.142735 0.015385 0.029060
2 0.310897 0.475214 0.016667 0.023932
2 0.626923 0.449573 0.020513 0.017094
2 0.794872 0.282906 0.023077 0.022222
2 0.885256 0.329060 0.014103 0.032479
2 0.768590 0.171795 0.016667 0.022222
2 0.337179 0.510256 0.017949 0.018803
2 0.961538 0.613675 0.017949 0.017094
2 0.101923 0.245299 0.011538 0.025641
2 0.104487 0.103419 0.016667 0.018803
2 0.969231 0.469231 0.015385 0.018803
