2 0.535256 0.664957 0.214103 0.287179
2 0.232051 0.731624 0.076923 0.085470
2 0.402564 0.530769 0.074359 0.087179
2 0.485256 0.487179 0.080769 0.064957
2 0.324359 0.286325 0.071795 0.097436
2 0.177564 0.927350 0.065385 0.076923
2 0.757051 0.196581 0.065385 0.088889
2 0.666026 0.128205 0.050000 0.088889
2 0.842949 0.096581 0.042308 0.066667
2 0.832051 0.464103 0.035897 0.073504
2 0.698077 0.416239 0.037179 0.056410
2 0.442308 0.750427 0.046154 0.051282
2 0.160897 0.524786 0.034615 0.058120
2 0.665385 0.034188 0.030769 0.068376
2 0.748077 0.078632 0.034615 0.054701
2 0.714103 0.819658 0.043590 0.046154
2 0.066026 0.858120 0.037179 0.054701
2 0.173077 0.352991 0.038462 0.042735
2 0.378205 0.449573 0.030769 0.047863
2 0.707051 0.016239 0.037179 0.032479
2 0.737179 0.516239 0.028205 0.041026
2 0.813462 0.611111 0.029487 0.035897
2 0.096154 0.244444 0.028205 0.051282
2 0.477564 0.259829 0.029487 0.037607
2 0.644872 0.852137 0.030769 0.035897
2 0.685897 0.911966 0.020513 0.052991
2 0.341026 0.732479 0.028205 0.039316
2 0.671154 0.333333 0.026923 0.030769
2 0.656410 0.276068 0.025641 0.029060
2 0.417949 0.926496 0.028205 0.030769
2 0.558333 0.099145 0.024359 0.044444
2 0.368590 0.238462 0.019231 0.039316
2 0.866026 0.658974 0.016667 0.035897
2 0.158333 0.664103 0.021795 0.046154
2 0.810897 0.810256 0.021795 0.030769
