2 0.225000 0.664957 0.080769 0.133333
2 0.185256 0.821368 0.062821 0.066667
2 0.715385 0.480342 0.035897 0.051282
2 0.805128 0.548718 0.030769 0.078632
2 0.296795 0.470085 0.024359 0.064957
2 0.680128 0.680342 0.032051 0.044444
2 0.248718 0.455556 0.023077 0.052991
2 0.269872 0.403419 0.024359 0.044444
2 0.187179 0.317949 0.030769 0.037607
2 0.244872 0.896581 0.033333 0.035897
2 0.616667 0.721368 0.025641 0.034188
2 0.523718 0.344444 0.019231 0.035897
2 0.313462 0.361538 0.024359 0.039316
2 0.244231 0.984615 0.019231 0.030769
2 0.384615 0.726496 0.023077 0.023932
2 0.407692 0.278632 0.017949 0.027350
2 0.789744 0.117094 0.020513 0.022222
2 0.898718 0.943590 0.015385 0.034188
2 0.241667 0.674359 0.019231 0.025641
2 0.519872 0.569231 0.014103 0.027350
2 0.137821 0.777778 0.016667 0.027350
2 0.408333 0.393162 0.016667 0.023932
2 0.244872 0.820513 0.015385 0.023932
2 0.182692 0.764957 0.014103 0.022222
2 0.268590 0.799145 0.011538 0.025641
2 0.849359 0.704274 0.016667 0.017094
2 0.294231 0.699145 0.014103 0.023932
