2 0.613462 0.894872 0.111538 0.131624
2 0.350000 0.537607 0.053846 0.080342
2 0.812179 0.742735 0.067949 0.076923
2 0.950641 0.962393 0.042308 0.075214
2 0.427564 0.545299 0.032051 0.088889
2 0.081410 0.340171 0.034615 0.047863
2 0.687821 0.333333 0.021795 0.044444
2 0.358974 0.648718 0.025641 0.035897
2 0.617308 0.493162 0.029487 0.035897
2 0.505769 0.778632 0.029487 0.022222
2 0.179487 0.447009 0.020513 0.035897
2 0.916667 0.279487 0.023077 0.029060
2 0.399359 0.764103 0.019231 0.047863
2 0.021795 0.772650 0.017949 0.037607
2 0.347436 0.699145 0.025641 0.027350
2 0.730128 0.562393 0.016667 0.030769
2 0.026282 0.876923 0.029487 0.037607
2 0.976923 0.502564 0.020513 0.027350
2 0.403846 0.839316 0.020513 0.023932
2 0.128846 0.614530 0.019231 0.029060
2 0.351282 0.041880 0.020513 0.042735
2 0.737179 0.155556 0.020513 0.030769
2 0.744872 0.516239 0.020513 0.020513
2 0.666667 0.521368 0.015385 0.023932
2 0.872436 0.269231 0.019231 0.022222
2 0.614103 0.369231 0.015385 0.023932
2 0.061538 0.637607 0.015385 0.023932
2 0.158333 0.147863 0.016667 0.022222
2 0.474359 0.182906 0.010256 0.034188
2 0.880128 0.590598 0.016667 0.022222
2 0.680128 0.785470 0.021795 0.018803
2 0.455128 0.948718 0.020513 0.017094
2 0.257051 0.238462 0.014103 0.022222
2 0.761538 0.565812 0.015385 0.020513
2 0.648077 0.976923 0.016667 0.018803
2 0.133333 0.840171 0.015385 0.018803
2 0.982051 0.390598 0.015385 0.018803
2 0.708974 0.952991 0.010256 0.029060
