2 0.182051 0.135897 0.079487 0.186325
2 0.537179 0.426496 0.071795 0.087179
2 0.025641 0.059829 0.051282 0.119658
2 0.225000 0.659829 0.034615 0.071795
2 0.419872 0.130769 0.034615 0.056410
2 0.384615 0.192308 0.025641 0.056410
2 0.258974 0.739316 0.023077 0.056410
2 0.101923 0.112821 0.034615 0.041026
2 0.082692 0.874359 0.024359 0.032479
2 0.075000 0.071795 0.032051 0.047863
2 0.318590 0.256410 0.016667 0.037607
2 0.098718 0.352137 0.020513 0.030769
2 0.116667 0.448718 0.020513 0.032479
2 0.151282 0.142735 0.015385 0.032479
2 0.790385 0.294017 0.019231 0.020513
2 0.458974 0.266667 0.015385 0.023932
2 0.686538 0.603419 0.014103 0.023932
2 0.193590 0.323932 0.015385 0.022222
2 0.425000 0.341026 0.016667 0.022222
2 0.444872 0.307692 0.015385 0.020513
2 0.717949 0.182051 0.015385 0.018803
