2 0.520513 0.320513 0.058974 0.070085
2 0.716667 0.670940 0.033333 0.063248
2 0.766667 0.501709 0.035897 0.049573
2 0.792308 0.577778 0.020513 0.092308
2 0.328205 0.480342 0.020513 0.064957
2 0.467308 0.219658 0.026923 0.039316
2 0.812821 0.263248 0.023077 0.034188
2 0.305769 0.409402 0.021795 0.035897
2 0.764744 0.391453 0.021795 0.037607
2 0.525000 0.488889 0.021795 0.027350
2 0.088462 0.385470 0.025641 0.032479
2 0.582051 0.291453 0.017949 0.029060
2 0.761538 0.192308 0.033333 0.025641
2 0.351923 0.436752 0.021795 0.022222
2 0.755128 0.728205 0.023077 0.023932
2 0.603846 0.584615 0.012821 0.037607
2 0.518590 0.219658 0.021795 0.022222
2 0.941667 0.160684 0.021795 0.020513
2 0.275000 0.240171 0.024359 0.022222
2 0.307692 0.091453 0.015385 0.025641
2 0.432692 0.518803 0.014103 0.025641
2 0.293590 0.129060 0.015385 0.022222
2 0.248077 0.335043 0.019231 0.020513
2 0.362179 0.378632 0.014103 0.022222
2 0.483333 0.360684 0.012821 0.023932
2 0.191026 0.554701 0.012821 0.022222
2 0.258333 0.382906 0.011538 0.023932
