2 0.552564 0.610256 0.053846 0.082051
2 0.758333 0.664103 0.021795 0.063248
2 0.327564 0.176068 0.026923 0.051282
2 0.408974 0.609402 0.028205 0.046154
2 0.752564 0.536752 0.020513 0.034188
2 0.219231 0.098291 0.023077 0.039316
2 0.388462 0.050427 0.020513 0.025641
2 0.396154 0.988034 0.020513 0.023932
2 0.621154 0.047009 0.029487 0.018803
2 0.642949 0.083761 0.016667 0.023932
2 0.134615 0.241880 0.017949 0.022222
2 0.975000 0.370085 0.019231 0.018803
2 0.628205 0.112821 0.015385 0.023932
2 0.528846 0.792308 0.014103 0.025641
2 0.055128 0.395726 0.015385 0.025641
