2 0.674359 0.375214 0.097436 0.114530
2 0.491667 0.158120 0.060256 0.056410
2 0.139744 0.350427 0.043590 0.075214
2 0.357051 0.568376 0.052564 0.049573
2 0.367949 0.494872 0.041026 0.042735
2 0.257692 0.582051 0.028205 0.066667
2 0.430128 0.474359 0.037179 0.042735
2 0.055769 0.970085 0.037179 0.059829
2 0.530128 0.111966 0.042308 0.032479
2 0.099359 0.145299 0.026923 0.061538
2 0.222436 0.388034 0.032051 0.044444
2 0.414744 0.704274 0.034615 0.037607
2 0.457692 0.282906 0.028205 0.039316
2 0.455769 0.223932 0.042308 0.051282
2 0.731410 0.183761 0.037179 0.046154
2 0.488462 0.482906 0.033333 0.035897
2 0.625641 0.596581 0.025641 0.041026
2 0.041026 0.543590 0.025641 0.054701
2 0.504487 0.022222 0.021795 0.044444
2 0.289103 0.206838 0.024359 0.044444
2 0.521795 0.288034 0.028205 0.029060
2 0.889744 0.909402 0.020513 0.044444
2 0.013462 0.170940 0.026923 0.037607
2 0.486538 0.061538 0.024359 0.030769
2 0.754487 0.469231 0.021795 0.032479
2 0.751282 0.368376 0.020513 0.035897
2 0.492308 0.412821 0.023077 0.029060
2 0.485256 0.355556 0.021795 0.030769
2 0.816667 0.155556 0.015385 0.034188
2 0.565385 0.068376 0.015385 0.041026
2 0.596795 0.012821 0.029487 0.025641
2 0.596154 0.386325 0.015385 0.034188
2 0.008974 0.304274 0.017949 0.023932
2 0.414103 0.514530 0.017949 0.023932
2 0.651923 0.313675 0.019231 0.022222
2 0.954487 0.529915 0.021795 0.020513
2 0.867949 0.824786 0.017949 0.022222
2 0.171154 0.294872 0.016667 0.022222
2 0.054487 0.436752 0.016667 0.018803
2 0.845513 0.517949 0.014103 0.023932
