2 0.635897 0.553846 0.043590 0.095726
2 0.348077 0.441026 0.062821 0.071795
2 0.271795 0.454701 0.043590 0.112821
2 0.564744 0.782906 0.067949 0.037607
2 0.565385 0.541026 0.023077 0.049573
2 0.491667 0.778632 0.029487 0.029060
2 0.225000 0.557265 0.034615 0.037607
2 0.309615 0.770940 0.032051 0.023932
2 0.225000 0.499145 0.029487 0.037607
2 0.353846 0.371795 0.038462 0.018803
2 0.341667 0.070940 0.019231 0.042735
2 0.682051 0.588034 0.020513 0.027350
2 0.404487 0.225641 0.024359 0.027350
2 0.540385 0.809402 0.016667 0.029060
2 0.766026 0.235043 0.019231 0.022222
2 0.676923 0.766667 0.020513 0.025641
2 0.758333 0.140171 0.014103 0.034188
2 0.866026 0.249573 0.016667 0.027350
2 0.175000 0.800000 0.019231 0.023932
2 0.637179 0.641026 0.015385 0.027350
2 0.906410 0.834188 0.015385 0.027350
2 0.249359 0.462393 0.014103 0.025641
2 0.953205 0.213675 0.011538 0.030769
2 0.570513 0.270085 0.017949 0.020513
2 0.088462 0.645299 0.015385 0.022222
2 0.509615 0.959829 0.014103 0.025641
2 0.935256 0.690598 0.016667 0.023932
2 0.711538 0.517094 0.020513 0.025641
2 0.430769 0.053846 0.015385 0.025641
