2 0.500641 0.472650 0.162821 0.217094
2 0.589103 0.344444 0.101282 0.196581
2 0.621154 0.792308 0.085897 0.117949
2 0.667308 0.920513 0.057692 0.124786
2 0.681410 0.052991 0.034615 0.105983
2 0.526282 0.660684 0.050000 0.052991
2 0.830769 0.062393 0.051282 0.073504
2 0.689744 0.735043 0.035897 0.058120
2 0.496154 0.776068 0.035897 0.054701
2 0.725641 0.777778 0.033333 0.041026
2 0.934615 0.622222 0.033333 0.047863
2 0.299359 0.221368 0.057692 0.035897
2 0.270513 0.826496 0.030769 0.046154
2 0.322436 0.484615 0.032051 0.046154
2 0.488462 0.259829 0.035897 0.037607
2 0.228205 0.870940 0.038462 0.039316
2 0.064103 0.788034 0.017949 0.054701
2 0.794872 0.231624 0.025641 0.035897
2 0.678846 0.676923 0.024359 0.037607
2 0.649359 0.223077 0.026923 0.032479
2 0.448077 0.641026 0.019231 0.047863
2 0.916026 0.397436 0.024359 0.029060
2 0.916667 0.064957 0.020513 0.034188
2 0.699359 0.855556 0.024359 0.025641
2 0.287179 0.692308 0.020513 0.027350
2 0.582692 0.908547 0.016667 0.029060
2 0.762179 0.923077 0.016667 0.027350
