2 0.851923 0.311966 0.065385 0.066667
2 0.314103 0.624786 0.053846 0.083761
2 0.778846 0.325641 0.047436 0.104274
2 0.947436 0.405983 0.041026 0.124786
2 0.601282 0.465812 0.051282 0.090598
2 0.855128 0.739316 0.066667 0.046154
2 0.641667 0.386325 0.042308 0.078632
2 0.705128 0.405983 0.038462 0.083761
2 0.563462 0.788889 0.047436 0.042735
2 0.496154 0.723932 0.038462 0.056410
2 0.315385 0.705983 0.041026 0.044444
2 0.401282 0.449573 0.038462 0.037607
2 0.476282 0.079487 0.026923 0.042735
2 0.217949 0.592308 0.025641 0.056410
2 0.448077 0.766667 0.021795 0.063248
2 0.350641 0.381197 0.029487 0.058120
2 0.925000 0.320513 0.037179 0.035897
2 0.300641 0.339316 0.026923 0.049573
2 0.826923 0.370940 0.030769 0.034188
2 0.580769 0.312821 0.023077 0.041026
2 0.710256 0.611111 0.030769 0.049573
2 0.770513 0.576923 0.023077 0.035897
2 0.889103 0.682051 0.021795 0.034188
2 0.564744 0.363248 0.021795 0.035897
2 0.500000 0.790598 0.023077 0.029060
2 0.662179 0.205128 0.021795 0.030769
2 0.869231 0.145299 0.017949 0.037607
2 0.351923 0.437607 0.032051 0.017094
2 0.137821 0.323932 0.016667 0.032479
2 0.501923 0.012821 0.021795 0.025641
2 0.432692 0.816239 0.019231 0.025641
2 0.384615 0.559829 0.020513 0.025641
2 0.610897 0.102564 0.024359 0.020513
2 0.334615 0.841880 0.012821 0.039316
2 0.218590 0.653846 0.014103 0.039316
2 0.728846 0.166667 0.016667 0.025641
2 0.223718 0.520513 0.024359 0.029060
2 0.357051 0.756410 0.014103 0.029060
2 0.525000 0.741880 0.016667 0.023932
2 0.873077 0.469231 0.012821 0.029060
2 0.360256 0.595726 0.017949 0.022222
2 0.398718 0.871795 0.012821 0.027350
2 0.804487 0.080342 0.014103 0.027350
2 0.883974 0.194017 0.019231 0.029060
2 0.123077 0.627350 0.015385 0.027350
2 0.197436 0.347863 0.020513 0.015385
2 0.407051 0.744444 0.011538 0.025641
2 0.183974 0.565812 0.016667 0.023932
2 0.394231 0.190598 0.021795 0.015385
2 0.482692 0.271795 0.014103 0.020513
