2 0.660897 0.428205 0.047436 0.090598
2 0.484615 0.385470 0.028205 0.046154
2 0.545513 0.291453 0.034615 0.032479
2 0.717949 0.252137 0.035897 0.029060
2 0.430769 0.561538 0.025641 0.039316
2 0.445513 0.606838 0.032051 0.027350
2 0.235897 0.152137 0.023077 0.037607
2 0.225641 0.241026 0.025641 0.030769
2 0.817308 0.726496 0.026923 0.047863
2 0.452564 0.216239 0.020513 0.039316
2 0.467949 0.180342 0.020513 0.029060
2 0.318590 0.741026 0.016667 0.025641
2 0.612821 0.471795 0.017949 0.020513
2 0.450641 0.116239 0.014103 0.023932
2 0.510256 0.252991 0.015385 0.020513
2 0.618590 0.330769 0.021795 0.015385
2 0.146795 0.224786 0.014103 0.025641
