2 0.565385 0.313675 0.141026 0.398291
2 0.169231 0.334188 0.141026 0.299145
2 0.596795 0.712821 0.162821 0.249573
2 0.271154 0.458120 0.144872 0.133333
2 0.578205 0.052991 0.120513 0.105983
2 0.207051 0.770085 0.070513 0.097436
2 0.241667 0.914530 0.080769 0.088889
2 0.294231 0.588034 0.057692 0.071795
2 0.253846 0.288889 0.046154 0.095726
2 0.639103 0.314530 0.060256 0.095726
2 0.310897 0.349573 0.050000 0.076923
2 0.260897 0.711111 0.055128 0.044444
2 0.157051 0.416239 0.029487 0.083761
2 0.984615 0.749573 0.030769 0.052991
2 0.632051 0.456410 0.030769 0.044444
2 0.215385 0.022222 0.038462 0.044444
2 0.973718 0.395726 0.042308 0.042735
2 0.342308 0.146154 0.038462 0.035897
2 0.763462 0.239316 0.029487 0.071795
2 0.652564 0.866667 0.033333 0.037607
2 0.324359 0.213675 0.023077 0.044444
2 0.810256 0.598291 0.025641 0.034188
2 0.501923 0.064957 0.026923 0.051282
2 0.171154 0.534188 0.042308 0.025641
2 0.678846 0.578632 0.021795 0.032479
2 0.741667 0.490598 0.016667 0.054701
2 0.774359 0.544444 0.017949 0.042735
