2 0.544231 0.837607 0.098718 0.061538
2 0.345513 0.600855 0.042308 0.073504
2 0.041667 0.732479 0.044872 0.052991
2 0.453846 0.383761 0.030769 0.063248
2 0.516026 0.373504 0.032051 0.046154
2 0.487179 0.319658 0.051282 0.034188
2 0.538462 0.574359 0.035897 0.047863
2 0.531410 0.686325 0.044872 0.039316
2 0.953846 0.258120 0.038462 0.037607
2 0.648077 0.311111 0.029487 0.041026
2 0.439103 0.270085 0.034615 0.051282
2 0.186538 0.681197 0.032051 0.035897
2 0.058333 0.053846 0.029487 0.046154
2 0.736538 0.366667 0.024359 0.049573
2 0.703846 0.315385 0.015385 0.059829
2 0.385897 0.570940 0.017949 0.044444
2 0.896154 0.129060 0.020513 0.042735
2 0.260256 0.708547 0.015385 0.052991
2 0.485897 0.417949 0.023077 0.046154
2 0.516026 0.921368 0.019231 0.047863
2 0.760897 0.256410 0.021795 0.034188
2 0.783974 0.413675 0.021795 0.034188
2 0.359615 0.100000 0.026923 0.035897
2 0.550000 0.985470 0.025641 0.029060
2 0.029487 0.296581 0.020513 0.029060
2 0.053205 0.208547 0.021795 0.030769
2 0.178846 0.456410 0.021795 0.027350
2 0.526923 0.440171 0.020513 0.025641
2 0.794872 0.538462 0.020513 0.023932
2 0.683333 0.362393 0.017949 0.023932
2 0.444872 0.656410 0.015385 0.027350
2 0.301282 0.302564 0.017949 0.023932
2 0.172436 0.293162 0.024359 0.022222
2 0.769872 0.564103 0.019231 0.034188
2 0.867949 0.556410 0.015385 0.032479
2 0.809615 0.096581 0.019231 0.029060
2 0.386538 0.266667 0.016667 0.020513
2 0.492949 0.024786 0.016667 0.022222
2 0.422436 0.138462 0.026923 0.013675
2 0.505769 0.773504 0.019231 0.018803
2 0.901923 0.785470 0.014103 0.029060
2 0.130128 0.531624 0.016667 0.023932
2 0.372436 0.310256 0.014103 0.025641
2 0.702564 0.235043 0.017949 0.018803
2 0.171154 0.557265 0.019231 0.017094
2 0.342308 0.769231 0.015385 0.020513
2 0.958974 0.719658 0.017949 0.023932
2 0.805128 0.267521 0.015385 0.022222
2 0.519231 0.737607 0.012821 0.022222
