2 0.233333 0.341880 0.110256 0.153846
2 0.021154 0.173504 0.042308 0.056410
2 0.305128 0.504274 0.051282 0.047863
2 0.335256 0.198291 0.037179 0.034188
2 0.315385 0.132479 0.017949 0.042735
2 0.202564 0.431624 0.020513 0.032479
2 0.165385 0.484615 0.015385 0.035897
2 0.498077 0.270085 0.016667 0.030769
2 0.307692 0.011111 0.020513 0.022222
2 0.369872 0.156410 0.016667 0.032479
2 0.257692 0.776068 0.015385 0.023932
2 0.202564 0.570085 0.012821 0.029060
2 0.166667 0.212821 0.012821 0.025641
2 0.096154 0.726496 0.015385 0.023932
