2 0.505769 0.341880 0.080769 0.078632
2 0.523077 0.247009 0.074359 0.070085
2 0.442308 0.412821 0.069231 0.059829
2 0.735897 0.900855 0.028205 0.075214
2 0.984615 0.391453 0.030769 0.037607
2 0.200641 0.133333 0.029487 0.054701
2 0.369872 0.594017 0.024359 0.035897
2 0.492308 0.061538 0.035897 0.030769
2 0.112821 0.351282 0.015385 0.042735
2 0.660256 0.923077 0.020513 0.030769
2 0.028846 0.799145 0.021795 0.029060
2 0.716667 0.752991 0.023077 0.032479
2 0.298077 0.901709 0.024359 0.022222
2 0.257692 0.725641 0.023077 0.025641
2 0.197436 0.321368 0.030769 0.023932
2 0.362179 0.439316 0.019231 0.030769
2 0.846795 0.305128 0.019231 0.025641
2 0.456410 0.361538 0.017949 0.025641
2 0.942308 0.364957 0.015385 0.032479
2 0.255128 0.009402 0.020513 0.018803
2 0.019872 0.266667 0.016667 0.020513
2 0.727564 0.711966 0.014103 0.022222
2 0.101282 0.990598 0.017949 0.018803
