2 0.865385 0.282906 0.082051 0.121368
2 0.753205 0.341026 0.080769 0.070085
2 0.830769 0.427350 0.053846 0.071795
2 0.352564 0.324786 0.041026 0.075214
2 0.395513 0.484615 0.050000 0.059829
2 0.489744 0.213675 0.033333 0.054701
2 0.392308 0.288034 0.025641 0.056410
2 0.358333 0.142735 0.021795 0.059829
2 0.691667 0.752137 0.032051 0.054701
2 0.942949 0.134188 0.026923 0.059829
2 0.087179 0.475214 0.028205 0.054701
2 0.960256 0.298291 0.025641 0.046154
2 0.804487 0.303419 0.034615 0.042735
2 0.335897 0.623932 0.028205 0.037607
2 0.316026 0.175214 0.019231 0.046154
2 0.389744 0.538462 0.035897 0.034188
2 0.549359 0.310256 0.029487 0.029060
2 0.369231 0.408547 0.020513 0.037607
2 0.548718 0.535043 0.025641 0.037607
2 0.346795 0.734188 0.019231 0.046154
2 0.612179 0.497436 0.026923 0.030769
2 0.473718 0.418803 0.024359 0.030769
2 0.405128 0.595726 0.035897 0.029060
2 0.653205 0.464103 0.024359 0.029060
2 0.569872 0.268376 0.034615 0.030769
2 0.410256 0.358120 0.033333 0.029060
2 0.885897 0.100000 0.017949 0.032479
2 0.131410 0.050427 0.016667 0.035897
2 0.420513 0.776068 0.023077 0.041026
2 0.190385 0.261538 0.019231 0.041026
2 0.547436 0.439316 0.025641 0.027350
2 0.373077 0.205128 0.023077 0.027350
2 0.742308 0.199145 0.030769 0.018803
2 0.550641 0.603419 0.024359 0.027350
2 0.242308 0.366667 0.025641 0.035897
2 0.992308 0.482051 0.015385 0.030769
2 0.642308 0.885470 0.017949 0.034188
2 0.335256 0.448718 0.019231 0.025641
2 0.595513 0.957265 0.016667 0.027350
2 0.443590 0.372650 0.015385 0.027350
2 0.349359 0.557265 0.016667 0.027350
2 0.730128 0.410256 0.016667 0.023932
2 0.775000 0.631624 0.019231 0.022222
2 0.294872 0.115385 0.023077 0.018803
2 0.162179 0.292308 0.021795 0.020513
2 0.611538 0.623077 0.012821 0.029060
2 0.098077 0.620513 0.014103 0.030769
2 0.262179 0.412821 0.014103 0.025641
2 0.641026 0.605128 0.015385 0.023932
2 0.633974 0.727350 0.019231 0.018803
2 0.323718 0.282051 0.019231 0.017094
2 0.944231 0.617094 0.021795 0.017094
2 0.858974 0.682051 0.015385 0.020513
2 0.601923 0.849573 0.014103 0.020513
2 0.423077 0.250427 0.015385 0.018803
2 0.084615 0.980342 0.012821 0.022222
2 0.787179 0.762393 0.015385 0.020513
