2 0.805769 0.469231 0.078205 0.104274
2 0.419231 0.105128 0.076923 0.080342
2 0.820513 0.654701 0.048718 0.085470
2 0.925000 0.648718 0.032051 0.080342
2 0.276923 0.293162 0.038462 0.042735
2 0.604487 0.388889 0.039744 0.076923
2 0.189103 0.723077 0.032051 0.051282
2 0.729487 0.373504 0.033333 0.042735
2 0.132051 0.454701 0.038462 0.041026
2 0.457051 0.659829 0.034615 0.041026
2 0.655769 0.211111 0.034615 0.035897
2 0.271795 0.386325 0.023077 0.071795
2 0.736538 0.606838 0.029487 0.051282
2 0.846795 0.554701 0.026923 0.039316
2 0.142949 0.864103 0.039744 0.029060
2 0.476282 0.862393 0.026923 0.035897
2 0.853846 0.455556 0.023077 0.039316
2 0.462821 0.324786 0.020513 0.037607
2 0.659615 0.495726 0.021795 0.037607
2 0.152564 0.640171 0.023077 0.035897
2 0.080769 0.965812 0.025641 0.037607
2 0.698718 0.679487 0.020513 0.042735
2 0.332692 0.766667 0.021795 0.035897
2 0.803846 0.597436 0.017949 0.035897
2 0.662821 0.440171 0.020513 0.032479
2 0.704487 0.415385 0.024359 0.034188
2 0.750000 0.981197 0.017949 0.037607
2 0.700000 0.831624 0.025641 0.029060
2 0.657692 0.748718 0.028205 0.023932
2 0.582692 0.815385 0.024359 0.023932
2 0.989744 0.013675 0.020513 0.027350
2 0.876282 0.755556 0.019231 0.041026
2 0.975000 0.299145 0.019231 0.027350
2 0.160897 0.952137 0.021795 0.023932
2 0.197436 0.442735 0.017949 0.027350
2 0.110256 0.604274 0.017949 0.032479
2 0.487179 0.702564 0.015385 0.027350
2 0.669231 0.800855 0.015385 0.025641
2 0.664103 0.703419 0.017949 0.018803
2 0.043590 0.964103 0.015385 0.020513
2 0.528205 0.894872 0.015385 0.018803
2 0.936538 0.327350 0.011538 0.025641
