2 0.430769 0.310256 0.071795 0.145299
2 0.552564 0.136752 0.076923 0.140171
2 0.306410 0.198291 0.056410 0.075214
2 0.502564 0.551282 0.035897 0.073504
2 0.776923 0.665812 0.058974 0.052991
2 0.307051 0.876068 0.060256 0.056410
2 0.262821 0.770940 0.056410 0.058120
2 0.703846 0.810256 0.038462 0.071795
2 0.721154 0.650427 0.032051 0.052991
2 0.625000 0.309402 0.026923 0.092308
2 0.185897 0.740171 0.046154 0.044444
2 0.412821 0.136752 0.038462 0.061538
2 0.151282 0.410256 0.023077 0.064957
2 0.323077 0.323077 0.035897 0.047863
2 0.432051 0.604274 0.028205 0.046154
2 0.022436 0.829915 0.021795 0.042735
2 0.083974 0.621368 0.029487 0.035897
2 0.731410 0.896581 0.024359 0.039316
2 0.773077 0.839316 0.030769 0.034188
2 0.332692 0.239316 0.024359 0.037607
2 0.453846 0.543590 0.025641 0.034188
2 0.075000 0.194872 0.024359 0.034188
2 0.275000 0.258120 0.024359 0.034188
2 0.412179 0.016239 0.026923 0.032479
2 0.490385 0.457265 0.019231 0.039316
2 0.741026 0.520513 0.028205 0.029060
2 0.939744 0.890598 0.033333 0.044444
2 0.353205 0.453846 0.032051 0.025641
2 0.956410 0.356410 0.020513 0.039316
2 0.360897 0.163248 0.024359 0.029060
2 0.645513 0.132479 0.016667 0.032479
2 0.858333 0.064957 0.019231 0.027350
2 0.733333 0.323932 0.023077 0.032479
2 0.542308 0.257265 0.020513 0.022222
2 0.659615 0.584615 0.019231 0.023932
2 0.351282 0.982051 0.020513 0.022222
2 0.033974 0.165812 0.019231 0.023932
2 0.648718 0.437607 0.017949 0.023932
2 0.774359 0.582906 0.020513 0.020513
2 0.613462 0.406838 0.014103 0.027350
2 0.801282 0.629915 0.020513 0.018803
2 0.848718 0.009402 0.020513 0.018803
2 0.086538 0.752991 0.016667 0.025641
2 0.130128 0.349573 0.016667 0.022222
2 0.401923 0.494017 0.014103 0.027350
2 0.067308 0.811966 0.019231 0.017094
2 0.777564 0.545299 0.014103 0.023932
2 0.179487 0.683761 0.015385 0.020513
2 0.364103 0.921368 0.015385 0.020513
2 0.630128 0.751282 0.014103 0.022222
2 0.050641 0.313675 0.016667 0.018803
2 0.618590 0.454701 0.011538 0.023932
2 0.806410 0.105128 0.015385 0.018803
