2 0.644872 0.615385 0.058974 0.112821
2 0.663462 0.418803 0.029487 0.068376
2 0.419872 0.528205 0.032051 0.037607
2 0.238462 0.462393 0.028205 0.039316
2 0.305769 0.424786 0.032051 0.039316
2 0.573718 0.834188 0.039744 0.030769
2 0.283333 0.558974 0.023077 0.037607
2 0.686538 0.370940 0.016667 0.037607
2 0.175000 0.549573 0.019231 0.029060
2 0.912179 0.565812 0.016667 0.030769
2 0.602564 0.857265 0.015385 0.029060
2 0.794872 0.343590 0.015385 0.030769
2 0.689103 0.524786 0.016667 0.023932
2 0.373077 0.550427 0.020513 0.017094
2 0.205128 0.717094 0.023077 0.022222
2 0.114744 0.670940 0.014103 0.032479
2 0.231410 0.828205 0.016667 0.022222
2 0.662821 0.489744 0.017949 0.018803
2 0.038462 0.386325 0.017949 0.017094
2 0.898077 0.754701 0.011538 0.025641
2 0.895513 0.896581 0.016667 0.018803
2 0.030769 0.530769 0.015385 0.018803
