2 0.463462 0.505128 0.052564 0.059829
2 0.543590 0.662393 0.030769 0.049573
2 0.125000 0.641880 0.034615 0.056410
2 0.247436 0.753846 0.025641 0.044444
2 0.577564 0.694017 0.024359 0.037607
2 0.639744 0.804274 0.017949 0.046154
2 0.508333 0.273504 0.032051 0.047863
2 0.553846 0.208547 0.033333 0.051282
2 0.605769 0.659829 0.029487 0.027350
2 0.773718 0.517949 0.014103 0.051282
2 0.646795 0.417094 0.019231 0.047863
2 0.542308 0.419658 0.017949 0.032479
2 0.562179 0.272650 0.016667 0.046154
2 0.694231 0.278632 0.016667 0.030769
2 0.498077 0.925641 0.016667 0.032479
2 0.394231 0.879487 0.016667 0.029060
2 0.487179 0.865812 0.015385 0.032479
2 0.283333 0.586325 0.020513 0.023932
2 0.776282 0.451282 0.016667 0.027350
2 0.394872 0.387179 0.025641 0.025641
2 0.638462 0.574359 0.023077 0.034188
2 0.625641 0.708547 0.017949 0.025641
2 0.677564 0.567521 0.016667 0.023932
2 0.097436 0.183761 0.012821 0.029060
2 0.236538 0.543590 0.016667 0.020513
2 0.428205 0.432479 0.012821 0.023932
2 0.807051 0.599145 0.014103 0.022222
2 0.451282 0.304274 0.020513 0.023932
2 0.430128 0.771795 0.014103 0.022222
2 0.566026 0.511966 0.014103 0.022222
2 0.541667 0.956410 0.014103 0.025641
2 0.683333 0.448718 0.012821 0.022222
2 0.069872 0.300000 0.014103 0.025641
2 0.180769 0.216239 0.012821 0.025641
