2 0.265385 0.385470 0.143590 0.254701
2 0.130128 0.636752 0.091026 0.090598
2 0.108333 0.388889 0.078205 0.121368
2 0.041667 0.932479 0.083333 0.090598
2 0.401923 0.642735 0.078205 0.119658
2 0.175000 0.328205 0.065385 0.078632
2 0.197436 0.527350 0.041026 0.073504
2 0.128846 0.747863 0.047436 0.073504
2 0.110897 0.543590 0.039744 0.051282
2 0.459615 0.228205 0.047436 0.073504
2 0.011538 0.698291 0.023077 0.070085
2 0.296795 0.075214 0.026923 0.071795
2 0.639103 0.914530 0.032051 0.061538
2 0.017949 0.381197 0.035897 0.071795
2 0.277564 0.561538 0.029487 0.059829
2 0.317308 0.653846 0.032051 0.063248
2 0.807051 0.508547 0.029487 0.042735
2 0.085897 0.500855 0.030769 0.041026
2 0.043590 0.653846 0.028205 0.039316
2 0.107051 0.450427 0.037179 0.039316
2 0.835256 0.725641 0.021795 0.056410
2 0.539744 0.340171 0.023077 0.051282
2 0.047436 0.470085 0.028205 0.034188
2 0.851282 0.623932 0.023077 0.051282
2 0.237179 0.776923 0.028205 0.029060
2 0.510897 0.674359 0.024359 0.049573
2 0.679487 0.919658 0.025641 0.064957
2 0.965385 0.843590 0.023077 0.029060
2 0.223077 0.595726 0.020513 0.042735
2 0.546795 0.498291 0.024359 0.035897
2 0.016026 0.570940 0.021795 0.037607
2 0.567949 0.309402 0.017949 0.034188
2 0.527564 0.804274 0.021795 0.039316
2 0.325000 0.464103 0.016667 0.032479
2 0.486538 0.756410 0.024359 0.022222
2 0.185897 0.941880 0.015385 0.030769
2 0.163462 0.716239 0.016667 0.023932
2 0.231410 0.317094 0.024359 0.022222
2 0.410256 0.702564 0.017949 0.027350
2 0.029487 0.317094 0.015385 0.025641
2 0.033974 0.717949 0.021795 0.023932
2 0.421154 0.734188 0.019231 0.022222
2 0.238462 0.534188 0.017949 0.032479
2 0.335256 0.038462 0.016667 0.022222
2 0.368590 0.031624 0.014103 0.022222
2 0.429487 0.138462 0.012821 0.027350
2 0.770513 0.511111 0.017949 0.023932
2 0.735256 0.945299 0.014103 0.020513
2 0.451282 0.900855 0.012821 0.027350
