2 0.375000 0.501709 0.044872 0.135043
2 0.453846 0.575214 0.069231 0.083761
2 0.308974 0.421368 0.053846 0.090598
2 0.432692 0.823077 0.034615 0.035897
2 0.259615 0.441880 0.024359 0.042735
2 0.706410 0.453846 0.035897 0.039316
2 0.230128 0.976068 0.019231 0.047863
2 0.825641 0.147863 0.023077 0.032479
2 0.548077 0.447009 0.019231 0.042735
2 0.683333 0.872650 0.020513 0.049573
2 0.470513 0.662393 0.017949 0.035897
2 0.525000 0.746154 0.024359 0.032479
2 0.203205 0.610256 0.019231 0.030769
2 0.792949 0.610256 0.021795 0.023932
2 0.682051 0.813675 0.017949 0.034188
2 0.361538 0.389744 0.025641 0.020513
2 0.459615 0.317094 0.024359 0.025641
2 0.286538 0.498291 0.011538 0.039316
2 0.632692 0.815385 0.014103 0.027350
2 0.216026 0.515385 0.016667 0.025641
2 0.931410 0.629060 0.014103 0.034188
2 0.578846 0.293162 0.014103 0.022222
2 0.332051 0.770940 0.015385 0.020513
2 0.154487 0.531624 0.016667 0.020513
2 0.269872 0.341026 0.014103 0.022222
2 0.569872 0.562393 0.016667 0.017094
