1 0.702734 0.332292 0.238281 0.404167
1 0.582812 0.880208 0.181250 0.239583
1 0.937109 0.889062 0.125781 0.184375
1 0.809766 0.783854 0.116406 0.163542
1 0.152344 0.064583 0.090625 0.108333
1 0.267969 0.181771 0.125000 0.119792
1 0.754687 0.610938 0.073438 0.123958
1 0.379688 0.622917 0.070312 0.110417
1 0.895312 0.315104 0.079687 0.073958
1 0.352734 0.443750 0.046094 0.081250
1 0.897656 0.603646 0.043750 0.086458
1 0.942187 0.221875 0.065625 0.060417
1 0.910937 0.163542 0.048438 0.070833
1 0.262500 0.062500 0.042188 0.045833
1 0.757422 0.103125 0.028906 0.041667
