1 0.325781 0.266146 0.189062 0.253125
1 0.907031 0.500000 0.185938 0.285417
1 0.873047 0.819792 0.158594 0.162500
1 0.464453 0.648958 0.216406 0.202083
1 0.796875 0.101042 0.085938 0.133333
1 0.209375 0.659896 0.079687 0.134375
1 0.132422 0.566146 0.071094 0.105208
1 0.061328 0.231771 0.075781 0.076042
1 0.531250 0.794792 0.065625 0.095833
1 0.349219 0.856250 0.053125 0.108333
1 0.844141 0.243750 0.061719 0.131250
1 0.285938 0.765625 0.075000 0.110417
1 0.841797 0.921875 0.067969 0.060417
1 0.620313 0.972396 0.059375 0.055208
1 0.427734 0.070833 0.058594 0.077083
1 0.633203 0.407813 0.069531 0.057292
1 0.671094 0.475000 0.040625 0.056250
1 0.015625 0.685937 0.031250 0.055208
1 0.469141 0.236979 0.032031 0.067708
1 0.874609 0.697917 0.030469 0.060417
1 0.012891 0.415104 0.025781 0.061458
1 0.414453 0.963542 0.032031 0.041667
1 0.426953 0.421875 0.027344 0.033333
1 0.114062 0.453125 0.023438 0.035417
