1 0.476172 0.220833 0.294531 0.306250
1 0.625000 0.532292 0.131250 0.262500
1 0.744531 0.394792 0.190625 0.216667
1 0.310547 0.598958 0.142969 0.212500
1 0.094141 0.954167 0.128906 0.091667
1 0.325391 0.897917 0.064844 0.204167
1 0.204297 0.558854 0.083594 0.115625
1 0.473828 0.678125 0.116406 0.089583
1 0.037500 0.530208 0.075000 0.079167
1 0.410547 0.819271 0.052344 0.069792
1 0.850781 0.931771 0.040625 0.092708
1 0.434766 0.972396 0.061719 0.055208
1 0.635938 0.032292 0.059375 0.064583
1 0.391016 0.139063 0.052344 0.071875
1 0.245703 0.135417 0.038281 0.054167
1 0.665625 0.781771 0.035937 0.046875
1 0.614844 0.093750 0.035937 0.039583
1 0.808594 0.971875 0.043750 0.033333
1 0.520703 0.154167 0.028906 0.039583
1 0.146484 0.732292 0.021094 0.037500
