1 0.736719 0.238021 0.373437 0.434375
1 0.279687 0.827604 0.282813 0.180208
1 0.116797 0.279687 0.233594 0.221875
1 0.555859 0.633854 0.227344 0.219792
1 0.407031 0.141146 0.160938 0.253125
1 0.905859 0.807292 0.188281 0.254167
1 0.062891 0.099479 0.125781 0.109375
1 0.292187 0.061979 0.076563 0.123958
1 0.942187 0.471875 0.054688 0.120833
1 0.441797 0.532292 0.041406 0.075000
1 0.573047 0.130729 0.046094 0.063542
1 0.792188 0.974479 0.043750 0.051042
1 0.572656 0.249479 0.037500 0.055208
1 0.249219 0.576562 0.043750 0.040625
