1 0.788672 0.090104 0.230469 0.180208
1 0.289062 0.829167 0.168750 0.183333
1 0.528906 0.752083 0.146875 0.258333
1 0.522266 0.110937 0.157031 0.201042
1 0.942969 0.345833 0.114062 0.185417
1 0.412891 0.337500 0.136719 0.118750
1 0.196094 0.282813 0.056250 0.119792
1 0.898828 0.478646 0.100781 0.084375
1 0.948828 0.665625 0.055469 0.154167
1 0.066797 0.049479 0.053906 0.065625
1 0.916016 0.545833 0.046094 0.054167
1 0.209766 0.176042 0.057031 0.047917
1 0.973828 0.079167 0.052344 0.047917
1 0.275000 0.472396 0.026562 0.044792
1 0.985547 0.875521 0.028906 0.030208
1 0.032813 0.683854 0.035937 0.026042
1 0.216797 0.371354 0.030469 0.030208
1 0.830469 0.429167 0.021875 0.027083
