1 0.705078 0.292708 0.291406 0.316667
1 0.161328 0.715104 0.285156 0.215625
1 0.203125 0.148958 0.371875 0.189583
1 0.932813 0.721875 0.087500 0.143750
1 0.486719 0.673438 0.085938 0.178125
1 0.281641 0.291667 0.058594 0.102083
1 0.596875 0.813542 0.103125 0.054167
1 0.021875 0.590104 0.043750 0.053125
1 0.892188 0.497917 0.067187 0.058333
1 0.555078 0.429167 0.058594 0.068750
1 0.805469 0.535937 0.031250 0.073958
1 0.420703 0.036458 0.039844 0.056250
1 0.083984 0.413542 0.028906 0.060417
1 0.504687 0.332813 0.035937 0.048958
1 0.634375 0.636458 0.032813 0.050000
1 0.907813 0.592187 0.028125 0.051042
1 0.539453 0.871875 0.033594 0.043750
1 0.686719 0.840104 0.023438 0.046875
1 0.800000 0.775521 0.025000 0.046875
