1 0.571484 0.077083 0.100781 0.154167
1 0.503125 0.400521 0.067187 0.098958
1 0.336328 0.625521 0.105469 0.103125
1 0.259766 0.956250 0.086719 0.087500
1 0.019531 0.589063 0.039062 0.142708
1 0.190625 0.414062 0.078125 0.096875
1 0.240234 0.765104 0.058594 0.082292
1 0.391016 0.472396 0.041406 0.044792
1 0.539062 0.254167 0.037500 0.037500
1 0.271484 0.229167 0.025781 0.075000
1 0.224219 0.152604 0.032813 0.051042
1 0.723047 0.266667 0.039844 0.045833
1 0.223828 0.534896 0.028906 0.034375
1 0.144922 0.659896 0.030469 0.038542
1 0.431250 0.502604 0.021875 0.046875
1 0.983594 0.242188 0.032813 0.034375
1 0.007812 0.196875 0.015625 0.039583
1 0.298438 0.775000 0.029687 0.031250
1 0.008984 0.472917 0.017969 0.033333
1 0.159375 0.804167 0.015625 0.020833
1 0.159766 0.595833 0.013281 0.025000
1 0.187109 0.886458 0.013281 0.020833
