1 0.139453 0.506771 0.221094 0.288542
1 0.582812 0.096875 0.248438 0.193750
1 0.751953 0.697396 0.219531 0.148958
1 0.448437 0.923438 0.156250 0.153125
1 0.162891 0.321875 0.155469 0.187500
1 0.293750 0.866146 0.132812 0.146875
1 0.957031 0.484896 0.085938 0.205208
1 0.842187 0.255729 0.106250 0.178125
1 0.110937 0.937500 0.087500 0.125000
1 0.216797 0.701042 0.080469 0.120833
1 0.753516 0.134896 0.077344 0.111458
1 0.321094 0.368750 0.082812 0.077083
1 0.363281 0.663021 0.040625 0.096875
1 0.358984 0.265104 0.067969 0.063542
1 0.925391 0.308854 0.066406 0.084375
1 0.320312 0.212500 0.051562 0.079167
1 0.441406 0.069271 0.032813 0.073958
1 0.541406 0.250521 0.050000 0.042708
1 0.156641 0.183854 0.032031 0.042708
1 0.989062 0.108854 0.021875 0.053125
1 0.224609 0.188542 0.024219 0.043750
1 0.747656 0.978125 0.025000 0.043750
1 0.784375 0.242188 0.029687 0.032292
1 0.273828 0.012500 0.042969 0.025000
1 0.613281 0.765104 0.026562 0.032292
1 0.491016 0.461458 0.030469 0.025000
