1 0.264453 0.297396 0.230469 0.405208
1 0.729297 0.063542 0.249219 0.127083
1 0.836719 0.666146 0.207813 0.140625
1 0.518359 0.842708 0.146094 0.183333
1 0.156250 0.845833 0.175000 0.241667
1 0.380078 0.742188 0.117969 0.161458
1 0.707031 0.962500 0.098437 0.075000
1 0.953906 0.264062 0.092188 0.142708
1 0.321094 0.571354 0.073438 0.121875
1 0.891016 0.120313 0.071094 0.111458
1 0.454297 0.270833 0.080469 0.075000
1 0.464453 0.558854 0.044531 0.092708
1 0.802734 0.953646 0.085156 0.092708
1 0.500781 0.175521 0.065625 0.061458
1 0.467969 0.119271 0.050000 0.071875
1 0.677734 0.195833 0.047656 0.037500
1 0.313281 0.063021 0.029687 0.042708
1 0.598437 0.017708 0.029687 0.035417
