1 0.521875 0.603125 0.203125 0.252083
1 0.135547 0.190625 0.244531 0.177083
1 0.254688 0.809375 0.204687 0.135417
1 0.714844 0.437500 0.154688 0.191667
1 0.373437 0.393750 0.114062 0.164583
1 0.297266 0.263542 0.072656 0.110417
1 0.724609 0.572917 0.080469 0.077083
1 0.449219 0.455208 0.064062 0.087500
1 0.576172 0.128646 0.050781 0.057292
1 0.534766 0.272396 0.038281 0.055208
1 0.085938 0.347396 0.046875 0.036458
1 0.692969 0.910417 0.032813 0.031250
1 0.732031 0.050521 0.034375 0.026042
1 0.318750 0.370312 0.026562 0.030208
1 0.008203 0.166146 0.016406 0.040625
