1 0.837109 0.313021 0.166406 0.161458
1 0.339453 0.213542 0.139844 0.189583
1 0.683594 0.677604 0.128125 0.198958
1 0.148828 0.390625 0.077344 0.239583
1 0.451953 0.304688 0.044531 0.057292
1 0.700000 0.209896 0.046875 0.055208
1 0.010937 0.395833 0.021875 0.058333
1 0.789062 0.936458 0.035937 0.035417
1 0.012891 0.256250 0.025781 0.047917
1 0.499609 0.604688 0.028906 0.036458
1 0.628906 0.470313 0.023438 0.040625
1 0.867188 0.693750 0.023438 0.037500
1 0.705859 0.466667 0.025781 0.031250
1 0.183594 0.183333 0.026562 0.022917
