1 0.182422 0.680729 0.313281 0.207292
1 0.455078 0.463542 0.289844 0.195833
1 0.526953 0.764583 0.199219 0.162500
1 0.475781 0.198437 0.178125 0.221875
1 0.069922 0.240625 0.139844 0.131250
1 0.929688 0.638542 0.079687 0.168750
1 0.619922 0.538021 0.083594 0.111458
1 0.968750 0.898438 0.062500 0.126042
1 0.970703 0.768229 0.058594 0.101042
1 0.723437 0.595833 0.107813 0.077083
1 0.933203 0.472917 0.041406 0.066667
1 0.806641 0.574479 0.049219 0.076042
1 0.628906 0.863542 0.048438 0.050000
1 0.256641 0.829688 0.038281 0.038542
1 0.458594 0.450521 0.039062 0.034375
1 0.294141 0.492708 0.032031 0.039583
1 0.347266 0.048438 0.032031 0.042708
1 0.073828 0.975521 0.022656 0.048958
1 0.860547 0.017188 0.055469 0.034375
1 0.735156 0.172917 0.032813 0.029167
1 0.962891 0.112500 0.019531 0.058333
1 0.506250 0.049479 0.023438 0.046875
1 0.077734 0.816667 0.024219 0.037500
