1 0.474394 0.083633 0.132075 0.167266
1 0.128032 0.862410 0.105121 0.127698
1 0.314016 0.938849 0.113208 0.122302
1 0.305930 0.807554 0.075472 0.100719
1 0.584232 0.089928 0.071429 0.104317
1 0.976415 0.238309 0.047170 0.095324
1 0.917790 0.148381 0.051213 0.102518
1 0.721024 0.482014 0.040431 0.082734
1 0.531671 0.679856 0.049865 0.064748
1 0.339623 0.668165 0.056604 0.059353
1 0.728437 0.650180 0.039084 0.059353
1 0.599730 0.818345 0.059299 0.046763
1 0.652291 0.681655 0.029650 0.075540
1 0.694744 0.738309 0.025606 0.062950
1 0.727089 0.407374 0.028302 0.048561
1 0.640162 0.067446 0.035040 0.034173
1 0.665768 0.604317 0.024259 0.050360
1 0.805930 0.391187 0.032345 0.034173
1 0.406334 0.779676 0.028302 0.030576
1 0.780323 0.424460 0.018868 0.053957
1 0.338275 0.727518 0.024259 0.034173
1 0.419137 0.655576 0.032345 0.030576
1 0.238544 0.192446 0.024259 0.017986
1 0.558625 0.989209 0.014825 0.021583
1 0.664420 0.535971 0.018868 0.017986
