1 0.793324 0.449811 0.223011 0.153409
1 0.068892 0.376894 0.115057 0.189394
1 0.410511 0.850379 0.079545 0.113636
1 0.332386 0.663826 0.090909 0.119318
1 0.694602 0.255682 0.119318 0.094697
1 0.167614 0.066288 0.079545 0.113636
1 0.056818 0.034091 0.085227 0.068182
1 0.742188 0.708333 0.078125 0.056818
1 0.587358 0.162879 0.063920 0.068182
1 0.020597 0.274621 0.041193 0.037879
1 0.092330 0.206439 0.036932 0.053030
1 0.674716 0.642992 0.031250 0.039773
1 0.036932 0.755682 0.022727 0.041667
1 0.618608 0.297348 0.032670 0.026515
1 0.703125 0.149621 0.025568 0.026515
1 0.750710 0.327652 0.024148 0.026515
1 0.653409 0.194129 0.019886 0.024621
