1 0.816038 0.513489 0.149596 0.311151
1 0.295148 0.866906 0.169811 0.266187
1 0.520889 0.619604 0.101078 0.257194
1 0.582884 0.186151 0.114555 0.206835
1 0.721024 0.066547 0.142857 0.100719
1 0.812668 0.900180 0.094340 0.120504
1 0.471024 0.286871 0.066038 0.138489
1 0.382749 0.285072 0.037736 0.095324
1 0.817385 0.265288 0.039084 0.062950
1 0.545822 0.834532 0.032345 0.079137
1 0.740566 0.954137 0.033693 0.044964
1 0.763477 0.721223 0.036388 0.043165
1 0.758086 0.288669 0.033693 0.030576
1 0.252022 0.986511 0.040431 0.026978
1 0.526954 0.432554 0.024259 0.034173
1 0.379380 0.880396 0.017520 0.034173
