1 0.392857 0.435252 0.146900 0.161871
1 0.297844 0.610612 0.059299 0.098921
1 0.907682 0.905576 0.087601 0.098921
1 0.319407 0.051259 0.102426 0.062950
1 0.792453 0.314748 0.053908 0.082734
1 0.322776 0.193345 0.047170 0.080935
1 0.384097 0.629496 0.078167 0.082734
1 0.914420 0.147482 0.044474 0.061151
1 0.696765 0.424460 0.043127 0.035971
1 0.693396 0.615108 0.028302 0.050360
1 0.021563 0.537770 0.032345 0.050360
1 0.721698 0.773381 0.047170 0.032374
1 0.023585 0.303058 0.022911 0.048561
1 0.022911 0.214029 0.029650 0.028777
1 0.348383 0.863309 0.025606 0.035971
1 0.451482 0.546763 0.035040 0.025180
1 0.538410 0.535072 0.028302 0.023381
1 0.022237 0.660072 0.028302 0.021583
