1 0.061321 0.364209 0.092992 0.109712
1 0.409030 0.548561 0.071429 0.151079
1 0.123315 0.044065 0.111860 0.088129
1 0.233154 0.403777 0.075472 0.088129
1 0.742588 0.748201 0.056604 0.057554
1 0.493935 0.066547 0.060647 0.061151
1 0.113881 0.513489 0.068733 0.055755
1 0.258086 0.815647 0.071429 0.070144
1 0.084232 0.201439 0.052561 0.086331
1 0.319407 0.159173 0.048518 0.044964
1 0.013477 0.057554 0.026954 0.061151
1 0.009434 0.586331 0.018868 0.086331
1 0.903639 0.353417 0.028302 0.041367
1 0.633423 0.349820 0.029650 0.034173
1 0.564690 0.014388 0.026954 0.028777
1 0.650943 0.017986 0.021563 0.021583
1 0.512129 0.465827 0.013477 0.028777
