1 0.224394 0.936151 0.160377 0.127698
1 0.084906 0.437950 0.099730 0.091727
1 0.024933 0.933453 0.049865 0.133094
1 0.701482 0.744604 0.036388 0.093525
1 0.109164 0.186151 0.043127 0.059353
1 0.776280 0.854317 0.032345 0.050360
1 0.043127 0.135791 0.029650 0.044964
1 0.022911 0.372302 0.026954 0.043165
1 0.095013 0.628597 0.028302 0.030576
1 0.049865 0.634892 0.021563 0.035971
1 0.280997 0.608813 0.025606 0.030576
1 0.126685 0.732014 0.021563 0.032374
1 0.601078 0.622302 0.018868 0.025180
1 0.181267 0.885791 0.020216 0.023381
1 0.290431 0.680755 0.020216 0.019784
