1 0.580078 0.873437 0.110156 0.142708
1 0.171484 0.273958 0.114844 0.093750
1 0.448437 0.615625 0.073438 0.087500
1 0.510156 0.562500 0.051562 0.114583
1 0.598047 0.598437 0.049219 0.071875
1 0.345313 0.742708 0.048438 0.056250
1 0.252734 0.756250 0.080469 0.052083
1 0.649219 0.675521 0.045312 0.059375
1 0.298438 0.379167 0.075000 0.050000
1 0.496875 0.469271 0.046875 0.051042
1 0.551562 0.166146 0.032813 0.073958
1 0.670312 0.366667 0.032813 0.052083
1 0.635938 0.982812 0.062500 0.034375
1 0.017188 0.841146 0.034375 0.042708
1 0.275000 0.671354 0.037500 0.044792
1 0.291406 0.596875 0.037500 0.041667
1 0.742969 0.114583 0.039062 0.035417
1 0.032031 0.008333 0.064062 0.016667
1 0.288672 0.525521 0.039844 0.028125
1 0.788672 0.184896 0.025781 0.040625
1 0.092578 0.620833 0.030469 0.035417
1 0.058594 0.721354 0.043750 0.026042
1 0.853906 0.240104 0.029687 0.042708
1 0.376953 0.856250 0.030469 0.031250
1 0.633594 0.486979 0.028125 0.034375
1 0.682813 0.553125 0.025000 0.033333
1 0.255859 0.470313 0.022656 0.044792
1 0.877734 0.212500 0.025781 0.029167
1 0.493359 0.681771 0.021094 0.028125
1 0.671484 0.834375 0.024219 0.025000
1 0.390234 0.258333 0.035156 0.018750
1 0.791406 0.742708 0.029687 0.018750
1 0.550781 0.492188 0.017188 0.021875
1 0.255859 0.816667 0.032031 0.016667
1 0.006250 0.501563 0.012500 0.030208
1 0.450000 0.676562 0.018750 0.015625
1 0.026953 0.895833 0.019531 0.014583
