1 0.487871 0.792266 0.105121 0.116906
1 0.849730 0.115108 0.090296 0.079137
1 0.705526 0.304856 0.055256 0.077338
1 0.842318 0.221223 0.070081 0.064748
1 0.237871 0.561151 0.047170 0.071942
1 0.488544 0.472122 0.049865 0.055755
1 0.559299 0.556655 0.059299 0.077338
1 0.534367 0.228417 0.041779 0.057554
1 0.477763 0.669065 0.041779 0.046763
1 0.619946 0.720324 0.037736 0.052158
1 0.630728 0.331835 0.032345 0.062950
1 0.565364 0.396583 0.039084 0.037770
1 0.675876 0.685252 0.025606 0.057554
1 0.374663 0.530576 0.021563 0.035971
1 0.941375 0.568345 0.022911 0.039568
1 0.796496 0.976619 0.026954 0.025180
