1 0.525641 0.429060 0.151282 0.170940
1 0.414744 0.803419 0.085897 0.232479
1 0.441026 0.603419 0.112821 0.105983
1 0.844231 0.248718 0.088462 0.114530
1 0.398077 0.470940 0.055128 0.097436
1 0.427564 0.023932 0.055128 0.047863
1 0.360897 0.193162 0.039744 0.058120
1 0.987179 0.773504 0.025641 0.080342
1 0.025641 0.018803 0.051282 0.037607
1 0.780769 0.542735 0.025641 0.059829
1 0.714103 0.844444 0.028205 0.037607
1 0.767949 0.839316 0.035897 0.023932
1 0.317949 0.350427 0.035897 0.027350
1 0.062179 0.157265 0.021795 0.034188
1 0.658974 0.876923 0.023077 0.030769
1 0.398718 0.255556 0.023077 0.029060
1 0.512821 0.205983 0.017949 0.029060
