1 0.595674 0.380266 0.066556 0.073171
1 0.339434 0.155211 0.059900 0.070953
1 0.752912 0.719512 0.048253 0.077605
1 0.258735 0.304878 0.041597 0.090909
1 0.504160 0.814856 0.043261 0.082040
1 0.985857 0.269401 0.028286 0.104213
1 0.621464 0.859202 0.041597 0.046563
1 0.524126 0.529933 0.039933 0.039911
1 0.668053 0.356984 0.038270 0.039911
1 0.237937 0.188470 0.033278 0.039911
1 0.971714 0.513304 0.029950 0.042129
1 0.282862 0.098670 0.023295 0.050998
1 0.818636 0.256098 0.026622 0.042129
1 0.372712 0.621951 0.026622 0.037694
1 0.706323 0.655211 0.024958 0.037694
1 0.753744 0.627494 0.029950 0.026608
1 0.965890 0.972284 0.031614 0.019956
1 0.815308 0.419069 0.023295 0.026608
1 0.635607 0.437916 0.019967 0.024390
1 0.782030 0.859202 0.016639 0.024390
1 0.425125 0.072062 0.018303 0.024390
