1 0.915768 0.831835 0.168464 0.239209
1 0.948113 0.292266 0.074124 0.178058
1 0.056604 0.109712 0.075472 0.104317
1 0.630054 0.731115 0.066038 0.109712
1 0.383423 0.500000 0.041779 0.089928
1 0.378032 0.865108 0.063342 0.089928
1 0.820081 0.716727 0.047170 0.070144
1 0.287736 0.487410 0.039084 0.043165
1 0.547170 0.860612 0.048518 0.034173
1 0.921159 0.980216 0.044474 0.039568
1 0.677224 0.892986 0.039084 0.052158
1 0.913747 0.672662 0.021563 0.057554
1 0.448113 0.720324 0.033693 0.023381
1 0.993261 0.827338 0.013477 0.053957
1 0.900943 0.774281 0.020216 0.026978
1 0.066712 0.211331 0.020216 0.026978
