1 0.508760 0.171763 0.160377 0.343525
1 0.254043 0.762590 0.119946 0.133094
1 0.159704 0.595324 0.092992 0.118705
1 0.789757 0.567446 0.110512 0.149281
1 0.101078 0.464928 0.061995 0.098921
1 0.492588 0.748201 0.049865 0.075540
1 0.645553 0.604317 0.083558 0.046763
1 0.582884 0.384892 0.082210 0.035971
1 0.595013 0.683453 0.030997 0.061151
1 0.320081 0.698741 0.052561 0.041367
1 0.453504 0.459532 0.036388 0.044964
1 0.012129 0.155576 0.024259 0.048561
1 0.097709 0.199640 0.030997 0.028777
1 0.290431 0.646583 0.022911 0.030576
