1 0.126172 0.496354 0.252344 0.330208
1 0.464844 0.524479 0.220312 0.296875
1 0.913281 0.394271 0.157812 0.205208
1 0.741797 0.633333 0.130469 0.125000
1 0.791016 0.332813 0.114844 0.094792
1 0.414844 0.747917 0.103125 0.116667
1 0.226172 0.798958 0.127344 0.083333
1 0.852734 0.053125 0.083594 0.106250
1 0.306641 0.695312 0.072656 0.078125
1 0.809375 0.563021 0.071875 0.063542
1 0.854297 0.740625 0.052344 0.047917
1 0.978906 0.328646 0.042188 0.063542
1 0.364844 0.297917 0.039062 0.047917
1 0.085938 0.013021 0.071875 0.026042
