1 0.890625 0.238021 0.218750 0.288542
1 0.898828 0.614583 0.202344 0.216667
1 0.212500 0.573438 0.167187 0.138542
1 0.527734 0.461979 0.149219 0.130208
1 0.060156 0.306771 0.120313 0.148958
1 0.333203 0.743229 0.116406 0.146875
1 0.200781 0.905208 0.090625 0.125000
1 0.670703 0.110937 0.067969 0.076042
1 0.489063 0.282813 0.073438 0.082292
1 0.396875 0.420833 0.071875 0.083333
1 0.415625 0.146354 0.045312 0.088542
1 0.426953 0.827083 0.058594 0.072917
1 0.762109 0.741667 0.047656 0.064583
1 0.547266 0.245312 0.042969 0.057292
1 0.569141 0.619271 0.030469 0.055208
1 0.020313 0.708854 0.040625 0.038542
1 0.214453 0.352604 0.033594 0.053125
1 0.516406 0.797396 0.034375 0.038542
1 0.253125 0.825000 0.032813 0.029167
