1 0.474219 0.316146 0.203125 0.246875
1 0.386719 0.560417 0.157812 0.202083
1 0.629297 0.505208 0.103906 0.106250
1 0.678906 0.628125 0.062500 0.095833
1 0.299219 0.477083 0.103125 0.079167
1 0.100000 0.143750 0.085938 0.060417
1 0.312109 0.021875 0.096094 0.043750
1 0.194922 0.131771 0.049219 0.057292
1 0.499609 0.070833 0.044531 0.058333
1 0.147656 0.811458 0.048438 0.066667
1 0.648438 0.154688 0.045312 0.048958
1 0.126172 0.057813 0.036719 0.044792
1 0.261328 0.854167 0.038281 0.033333
1 0.764844 0.525000 0.026562 0.043750
1 0.226562 0.241146 0.034375 0.042708
1 0.110156 0.709896 0.034375 0.032292
1 0.520703 0.229167 0.027344 0.039583
1 0.101562 0.202604 0.042188 0.021875
1 0.458203 0.011458 0.030469 0.022917
1 0.778516 0.745833 0.025781 0.025000
1 0.344141 0.072396 0.021094 0.023958
