1 0.710156 0.220833 0.251563 0.275000
1 0.309375 0.329167 0.156250 0.216667
1 0.699219 0.400000 0.185938 0.120833
1 0.080469 0.109375 0.104688 0.177083
1 0.121875 0.615625 0.075000 0.131250
1 0.527344 0.262500 0.120313 0.120833
1 0.175000 0.363542 0.090625 0.097917
1 0.080469 0.789583 0.060937 0.091667
1 0.382812 0.816667 0.053125 0.112500
1 0.968750 0.262500 0.062500 0.066667
1 0.476562 0.455208 0.059375 0.077083
1 0.649219 0.506250 0.039062 0.054167
1 0.889844 0.926042 0.042188 0.047917
1 0.085156 0.477083 0.029687 0.050000
1 0.692187 0.730208 0.037500 0.031250
1 0.328906 0.987500 0.042188 0.025000
1 0.707812 0.592708 0.025000 0.043750
1 0.598437 0.313542 0.028125 0.052083
1 0.199219 0.676042 0.029687 0.031250
1 0.528125 0.904167 0.025000 0.037500
1 0.441406 0.225000 0.023438 0.041667
