1 0.485938 0.748958 0.171875 0.252083
1 0.315234 0.072917 0.130469 0.145833
1 0.887109 0.601042 0.071094 0.062500
1 0.943359 0.684896 0.046094 0.067708
1 0.309766 0.187500 0.055469 0.050000
1 0.264062 0.883854 0.042188 0.051042
1 0.844922 0.398958 0.036719 0.056250
1 0.389453 0.217188 0.050781 0.048958
1 0.332031 0.276042 0.065625 0.031250
1 0.511719 0.317188 0.039062 0.051042
1 0.551953 0.034375 0.041406 0.050000
1 0.392969 0.391146 0.046875 0.048958
1 0.902344 0.360938 0.040625 0.046875
1 0.597656 0.360417 0.040625 0.039583
1 0.826953 0.451042 0.041406 0.027083
1 0.153906 0.313542 0.032813 0.035417
1 0.410938 0.365625 0.035937 0.018750
