1 0.269531 0.217708 0.370312 0.314583
1 0.146094 0.870833 0.292187 0.258333
1 0.592187 0.528125 0.271875 0.206250
1 0.369531 0.756250 0.179688 0.208333
1 0.654687 0.901042 0.121875 0.197917
1 0.042969 0.667708 0.085938 0.168750
1 0.566406 0.731250 0.164062 0.150000
1 0.922656 0.484375 0.154688 0.164583
1 0.410938 0.571875 0.062500 0.106250
1 0.621094 0.033333 0.129688 0.066667
1 0.832031 0.637500 0.073438 0.150000
1 0.120313 0.920833 0.050000 0.079167
1 0.501563 0.085417 0.059375 0.079167
1 0.172656 0.562500 0.057813 0.066667
1 0.216406 0.044792 0.035937 0.047917
1 0.837500 0.039583 0.040625 0.037500
