1 0.525606 0.916367 0.132075 0.167266
1 0.871968 0.137590 0.105121 0.127698
1 0.685984 0.061151 0.113208 0.122302
1 0.694070 0.192446 0.075472 0.100719
1 0.415768 0.910072 0.071429 0.104317
1 0.023585 0.761691 0.047170 0.095324
1 0.082210 0.851619 0.051213 0.102518
1 0.278976 0.517986 0.040431 0.082734
1 0.468329 0.320144 0.049865 0.064748
1 0.660377 0.331835 0.056604 0.059353
1 0.271563 0.349820 0.039084 0.059353
1 0.400270 0.181655 0.059299 0.046763
1 0.347709 0.318345 0.029650 0.075540
1 0.305256 0.261691 0.025606 0.062950
1 0.272911 0.592626 0.028302 0.048561
1 0.359838 0.932554 0.035040 0.034173
1 0.334232 0.395683 0.024259 0.050360
1 0.194070 0.608813 0.032345 0.034173
1 0.592992 0.220324 0.029650 0.030576
1 0.219677 0.575540 0.018868 0.053957
1 0.661725 0.272482 0.024259 0.034173
1 0.580863 0.344424 0.032345 0.030576
1 0.761456 0.807554 0.024259 0.017986
1 0.441375 0.010791 0.014825 0.021583
1 0.335580 0.464029 0.018868 0.017986
