1 0.559973 0.283273 0.173854 0.170863
1 0.165768 0.215827 0.097035 0.118705
1 0.170485 0.323741 0.111860 0.086331
1 0.677224 0.077338 0.066038 0.093525
1 0.808625 0.366906 0.059299 0.064748
1 0.042453 0.105216 0.060647 0.055755
1 0.581536 0.426259 0.057951 0.057554
1 0.917116 0.361511 0.041779 0.039568
1 0.985849 0.855216 0.028302 0.048561
1 0.605121 0.531475 0.029650 0.037770
1 0.610512 0.012590 0.032345 0.025180
1 0.457547 0.934353 0.025606 0.030576
1 0.167790 0.729317 0.033693 0.026978
1 0.083558 0.051259 0.029650 0.023381
1 0.088275 0.287770 0.020216 0.028777
