1 0.692049 0.205935 0.066038 0.102518
1 0.779650 0.965827 0.084906 0.068345
1 0.196765 0.501799 0.072776 0.068345
1 0.243935 0.304856 0.056604 0.080935
1 0.976415 0.409173 0.047170 0.062950
1 0.795148 0.338129 0.043127 0.064748
1 0.880728 0.820144 0.030997 0.053957
1 0.951482 0.574640 0.040431 0.048561
1 0.173854 0.420863 0.035040 0.043165
1 0.498652 0.514388 0.021563 0.032374
1 0.551887 0.861511 0.025606 0.028777
1 0.913747 0.640288 0.021563 0.028777
1 0.542453 0.586331 0.030997 0.017986
1 0.625337 0.008094 0.035040 0.016187
1 0.647574 0.142086 0.020216 0.025180
1 0.522237 0.979317 0.022911 0.023381
1 0.993261 0.496403 0.013477 0.025180
