1 0.912891 0.413542 0.174219 0.181250
1 0.530469 0.338021 0.198437 0.107292
1 0.087891 0.849479 0.119531 0.161458
1 0.224219 0.355208 0.145313 0.135417
1 0.068359 0.489063 0.100781 0.117708
1 0.408984 0.151562 0.096094 0.090625
1 0.203125 0.038542 0.107813 0.077083
1 0.257812 0.961458 0.090625 0.077083
1 0.542969 0.129688 0.085938 0.080208
1 0.668359 0.558854 0.085156 0.096875
1 0.528906 0.495312 0.053125 0.076042
1 0.754687 0.829167 0.062500 0.058333
1 0.327734 0.644271 0.058594 0.042708
1 0.379688 0.736458 0.039062 0.075000
1 0.854688 0.726562 0.040625 0.061458
1 0.777344 0.454167 0.031250 0.037500
1 0.559375 0.682292 0.026562 0.039583
1 0.674609 0.133333 0.035156 0.020833
1 0.479687 0.154688 0.025000 0.030208
1 0.690234 0.405729 0.021094 0.036458
1 0.192969 0.866667 0.029687 0.035417
1 0.285156 0.200521 0.025000 0.023958
1 0.201953 0.491667 0.019531 0.025000
1 0.232031 0.232813 0.020313 0.021875
