1 0.376011 0.387590 0.180593 0.152878
1 0.473720 0.237410 0.092992 0.118705
1 0.621968 0.559353 0.055256 0.111511
1 0.935984 0.222122 0.071429 0.073741
1 0.765499 0.726619 0.048518 0.082734
1 0.093666 0.670863 0.052561 0.068345
1 0.185984 0.966727 0.035040 0.041367
1 0.700809 0.759892 0.026954 0.041367
1 0.055256 0.623201 0.024259 0.044964
1 0.737197 0.017086 0.029650 0.034173
1 0.872642 0.071043 0.022911 0.041367
1 0.014151 0.518885 0.028302 0.034173
1 0.865229 0.601619 0.021563 0.041367
1 0.067385 0.563849 0.021563 0.030576
1 0.892857 0.712230 0.020216 0.028777
1 0.854447 0.489209 0.018868 0.028777
1 0.208221 0.845324 0.020216 0.025180
1 0.612534 0.020683 0.020216 0.023381
