1 0.285040 0.329137 0.103774 0.158273
1 0.899596 0.072842 0.114555 0.127698
1 0.452830 0.816547 0.075472 0.104317
1 0.933962 0.535072 0.088949 0.088129
1 0.202156 0.759892 0.051213 0.059353
1 0.260782 0.494604 0.030997 0.053957
1 0.800539 0.952338 0.024259 0.055755
1 0.876011 0.515288 0.026954 0.037770
1 0.822102 0.546763 0.024259 0.039568
1 0.220350 0.664568 0.025606 0.030576
1 0.984501 0.983813 0.030997 0.032374
1 0.252695 0.716727 0.028302 0.023381
1 0.163747 0.693345 0.020216 0.023381
1 0.935310 0.948741 0.024259 0.016187
