1 0.735938 0.798958 0.368750 0.310417
1 0.858594 0.136458 0.282813 0.272917
1 0.415625 0.487500 0.268750 0.200000
1 0.638281 0.258333 0.176563 0.208333
1 0.352344 0.102083 0.126562 0.204167
1 0.962500 0.351042 0.075000 0.168750
1 0.441406 0.279167 0.160938 0.150000
1 0.081250 0.528125 0.162500 0.168750
1 0.597656 0.442708 0.057813 0.102083
1 0.175781 0.371875 0.073438 0.152083
1 0.888281 0.094792 0.048438 0.077083
1 0.503125 0.929167 0.056250 0.079167
1 0.353906 0.972917 0.064062 0.054167
1 0.834375 0.456250 0.053125 0.062500
1 0.486719 0.015625 0.054688 0.031250
1 0.788281 0.976042 0.032813 0.047917
