1 0.693844 0.390244 0.086522 0.164080
1 0.542429 0.227273 0.063228 0.113082
1 0.633943 0.046563 0.063228 0.093126
1 0.395175 0.770510 0.051581 0.130820
1 0.230449 0.881375 0.061564 0.073171
1 0.869384 0.401330 0.054908 0.057650
1 0.095674 0.488914 0.051581 0.055432
1 0.811980 0.972284 0.049917 0.055432
1 0.663894 0.595344 0.039933 0.042129
1 0.744592 0.761641 0.034942 0.046563
1 0.493344 0.972284 0.024958 0.033259
1 0.402662 0.565410 0.023295 0.035477
1 0.235441 0.149667 0.021631 0.028825
1 0.928453 0.894678 0.029950 0.028825
1 0.213810 0.796009 0.021631 0.026608
1 0.389351 0.660754 0.016639 0.031042
1 0.327787 0.048780 0.016639 0.026608
1 0.643095 0.811530 0.018303 0.022173
1 0.420965 0.834812 0.016639 0.024390
1 0.506656 0.434590 0.014975 0.022173
1 0.137271 0.393570 0.011647 0.024390
