1 0.725781 0.526563 0.404687 0.390625
1 0.269141 0.219271 0.216406 0.240625
1 0.643750 0.134375 0.171875 0.268750
1 0.044141 0.154688 0.088281 0.167708
1 0.241797 0.486979 0.083594 0.136458
1 0.132422 0.488021 0.072656 0.076042
1 0.289844 0.053125 0.045312 0.095833
1 0.029687 0.370833 0.059375 0.085417
1 0.023047 0.509896 0.046094 0.065625
1 0.127734 0.018229 0.089844 0.036458
1 0.244141 0.361979 0.075781 0.042708
1 0.325391 0.388542 0.055469 0.039583
1 0.933594 0.086979 0.045312 0.051042
1 0.705078 0.236979 0.038281 0.042708
