1 0.084232 0.168165 0.168464 0.239209
1 0.051887 0.707734 0.074124 0.178058
1 0.943396 0.890288 0.075472 0.104317
1 0.369946 0.268885 0.066038 0.109712
1 0.616577 0.500000 0.041779 0.089928
1 0.621968 0.134892 0.063342 0.089928
1 0.179919 0.283273 0.047170 0.070144
1 0.712264 0.512590 0.039084 0.043165
1 0.452830 0.139388 0.048518 0.034173
1 0.078841 0.019784 0.044474 0.039568
1 0.322776 0.107914 0.039084 0.050360
1 0.086253 0.327338 0.021563 0.057554
1 0.551887 0.279676 0.033693 0.023381
1 0.006739 0.172662 0.013477 0.053957
1 0.099057 0.225719 0.020216 0.026978
1 0.933288 0.788669 0.020216 0.026978
