1 0.171833 0.238309 0.268194 0.206835
1 0.772237 0.625000 0.153639 0.224820
1 0.631402 0.532374 0.136119 0.147482
1 0.437332 0.126799 0.090296 0.098921
1 0.729784 0.317446 0.068733 0.091727
1 0.033019 0.751799 0.066038 0.075540
1 0.386119 0.834532 0.082210 0.064748
1 0.556604 0.196043 0.083558 0.050360
1 0.226415 0.052158 0.037736 0.089928
1 0.677224 0.256295 0.066038 0.059353
1 0.404313 0.659173 0.051213 0.044964
1 0.522911 0.875899 0.051213 0.028777
1 0.047844 0.857014 0.028302 0.073741
1 0.099730 0.109712 0.032345 0.039568
1 0.639488 0.812050 0.039084 0.037770
1 0.322102 0.018885 0.026954 0.037770
1 0.194744 0.441547 0.025606 0.034173
1 0.357817 0.093525 0.030997 0.025180
