1 0.813644 0.437916 0.099834 0.139690
1 0.816140 0.609756 0.104825 0.124169
1 0.429285 0.200665 0.059900 0.064302
1 0.354409 0.356984 0.049917 0.070953
1 0.528286 0.402439 0.064892 0.068736
1 0.910982 0.293792 0.054908 0.050998
1 0.944260 0.787140 0.051581 0.066519
1 0.926789 0.615299 0.049917 0.042129
1 0.794509 0.697339 0.041597 0.082040
1 0.900998 0.748337 0.028286 0.059867
1 0.728785 0.767184 0.046589 0.044346
1 0.717138 0.875831 0.029950 0.048780
1 0.336938 0.922395 0.024958 0.035477
1 0.142263 0.633038 0.024958 0.033259
1 0.529118 0.852550 0.023295 0.028825
1 0.708819 0.802661 0.016639 0.035477
1 0.719634 0.690687 0.018303 0.033259
1 0.824459 0.891353 0.021631 0.026608
1 0.387687 0.141907 0.019967 0.026608
1 0.144759 0.074279 0.016639 0.028825
1 0.131448 0.263858 0.016639 0.026608
1 0.831947 0.784922 0.019967 0.022173
1 0.556572 0.169623 0.014975 0.019956
