1 0.623989 0.612410 0.180593 0.152878
1 0.526280 0.762590 0.092992 0.118705
1 0.378032 0.440647 0.055256 0.111511
1 0.064016 0.777878 0.071429 0.073741
1 0.234501 0.273381 0.048518 0.082734
1 0.906334 0.329137 0.052561 0.068345
1 0.814016 0.033273 0.035040 0.041367
1 0.299191 0.240108 0.026954 0.041367
1 0.944744 0.376799 0.024259 0.044964
1 0.262803 0.982914 0.029650 0.034173
1 0.127358 0.928957 0.022911 0.041367
1 0.985849 0.481115 0.028302 0.034173
1 0.134771 0.398381 0.021563 0.041367
1 0.932615 0.436151 0.021563 0.030576
1 0.107143 0.287770 0.020216 0.028777
1 0.145553 0.510791 0.018868 0.028777
1 0.791779 0.154676 0.020216 0.025180
1 0.387466 0.979317 0.020216 0.023381
