1 0.263477 0.756295 0.173854 0.339928
1 0.694070 0.604317 0.126685 0.201439
1 0.468329 0.065647 0.114555 0.131295
1 0.937332 0.053058 0.125337 0.106115
1 0.433288 0.410072 0.098383 0.115108
1 0.209569 0.043165 0.068733 0.086331
1 0.384097 0.654676 0.053908 0.082734
1 0.586927 0.760791 0.079515 0.136691
1 0.561995 0.104317 0.080863 0.061151
1 0.242588 0.227518 0.037736 0.059353
1 0.371294 0.508094 0.044474 0.044964
1 0.476415 0.777878 0.036388 0.044964
1 0.379380 0.801259 0.033693 0.052158
1 0.352426 0.302158 0.030997 0.043165
1 0.182615 0.526978 0.030997 0.032374
1 0.845013 0.012590 0.043127 0.025180
1 0.307278 0.095324 0.024259 0.035971
1 0.130054 0.748201 0.030997 0.028777
1 0.092318 0.725719 0.020216 0.048561
1 0.464960 0.693345 0.024259 0.037770
1 0.551213 0.561151 0.029650 0.032374
1 0.100404 0.802158 0.039084 0.021583
1 0.248652 0.961331 0.025606 0.030576
