1 0.422507 0.482914 0.246631 0.347122
1 0.519542 0.781475 0.181941 0.361511
1 0.097709 0.637590 0.195418 0.257194
1 0.165094 0.473921 0.119946 0.109712
1 0.964960 0.573741 0.070081 0.118705
1 0.044474 0.955036 0.088949 0.089928
1 0.208895 0.265288 0.059299 0.127698
1 0.250000 0.856115 0.090296 0.104317
1 0.837601 0.312050 0.076819 0.098921
1 0.243261 0.686151 0.111860 0.149281
1 0.286388 0.527878 0.068733 0.080935
1 0.187332 0.924460 0.051213 0.053957
1 0.940701 0.353417 0.064690 0.048561
1 0.580863 0.972122 0.043127 0.055755
1 0.101078 0.793165 0.040431 0.043165
1 0.238544 0.365108 0.032345 0.046763
1 0.880054 0.985612 0.045822 0.028777
1 0.892857 0.403777 0.030997 0.037770
1 0.660377 0.850719 0.032345 0.032374
