1 0.577493 0.517086 0.246631 0.347122
1 0.480458 0.218525 0.181941 0.361511
1 0.902291 0.362410 0.195418 0.257194
1 0.834906 0.526079 0.119946 0.109712
1 0.035040 0.426259 0.070081 0.118705
1 0.955526 0.044964 0.088949 0.089928
1 0.791105 0.734712 0.059299 0.127698
1 0.750000 0.143885 0.090296 0.104317
1 0.162399 0.687950 0.076819 0.098921
1 0.756739 0.313849 0.111860 0.149281
1 0.713612 0.472122 0.068733 0.080935
1 0.812668 0.075540 0.051213 0.053957
1 0.058625 0.646583 0.066038 0.048561
1 0.419137 0.027878 0.043127 0.055755
1 0.761456 0.634892 0.032345 0.046763
1 0.119946 0.014388 0.045822 0.028777
1 0.107143 0.596223 0.030997 0.037770
1 0.339623 0.149281 0.032345 0.032374
