1 0.154987 0.408273 0.159030 0.147482
1 0.813342 0.395683 0.084906 0.205036
1 0.323450 0.892086 0.083558 0.097122
1 0.720350 0.205036 0.066038 0.061151
1 0.775606 0.929856 0.055256 0.071942
1 0.233154 0.026978 0.059299 0.053957
1 0.185310 0.979317 0.101078 0.041367
1 0.672507 0.290468 0.040431 0.059353
1 0.729111 0.773381 0.026954 0.043165
1 0.472372 0.701439 0.030997 0.043165
1 0.702156 0.542266 0.026954 0.034173
1 0.526280 0.201439 0.022911 0.046763
1 0.595013 0.710432 0.033693 0.028777
1 0.992588 0.368705 0.014825 0.050360
1 0.717655 0.427158 0.022911 0.041367
1 0.696765 0.366906 0.018868 0.028777
1 0.181941 0.439748 0.026954 0.023381
