1 0.519886 0.936553 0.062500 0.126894
1 0.124290 0.368371 0.086648 0.081439
1 0.450284 0.559659 0.039773 0.100379
1 0.941761 0.223485 0.042614 0.098485
1 0.029119 0.599432 0.058239 0.066288
1 0.857244 0.928977 0.041193 0.096591
1 0.654830 0.444129 0.039773 0.062500
1 0.715909 0.754735 0.036932 0.062500
1 0.779830 0.012311 0.062500 0.024621
1 0.431108 0.117424 0.029830 0.034091
1 0.595881 0.395833 0.024148 0.037879
1 0.691051 0.678977 0.032670 0.028409
1 0.378551 0.015152 0.021307 0.030303
1 0.137074 0.970644 0.024148 0.020833
