1 0.369231 0.305983 0.082051 0.058120
1 0.385897 0.511966 0.053846 0.087179
1 0.962179 0.528205 0.075641 0.082051
1 0.977564 0.338462 0.044872 0.054701
1 0.859615 0.224786 0.047436 0.049573
1 0.201923 0.305128 0.039744 0.042735
1 0.282692 0.619658 0.037179 0.039316
1 0.758974 0.914530 0.023077 0.041026
1 0.628205 0.453846 0.020513 0.029060
1 0.334615 0.591453 0.023077 0.023932
1 0.912821 0.576068 0.017949 0.037607
1 0.991026 0.988889 0.017949 0.022222
1 0.355128 0.392308 0.015385 0.022222
1 0.191667 0.412821 0.014103 0.022222
1 0.290385 0.749573 0.016667 0.018803
1 0.476923 0.211111 0.015385 0.018803
