1 0.480114 0.063447 0.062500 0.126894
1 0.875000 0.631629 0.088068 0.081439
1 0.549716 0.440341 0.039773 0.100379
1 0.058239 0.776515 0.042614 0.098485
1 0.970881 0.400568 0.058239 0.066288
1 0.142756 0.071023 0.041193 0.096591
1 0.345170 0.555871 0.039773 0.062500
1 0.284091 0.245265 0.036932 0.062500
1 0.220170 0.987689 0.062500 0.024621
1 0.568892 0.882576 0.029830 0.034091
1 0.404119 0.604167 0.024148 0.037879
1 0.308949 0.321023 0.032670 0.028409
1 0.621449 0.984848 0.021307 0.030303
1 0.862926 0.029356 0.024148 0.020833
