1 0.221795 0.293162 0.120513 0.217094
1 0.672436 0.624786 0.060256 0.070085
1 0.593590 0.614530 0.041026 0.070085
1 0.735897 0.024786 0.058974 0.049573
1 0.524359 0.566667 0.041026 0.049573
1 0.767308 0.401709 0.037179 0.064957
1 0.066667 0.276923 0.028205 0.047863
1 0.985897 0.341880 0.028205 0.034188
1 0.983974 0.101709 0.032051 0.029060
1 0.009615 0.725641 0.019231 0.063248
1 0.683974 0.370085 0.034615 0.029060
1 0.517308 0.422222 0.026923 0.030769
1 0.442949 0.141880 0.026923 0.027350
1 0.582692 0.039316 0.029487 0.020513
1 0.992308 0.413675 0.015385 0.034188
