1 0.714960 0.670863 0.103774 0.158273
1 0.100404 0.927158 0.114555 0.127698
1 0.547170 0.183453 0.075472 0.104317
1 0.066038 0.464928 0.088949 0.088129
1 0.797844 0.240108 0.051213 0.059353
1 0.739218 0.505396 0.030997 0.053957
1 0.199461 0.047662 0.024259 0.055755
1 0.123989 0.484712 0.026954 0.037770
1 0.177898 0.453237 0.024259 0.039568
1 0.779650 0.335432 0.025606 0.030576
1 0.015499 0.016187 0.030997 0.032374
1 0.747305 0.283273 0.028302 0.023381
1 0.836253 0.306655 0.020216 0.023381
1 0.064690 0.051259 0.024259 0.016187
