1 0.439073 0.466431 0.181457 0.166078
1 0.053642 0.922261 0.107285 0.155477
1 0.336424 0.715548 0.105960 0.148410
1 0.610596 0.380742 0.137748 0.107774
1 0.052980 0.581272 0.105960 0.102473
1 0.147682 0.524735 0.067550 0.095406
1 0.654967 0.219965 0.054305 0.075972
1 0.130464 0.426678 0.075497 0.075972
1 0.935099 0.399293 0.074172 0.088339
1 0.986755 0.967314 0.026490 0.065371
1 0.958940 0.875442 0.037086 0.030035
1 0.306623 0.484099 0.030464 0.024735
1 0.137748 0.729682 0.018543 0.035336
1 0.897351 0.886042 0.017219 0.040636
1 0.721854 0.780919 0.021192 0.035336
