1 0.530128 0.327350 0.106410 0.111111
1 0.917308 0.583761 0.139744 0.097436
1 0.852564 0.118803 0.087179 0.097436
1 0.747436 0.244444 0.076923 0.140171
1 0.492949 0.717094 0.060256 0.097436
1 0.487179 0.117949 0.071795 0.085470
1 0.766667 0.368376 0.056410 0.076923
1 0.939103 0.684615 0.057692 0.066667
1 0.533974 0.968376 0.070513 0.063248
1 0.308333 0.617949 0.032051 0.076923
1 0.253205 0.926496 0.042308 0.047863
1 0.833333 0.271795 0.028205 0.058120
1 0.400000 0.947863 0.048718 0.032479
1 0.832051 0.932479 0.028205 0.035897
1 0.727564 0.840171 0.021795 0.022222
1 0.510256 0.871795 0.015385 0.020513
