1 0.247305 0.544065 0.222372 0.275180
1 0.263477 0.275180 0.117251 0.158273
1 0.735175 0.087230 0.141509 0.124101
1 0.258760 0.785072 0.051213 0.142086
1 0.221698 0.149281 0.057951 0.115108
1 0.965633 0.686151 0.047170 0.091727
1 0.962938 0.034173 0.060647 0.068345
1 0.016173 0.120504 0.032345 0.075540
1 0.733827 0.436151 0.036388 0.062950
1 0.089623 0.186151 0.055256 0.044964
1 0.913073 0.879496 0.047170 0.068345
1 0.789757 0.979317 0.045822 0.041367
1 0.944744 0.188849 0.032345 0.039568
1 0.424528 0.508094 0.035040 0.044964
1 0.041779 0.295863 0.051213 0.041367
1 0.880728 0.162770 0.028302 0.059353
1 0.834906 0.291367 0.033693 0.035971
1 0.361860 0.944245 0.030997 0.039568
1 0.444744 0.955935 0.026954 0.048561
1 0.480458 0.836331 0.022911 0.046763
1 0.276954 0.624101 0.030997 0.032374
1 0.010108 0.467626 0.020216 0.043165
1 0.431267 0.379496 0.029650 0.043165
1 0.798518 0.641187 0.028302 0.030576
1 0.861860 0.910971 0.025606 0.030576
1 0.347709 0.285072 0.018868 0.037770
