1 0.589844 0.177083 0.281250 0.229167
1 0.155859 0.710938 0.207031 0.257292
1 0.821094 0.063542 0.106250 0.085417
1 0.587109 0.496875 0.075781 0.062500
1 0.047656 0.413542 0.065625 0.077083
1 0.671094 0.660417 0.092188 0.058333
1 0.855078 0.219792 0.047656 0.077083
1 0.342578 0.292708 0.074219 0.039583
1 0.453125 0.295312 0.039062 0.042708
1 0.428125 0.187500 0.031250 0.058333
1 0.499219 0.848437 0.042188 0.032292
1 0.099609 0.115104 0.038281 0.036458
1 0.844922 0.745313 0.033594 0.032292
1 0.221094 0.082292 0.028125 0.037500
1 0.953125 0.082292 0.026562 0.035417
1 0.149609 0.081250 0.035156 0.029167
1 0.804688 0.202604 0.029687 0.028125
1 0.375391 0.405729 0.039844 0.030208
1 0.308594 0.936979 0.026562 0.030208
