1 0.956753 0.188259 0.086495 0.202429
1 0.902883 0.387652 0.054628 0.103239
1 0.603187 0.454453 0.065250 0.070850
1 0.460546 0.442308 0.059181 0.074899
1 0.700303 0.636640 0.050076 0.074899
1 0.719272 0.563765 0.048558 0.062753
1 0.731411 0.261134 0.036419 0.044534
1 0.558422 0.639676 0.030349 0.044534
1 0.452200 0.776316 0.027314 0.038462
1 0.886950 0.617409 0.025797 0.028340
1 0.800455 0.468623 0.022762 0.030364
1 0.836874 0.317814 0.028832 0.028340
1 0.642640 0.764170 0.022762 0.026316
1 0.389226 0.584008 0.019727 0.022267
1 0.433991 0.656883 0.015175 0.030364
1 0.754932 0.485830 0.016692 0.024291
