1 0.560927 0.533569 0.181457 0.166078
1 0.946358 0.077739 0.107285 0.155477
1 0.663576 0.284452 0.105960 0.148410
1 0.389404 0.619258 0.137748 0.107774
1 0.947020 0.418728 0.105960 0.102473
1 0.852318 0.475265 0.067550 0.095406
1 0.345033 0.780035 0.054305 0.075972
1 0.869536 0.573322 0.075497 0.075972
1 0.064901 0.600707 0.074172 0.088339
1 0.013245 0.032686 0.026490 0.065371
1 0.041060 0.124558 0.037086 0.030035
1 0.693377 0.515901 0.030464 0.024735
1 0.862252 0.270318 0.018543 0.035336
1 0.101987 0.113958 0.015894 0.040636
1 0.278146 0.219081 0.021192 0.035336
