1 0.606469 0.677158 0.132075 0.167266
1 0.450135 0.349820 0.072776 0.134892
1 0.819407 0.612410 0.061995 0.095324
1 0.500674 0.500000 0.066038 0.136691
1 0.458895 0.726619 0.074124 0.043165
1 0.204852 0.698741 0.037736 0.084532
1 0.725067 0.607014 0.048518 0.070144
1 0.315364 0.485612 0.056604 0.035971
1 0.070755 0.038669 0.039084 0.041367
1 0.509434 0.947842 0.032345 0.046763
1 0.590296 0.895683 0.035040 0.043165
1 0.397574 0.710432 0.021563 0.046763
1 0.652291 0.985612 0.035040 0.028777
1 0.981132 0.991007 0.037736 0.017986
1 0.389488 0.893885 0.021563 0.032374
1 0.294474 0.713129 0.014825 0.030576
1 0.390836 0.774281 0.013477 0.030576
