1 0.653639 0.821043 0.097035 0.124101
1 0.132749 0.649281 0.068733 0.086331
1 0.466307 0.758993 0.061995 0.053957
1 0.561321 0.517086 0.057951 0.073741
1 0.320081 0.544964 0.076819 0.046763
1 0.909704 0.980216 0.061995 0.039568
1 0.320081 0.653777 0.041779 0.044964
1 0.297170 0.194245 0.028302 0.061151
1 0.073450 0.598022 0.049865 0.030576
1 0.427224 0.208633 0.029650 0.046763
1 0.384097 0.309353 0.029650 0.035971
1 0.723720 0.794964 0.032345 0.028777
1 0.960916 0.553058 0.021563 0.034173
1 0.536388 0.735612 0.021563 0.028777
1 0.420485 0.683453 0.018868 0.021583
