1 0.938679 0.635791 0.092992 0.109712
1 0.590970 0.451439 0.071429 0.151079
1 0.876685 0.955935 0.111860 0.088129
1 0.766846 0.596223 0.075472 0.088129
1 0.257412 0.251799 0.056604 0.057554
1 0.506065 0.933453 0.060647 0.061151
1 0.886119 0.486511 0.068733 0.055755
1 0.741914 0.184353 0.071429 0.070144
1 0.915768 0.798561 0.052561 0.086331
1 0.680593 0.840827 0.048518 0.044964
1 0.986523 0.942446 0.026954 0.061151
1 0.990566 0.413669 0.018868 0.086331
1 0.096361 0.646583 0.028302 0.041367
1 0.366577 0.650180 0.029650 0.034173
1 0.435310 0.985612 0.026954 0.028777
1 0.349057 0.982014 0.021563 0.021583
1 0.487871 0.534173 0.013477 0.028777
