1 0.314631 0.314394 0.163352 0.143939
1 0.328835 0.552083 0.120739 0.123106
1 0.534801 0.756629 0.095170 0.149621
1 0.459517 0.891098 0.069602 0.062500
1 0.431818 0.425189 0.045455 0.096591
1 0.469460 0.284091 0.055398 0.056818
1 0.070312 0.918561 0.046875 0.056818
1 0.289062 0.437500 0.044034 0.075758
1 0.069602 0.085227 0.036932 0.060606
1 0.014205 0.631629 0.028409 0.062500
1 0.979403 0.281250 0.041193 0.039773
1 0.264915 0.369318 0.066761 0.022727
1 0.420455 0.260417 0.042614 0.051136
1 0.784091 0.414773 0.031250 0.045455
1 0.720881 0.113636 0.032670 0.030303
1 0.428267 0.014205 0.029830 0.028409
1 0.127841 0.993371 0.028409 0.013258
