1 0.323864 0.577652 0.107955 0.212121
1 0.483665 0.472538 0.103693 0.149621
1 0.923295 0.066288 0.102273 0.132576
1 0.681818 0.857955 0.079545 0.140152
1 0.542614 0.125000 0.093750 0.136364
1 0.667614 0.173295 0.059659 0.085227
1 0.360795 0.392045 0.071023 0.075758
1 0.411222 0.603220 0.069602 0.115530
1 0.255682 0.405303 0.051136 0.060606
1 0.846591 0.632576 0.042614 0.060606
1 0.960938 0.665720 0.044034 0.047348
1 0.882102 0.519886 0.028409 0.054924
1 0.277699 0.973485 0.046875 0.037879
1 0.254972 0.473485 0.049716 0.041667
1 0.029830 0.167614 0.028409 0.043561
1 0.081676 0.565341 0.024148 0.039773
1 0.900568 0.419508 0.019886 0.028409
