1 0.126923 0.522222 0.128205 0.230769
1 0.517949 0.169231 0.076923 0.064957
1 0.587179 0.806838 0.061538 0.068376
1 0.513462 0.804274 0.044872 0.070085
1 0.621154 0.204274 0.062821 0.052991
1 0.675641 0.575214 0.038462 0.073504
1 0.444872 0.768376 0.033333 0.049573
1 0.906410 0.571795 0.033333 0.039316
1 0.585897 0.541880 0.038462 0.030769
1 0.871795 0.258974 0.033333 0.032479
1 0.884615 0.494872 0.023077 0.039316
1 0.333974 0.343590 0.029487 0.030769
1 0.487179 0.238462 0.028205 0.035897
1 0.608333 0.113675 0.026923 0.032479
1 0.512821 0.061538 0.028205 0.027350
1 0.764744 0.274359 0.029487 0.029060
1 0.416026 0.596581 0.026923 0.030769
1 0.910256 0.172650 0.025641 0.023932
