1 0.161051 0.401079 0.152291 0.158273
1 0.291105 0.763489 0.134771 0.142086
1 0.448113 0.310252 0.109164 0.127698
1 0.372642 0.945144 0.090296 0.109712
1 0.949461 0.088129 0.082210 0.097122
1 0.764151 0.333633 0.115903 0.052158
1 0.283693 0.125000 0.060647 0.062950
1 0.047844 0.735612 0.047170 0.075540
1 0.983827 0.260791 0.032345 0.079137
1 0.705526 0.937050 0.036388 0.068345
1 0.939353 0.342626 0.043127 0.088129
1 0.332210 0.265288 0.036388 0.052158
1 0.764151 0.786871 0.040431 0.055755
1 0.822776 0.728417 0.036388 0.050360
1 0.951482 0.892086 0.037736 0.046763
1 0.929919 0.714928 0.029650 0.044964
1 0.597035 0.960432 0.026954 0.035971
1 0.770889 0.380396 0.026954 0.026978
1 0.351078 0.670863 0.020216 0.032374
1 0.549865 0.272482 0.029650 0.019784
1 0.227763 0.821942 0.018868 0.028777
