1 0.687332 0.608813 0.169811 0.131295
1 0.934636 0.714029 0.130728 0.086331
1 0.869272 0.882194 0.078167 0.131295
1 0.964960 0.434353 0.070081 0.134892
1 0.521563 0.373201 0.115903 0.059353
1 0.645553 0.903777 0.059299 0.080935
1 0.578841 0.178058 0.071429 0.053957
1 0.979784 0.978417 0.040431 0.043165
1 0.041779 0.340827 0.037736 0.041367
1 0.903639 0.583633 0.039084 0.041367
1 0.188679 0.554856 0.032345 0.034173
1 0.621968 0.531475 0.020216 0.026978
1 0.090970 0.249101 0.017520 0.030576
1 0.204178 0.219424 0.014825 0.028777
