1 0.181941 0.805755 0.245283 0.251799
1 0.863881 0.695144 0.078167 0.102518
1 0.941375 0.585432 0.117251 0.098921
1 0.661051 0.535971 0.084906 0.082734
1 0.885445 0.526079 0.088949 0.095324
1 0.054582 0.351619 0.109164 0.088129
1 0.258760 0.590827 0.056604 0.095324
1 0.022911 0.752698 0.045822 0.084532
1 0.958895 0.788669 0.071429 0.055755
1 0.632075 0.720324 0.043127 0.052158
1 0.763477 0.976619 0.036388 0.046763
1 0.810647 0.538669 0.030997 0.048561
1 0.337601 0.712230 0.033693 0.039568
1 0.729784 0.636691 0.030997 0.035971
1 0.942049 0.675360 0.026954 0.034173
1 0.758086 0.500000 0.028302 0.032374
1 0.425876 0.324640 0.026954 0.034173
1 0.704852 0.849820 0.021563 0.037770
1 0.669137 0.616906 0.022911 0.032374
