1 0.263477 0.756295 0.173854 0.339928
1 0.693396 0.603417 0.128032 0.203237
1 0.468329 0.065647 0.114555 0.131295
1 0.936658 0.053058 0.126685 0.106115
1 0.433288 0.409173 0.101078 0.120504
1 0.209569 0.043165 0.071429 0.086331
1 0.383423 0.654676 0.055256 0.082734
1 0.586927 0.758993 0.079515 0.136691
1 0.561995 0.104317 0.086253 0.061151
1 0.243261 0.227518 0.039084 0.059353
1 0.370620 0.508094 0.043127 0.044964
1 0.477763 0.776978 0.036388 0.046763
1 0.379380 0.801259 0.033693 0.052158
1 0.351752 0.301259 0.035040 0.044964
1 0.182615 0.526079 0.030997 0.034173
1 0.845013 0.012590 0.043127 0.025180
1 0.307951 0.096223 0.025606 0.037770
1 0.130728 0.748201 0.032345 0.028777
1 0.551887 0.561151 0.030997 0.032374
1 0.464960 0.693345 0.024259 0.037770
1 0.092992 0.729317 0.021563 0.041367
1 0.248652 0.961331 0.025606 0.030576
