1 0.099219 0.335417 0.104688 0.112500
1 0.239844 0.453125 0.064062 0.127083
1 0.553125 0.547917 0.078125 0.125000
1 0.217969 0.330208 0.064062 0.093750
1 0.678906 0.559375 0.045312 0.068750
1 0.300000 0.288542 0.062500 0.056250
1 0.219531 0.129167 0.035937 0.075000
1 0.655469 0.054167 0.060937 0.083333
1 0.909375 0.614583 0.037500 0.054167
1 0.540625 0.355208 0.043750 0.060417
1 0.515625 0.213542 0.031250 0.039583
1 0.396094 0.556250 0.023438 0.058333
1 0.653906 0.325000 0.026562 0.041667
1 0.314063 0.503125 0.031250 0.031250
1 0.781250 0.070833 0.025000 0.033333
1 0.707031 0.421875 0.026562 0.027083
1 0.533594 0.845833 0.023438 0.033333
1 0.503906 0.307292 0.023438 0.031250
1 0.132812 0.157292 0.028125 0.027083
1 0.007812 0.076042 0.015625 0.022917
1 0.605469 0.058333 0.017188 0.020833
