1 0.804297 0.776042 0.146094 0.154167
1 0.118750 0.375521 0.084375 0.136458
1 0.326562 0.336458 0.095312 0.104167
1 0.372656 0.753125 0.076563 0.118750
1 0.884766 0.506771 0.092969 0.086458
1 0.656250 0.479687 0.071875 0.123958
1 0.484766 0.596875 0.127344 0.077083
1 0.043750 0.228646 0.064062 0.092708
1 0.614453 0.114062 0.046094 0.080208
1 0.123828 0.855208 0.038281 0.110417
1 0.452344 0.182292 0.048438 0.089583
1 0.734375 0.408854 0.065625 0.059375
1 0.214062 0.033333 0.053125 0.066667
1 0.714453 0.137500 0.060156 0.050000
1 0.044141 0.875000 0.055469 0.056250
1 0.011719 0.371875 0.023438 0.133333
1 0.572266 0.966667 0.042969 0.066667
1 0.881250 0.244792 0.039062 0.045833
1 0.009766 0.107292 0.019531 0.047917
1 0.016797 0.167708 0.033594 0.031250
1 0.894141 0.608333 0.032031 0.029167
1 0.653906 0.384896 0.029687 0.034375
1 0.836719 0.210938 0.029687 0.030208
1 0.198047 0.299479 0.027344 0.023958
1 0.820312 0.986458 0.021875 0.027083
1 0.442188 0.410938 0.017188 0.026042
