1 0.733154 0.541367 0.153639 0.291367
1 0.100404 0.424460 0.125337 0.197842
1 0.749326 0.840827 0.132075 0.239209
1 0.482480 0.072842 0.080863 0.106115
1 0.939353 0.094424 0.061995 0.055755
1 0.304582 0.502698 0.040431 0.080935
1 0.612534 0.353417 0.057951 0.077338
1 0.230458 0.939748 0.035040 0.059353
1 0.371294 0.411871 0.033693 0.050360
1 0.675202 0.423561 0.029650 0.030576
1 0.010108 0.197842 0.020216 0.039568
1 0.511456 0.460432 0.022911 0.039568
1 0.310647 0.271583 0.020216 0.035971
1 0.640162 0.653777 0.021563 0.034173
1 0.253369 0.329137 0.021563 0.025180
