1 0.287891 0.848958 0.374219 0.302083
1 0.639844 0.620313 0.092188 0.161458
1 0.678516 0.164583 0.110156 0.127083
1 0.902734 0.748958 0.194531 0.062500
1 0.937109 0.877083 0.107031 0.100000
1 0.912500 0.651563 0.064062 0.086458
1 0.825000 0.324479 0.101562 0.090625
1 0.664844 0.494792 0.092188 0.072917
1 0.523047 0.756771 0.047656 0.107292
1 0.816016 0.969271 0.100781 0.061458
1 0.473828 0.695833 0.069531 0.087500
1 0.849609 0.415625 0.055469 0.064583
1 0.781250 0.706771 0.059375 0.059375
1 0.786328 0.374479 0.041406 0.042708
1 0.918750 0.312500 0.054688 0.035417
1 0.827344 0.138542 0.051562 0.043750
1 0.875391 0.093229 0.044531 0.046875
1 0.754297 0.216146 0.049219 0.038542
1 0.059766 0.352604 0.057031 0.042708
