1 0.521307 0.710227 0.142045 0.128788
1 0.481534 0.357008 0.107955 0.104167
1 0.792614 0.447917 0.088068 0.081439
1 0.698153 0.679924 0.063920 0.071970
1 0.477273 0.560606 0.048295 0.053030
1 0.080256 0.513258 0.035511 0.083333
1 0.933949 0.022727 0.035511 0.045455
1 0.516335 0.272727 0.032670 0.041667
1 0.294034 0.649621 0.031250 0.041667
1 0.206676 0.940341 0.032670 0.035985
1 0.651278 0.571970 0.024148 0.037879
1 0.146307 0.517992 0.019886 0.047348
1 0.134943 0.417614 0.028409 0.032197
1 0.163352 0.309659 0.019886 0.039773
1 0.663352 0.743371 0.011364 0.039773
