1 0.418543 0.356890 0.111258 0.208481
1 0.650993 0.560954 0.091391 0.136042
1 0.285430 0.460247 0.056954 0.121908
1 0.618543 0.709364 0.066225 0.065371
1 0.459603 0.602473 0.060927 0.074205
1 0.526490 0.646643 0.041060 0.074205
1 0.586755 0.935512 0.029139 0.061837
1 0.221854 0.671378 0.030464 0.077739
1 0.303974 0.620141 0.049007 0.035336
1 0.743046 0.628975 0.023841 0.060071
1 0.515232 0.556537 0.023841 0.031802
1 0.415232 0.478799 0.025166 0.024735
1 0.449669 0.775618 0.027815 0.024735
1 0.248344 0.597173 0.022517 0.035336
1 0.707285 0.398410 0.021192 0.026502
1 0.479470 0.923145 0.018543 0.026502
