1 0.512129 0.207734 0.105121 0.116906
1 0.150270 0.884892 0.090296 0.079137
1 0.294474 0.695144 0.055256 0.077338
1 0.157682 0.778777 0.070081 0.064748
1 0.762129 0.438849 0.047170 0.071942
1 0.511456 0.527878 0.049865 0.055755
1 0.440701 0.443345 0.059299 0.077338
1 0.465633 0.771583 0.041779 0.057554
1 0.522237 0.330935 0.041779 0.046763
1 0.380054 0.279676 0.037736 0.052158
1 0.369272 0.668165 0.032345 0.062950
1 0.434636 0.603417 0.039084 0.037770
1 0.324124 0.314748 0.025606 0.057554
1 0.625337 0.469424 0.021563 0.035971
1 0.058625 0.431655 0.022911 0.039568
1 0.203504 0.023381 0.026954 0.025180
