1 0.777344 0.783333 0.157812 0.187500
1 0.421094 0.634375 0.114062 0.110417
1 0.550781 0.950000 0.126562 0.100000
1 0.326562 0.510417 0.075000 0.100000
1 0.581250 0.800000 0.100000 0.100000
1 0.893750 0.626042 0.087500 0.085417
1 0.181250 0.881250 0.087500 0.062500
1 0.078906 0.725000 0.057813 0.095833
1 0.889062 0.526042 0.043750 0.077083
1 0.724219 0.333333 0.039062 0.058333
1 0.724219 0.659375 0.032813 0.056250
1 0.540625 0.654167 0.034375 0.058333
1 0.850781 0.277083 0.035937 0.050000
1 0.879687 0.190625 0.031250 0.043750
1 0.607812 0.522917 0.040625 0.037500
1 0.357031 0.715625 0.026562 0.039583
1 0.547656 0.445833 0.032813 0.029167
1 0.888281 0.928125 0.020313 0.043750
1 0.289844 0.651042 0.026562 0.031250
1 0.516406 0.988542 0.029687 0.022917
1 0.505469 0.592708 0.026562 0.031250
1 0.168750 0.702083 0.021875 0.029167
1 0.989844 0.131250 0.020313 0.025000
1 0.378906 0.797917 0.017188 0.029167
1 0.853906 0.116667 0.017188 0.025000
1 0.677344 0.584375 0.017188 0.022917
