1 0.873077 0.477778 0.128205 0.230769
1 0.482051 0.830769 0.076923 0.064957
1 0.412821 0.193162 0.061538 0.068376
1 0.486538 0.195726 0.044872 0.070085
1 0.378846 0.795726 0.062821 0.052991
1 0.324359 0.424786 0.038462 0.073504
1 0.555128 0.231624 0.033333 0.049573
1 0.093590 0.428205 0.033333 0.039316
1 0.414103 0.458120 0.038462 0.030769
1 0.128205 0.741026 0.033333 0.032479
1 0.115385 0.505128 0.023077 0.039316
1 0.512821 0.761538 0.028205 0.035897
1 0.666026 0.656410 0.029487 0.030769
1 0.391667 0.886325 0.026923 0.032479
1 0.487179 0.938462 0.028205 0.027350
1 0.235256 0.725641 0.029487 0.029060
1 0.583974 0.403419 0.026923 0.030769
1 0.089744 0.827350 0.025641 0.023932
