1 0.215478 0.922065 0.078907 0.155870
1 0.157056 0.494939 0.119879 0.091093
1 0.042489 0.463563 0.063733 0.105263
1 0.226859 0.275304 0.074355 0.064777
1 0.271624 0.862348 0.045524 0.064777
1 0.175266 0.372470 0.037936 0.044534
1 0.166920 0.147773 0.033384 0.044534
1 0.490137 0.736842 0.036419 0.040486
1 0.752656 0.104251 0.030349 0.046559
1 0.480273 0.066802 0.025797 0.044534
1 0.281487 0.940283 0.025797 0.038462
1 0.138088 0.045547 0.030349 0.034413
1 0.119120 0.602227 0.025797 0.030364
1 0.390744 0.884615 0.019727 0.036437
1 0.502276 0.848178 0.015175 0.028340
