1 0.923181 0.453237 0.153639 0.291367
1 0.136792 0.662770 0.168464 0.149281
1 0.744609 0.675360 0.168464 0.152878
1 0.507412 0.641187 0.154987 0.174460
1 0.292453 0.555755 0.132075 0.125899
1 0.318733 0.703237 0.092992 0.140288
1 0.023585 0.097122 0.047170 0.194245
1 0.022237 0.615108 0.044474 0.183453
1 0.566712 0.799460 0.079515 0.059353
1 0.691375 0.496403 0.088949 0.079137
1 0.076819 0.198741 0.056604 0.052158
1 0.037062 0.272482 0.060647 0.044964
1 0.014151 0.339029 0.028302 0.062950
1 0.745957 0.403777 0.028302 0.048561
1 0.161725 0.991007 0.078167 0.017986
