1 0.536932 0.769886 0.207386 0.244318
1 0.570312 0.399621 0.120739 0.200758
1 0.308949 0.110795 0.080966 0.111742
1 0.618608 0.499053 0.078125 0.047348
1 0.053977 0.616477 0.062500 0.062500
1 0.556818 0.568182 0.056818 0.064394
1 0.735085 0.795455 0.044034 0.106061
1 0.655540 0.065341 0.038352 0.073864
1 0.088778 0.982955 0.080966 0.034091
1 0.644176 0.716856 0.046875 0.077652
1 0.811080 0.014205 0.056818 0.028409
1 0.787642 0.701705 0.029830 0.032197
1 0.805398 0.798295 0.022727 0.043561
1 0.807528 0.589962 0.021307 0.039773
1 0.602273 0.018939 0.019886 0.037879
1 0.962358 0.910038 0.026989 0.032197
1 0.447443 0.549242 0.022727 0.026515
