1 0.581457 0.643110 0.111258 0.208481
1 0.349007 0.439046 0.091391 0.136042
1 0.714570 0.539753 0.056954 0.121908
1 0.381457 0.290636 0.066225 0.065371
1 0.540397 0.397527 0.060927 0.074205
1 0.473510 0.353357 0.041060 0.074205
1 0.778146 0.328622 0.030464 0.077739
1 0.413245 0.064488 0.029139 0.061837
1 0.696026 0.379859 0.049007 0.035336
1 0.256954 0.371025 0.023841 0.060071
1 0.484768 0.443463 0.023841 0.031802
1 0.584768 0.521201 0.025166 0.024735
1 0.550331 0.224382 0.027815 0.024735
1 0.751656 0.402827 0.022517 0.035336
1 0.292715 0.601590 0.021192 0.026502
1 0.520530 0.076855 0.018543 0.026502
