1 0.933333 0.680342 0.133333 0.167521
1 0.819231 0.705983 0.069231 0.099145
1 0.782692 0.124786 0.057692 0.078632
1 0.796795 0.807692 0.075641 0.049573
1 0.850641 0.404274 0.055128 0.063248
1 0.866026 0.917094 0.052564 0.063248
1 0.119872 0.264103 0.075641 0.056410
1 0.447436 0.476923 0.041026 0.044444
1 0.630769 0.302564 0.035897 0.041026
1 0.874359 0.146154 0.023077 0.032479
1 0.846154 0.115385 0.030769 0.025641
1 0.903846 0.200000 0.025641 0.027350
1 0.219231 0.989744 0.038462 0.020513
1 0.511538 0.341026 0.023077 0.029060
1 0.458974 0.124786 0.023077 0.023932
1 0.118590 0.008547 0.024359 0.017094
1 0.564103 0.817094 0.017949 0.020513
1 0.144872 0.706838 0.017949 0.018803
