5 0.693750 0.114583 0.217188 0.229167
5 0.271094 0.801562 0.193750 0.217708
5 0.431250 0.775521 0.134375 0.159375
5 0.373047 0.042708 0.122656 0.085417
5 0.615625 0.478125 0.082812 0.100000
5 0.396484 0.135417 0.050781 0.070833
5 0.757812 0.390625 0.040625 0.079167
5 0.942969 0.260937 0.029687 0.069792
5 0.263672 0.410417 0.041406 0.054167
5 0.905078 0.282292 0.022656 0.070833
5 0.339844 0.122917 0.032813 0.039583
5 0.646875 0.686458 0.028125 0.047917
5 0.854297 0.565625 0.030469 0.039583
5 0.142969 0.741146 0.028125 0.038542
5 0.541406 0.931771 0.021875 0.042708
5 0.649609 0.064583 0.021094 0.039583
5 0.068750 0.507812 0.021875 0.036458
5 0.547656 0.100000 0.025000 0.033333
5 0.010937 0.947396 0.021875 0.032292
