5 0.232422 0.743229 0.119531 0.301042
5 0.686328 0.159375 0.203906 0.214583
5 0.921875 0.500521 0.156250 0.148958
5 0.254297 0.442708 0.082031 0.197917
5 0.462500 0.240625 0.118750 0.127083
5 0.218359 0.950521 0.049219 0.098958
5 0.556641 0.251563 0.064844 0.107292
5 0.501953 0.467708 0.047656 0.077083
5 0.432422 0.707292 0.052344 0.081250
5 0.950000 0.227083 0.045312 0.054167
5 0.168359 0.431250 0.049219 0.070833
5 0.810547 0.432292 0.049219 0.064583
5 0.325000 0.379688 0.037500 0.059375
5 0.896875 0.884375 0.039062 0.045833
5 0.361719 0.888542 0.031250 0.068750
5 0.479687 0.675000 0.035937 0.054167
5 0.453125 0.333854 0.035937 0.042708
5 0.971875 0.984375 0.056250 0.031250
5 0.096875 0.406250 0.031250 0.045833
5 0.948047 0.301042 0.028906 0.045833
5 0.643750 0.113542 0.048438 0.037500
5 0.712500 0.568229 0.025000 0.038542
5 0.114453 0.936458 0.024219 0.033333
5 0.116016 0.840625 0.025781 0.031250
5 0.205469 0.522917 0.026562 0.029167
5 0.539844 0.158854 0.023438 0.028125
5 0.801172 0.600521 0.022656 0.030208
