5 0.618359 0.429688 0.127344 0.140625
5 0.807031 0.925000 0.125000 0.150000
5 0.578516 0.890104 0.114844 0.109375
5 0.974219 0.246354 0.051562 0.134375
5 0.771094 0.055729 0.067187 0.094792
5 0.926562 0.344792 0.051562 0.108333
5 0.441016 0.034896 0.063281 0.069792
5 0.315234 0.383854 0.039844 0.076042
5 0.384766 0.633854 0.049219 0.073958
5 0.508984 0.410938 0.038281 0.071875
5 0.926562 0.038542 0.029687 0.066667
5 0.055469 0.509896 0.035937 0.048958
5 0.304297 0.545312 0.042969 0.048958
5 0.765234 0.437500 0.041406 0.050000
5 0.837891 0.127604 0.030469 0.046875
5 0.673438 0.011979 0.023438 0.023958
5 0.962109 0.494792 0.025781 0.022917
5 0.925781 0.222396 0.015625 0.030208
5 0.833594 0.676042 0.018750 0.022917
