5 0.721094 0.711458 0.231250 0.189583
5 0.139063 0.246354 0.114062 0.126042
5 0.164844 0.548438 0.078125 0.134375
5 0.370703 0.329167 0.061719 0.118750
5 0.569141 0.715625 0.075781 0.093750
5 0.428906 0.535937 0.076563 0.113542
5 0.018359 0.790625 0.036719 0.170833
5 0.518750 0.420312 0.062500 0.086458
5 0.435937 0.937500 0.056250 0.093750
5 0.318750 0.502604 0.060937 0.073958
5 0.035937 0.502083 0.046875 0.064583
5 0.303516 0.336458 0.042969 0.056250
5 0.542188 0.961458 0.035937 0.047917
5 0.278125 0.258333 0.031250 0.052083
5 0.270313 0.666146 0.035937 0.051042
5 0.486719 0.306771 0.035937 0.042708
5 0.595313 0.981771 0.029687 0.036458
5 0.570312 0.411458 0.034375 0.031250
5 0.740234 0.257292 0.024219 0.041667
5 0.192188 0.206771 0.029687 0.032292
5 0.896875 0.533333 0.023438 0.035417
5 0.351562 0.445312 0.028125 0.026042
5 0.043750 0.225000 0.021875 0.033333
5 0.637109 0.667708 0.030469 0.031250
5 0.184766 0.348438 0.021094 0.034375
5 0.521094 0.786458 0.035937 0.027083
5 0.992188 0.889583 0.015625 0.029167
5 0.798438 0.992188 0.034375 0.015625
5 0.354687 0.988021 0.023438 0.023958
