5 0.125781 0.810937 0.195312 0.236458
5 0.386328 0.483854 0.189844 0.203125
5 0.767969 0.547396 0.081250 0.178125
5 0.709766 0.055208 0.069531 0.110417
5 0.959766 0.091146 0.080469 0.078125
5 0.952734 0.750521 0.063281 0.084375
5 0.269141 0.756771 0.055469 0.105208
5 0.935156 0.450000 0.045312 0.114583
5 0.248438 0.835938 0.053125 0.057292
5 0.116797 0.020833 0.080469 0.041667
5 0.414844 0.572396 0.037500 0.069792
5 0.427344 0.732812 0.042188 0.080208
5 0.808984 0.357292 0.052344 0.056250
5 0.894531 0.284375 0.048438 0.060417
5 0.941406 0.588021 0.050000 0.042708
5 0.673047 0.166146 0.035156 0.063542
5 0.420703 0.162500 0.041406 0.052083
5 0.312109 0.679167 0.041406 0.056250
5 0.761328 0.698438 0.028906 0.065625
5 0.528516 0.095833 0.053906 0.043750
5 0.078125 0.536979 0.037500 0.051042
5 0.057813 0.957812 0.037500 0.046875
5 0.763672 0.867188 0.032031 0.051042
5 0.416406 0.016667 0.040625 0.033333
5 0.907813 0.364583 0.039062 0.035417
5 0.257812 0.357812 0.040625 0.038542
5 0.275781 0.257292 0.029687 0.039583
5 0.737500 0.172396 0.029687 0.038542
5 0.301563 0.354687 0.023438 0.044792
5 0.945703 0.912500 0.027344 0.033333
5 0.747266 0.363542 0.024219 0.039583
5 0.742969 0.469271 0.021875 0.030208
5 0.989453 0.658333 0.021094 0.039583
5 0.986719 0.015104 0.026562 0.030208
5 0.891016 0.547917 0.022656 0.029167
5 0.675391 0.498437 0.025781 0.023958
5 0.905469 0.020313 0.017188 0.030208
5 0.971094 0.501563 0.021875 0.028125
