5 0.288281 0.790104 0.214062 0.367708
5 0.719531 0.477083 0.240625 0.295833
5 0.824609 0.882292 0.174219 0.235417
5 0.574609 0.081250 0.194531 0.162500
5 0.577734 0.743229 0.082031 0.171875
5 0.047656 0.271354 0.095312 0.146875
5 0.026953 0.366667 0.053906 0.120833
5 0.934375 0.053646 0.087500 0.107292
5 0.970703 0.783854 0.058594 0.080208
5 0.691797 0.161458 0.053906 0.054167
5 0.107813 0.444792 0.045312 0.060417
5 0.709766 0.971354 0.075781 0.057292
5 0.514844 0.022917 0.067187 0.045833
5 0.398438 0.259896 0.046875 0.055208
5 0.436719 0.142708 0.060937 0.052083
5 0.514062 0.359896 0.053125 0.053125
5 0.221094 0.513542 0.034375 0.060417
5 0.028906 0.489583 0.057813 0.045833
5 0.627734 0.974479 0.028906 0.051042
5 0.761328 0.732812 0.035156 0.044792
5 0.616016 0.260937 0.038281 0.044792
5 0.925781 0.808854 0.034375 0.042708
5 0.381641 0.966146 0.030469 0.034375
5 0.276953 0.886979 0.028906 0.032292
5 0.152344 0.434375 0.028125 0.033333
5 0.120313 0.140625 0.021875 0.037500
