5 0.767188 0.304167 0.128125 0.260417
5 0.590625 0.794271 0.135937 0.176042
5 0.498828 0.157812 0.094531 0.167708
5 0.461328 0.477083 0.157031 0.141667
5 0.300781 0.092708 0.114062 0.091667
5 0.940234 0.380208 0.094531 0.114583
5 0.580859 0.173437 0.061719 0.096875
5 0.464062 0.030208 0.076563 0.060417
5 0.387109 0.495833 0.064844 0.087500
5 0.971875 0.144271 0.056250 0.092708
5 0.893750 0.497396 0.054688 0.076042
5 0.641016 0.444792 0.061719 0.062500
5 0.823438 0.112500 0.065625 0.066667
5 0.261328 0.528646 0.036719 0.063542
5 0.573438 0.654167 0.040625 0.043750
5 0.979297 0.021354 0.041406 0.042708
5 0.502344 0.379167 0.031250 0.035417
5 0.939453 0.043750 0.028906 0.054167
5 0.164844 0.334375 0.015625 0.037500
5 0.628125 0.102083 0.028125 0.025000
5 0.676172 0.853646 0.024219 0.028125
5 0.375391 0.316146 0.019531 0.021875
