5 0.897266 0.422396 0.107031 0.244792
5 0.422656 0.746354 0.081250 0.169792
5 0.726562 0.821354 0.076563 0.217708
5 0.429688 0.155208 0.110937 0.156250
5 0.215625 0.721875 0.114062 0.097917
5 0.197266 0.411458 0.136719 0.118750
5 0.882031 0.892188 0.095312 0.113542
5 0.281641 0.535937 0.063281 0.098958
5 0.369922 0.629687 0.080469 0.063542
5 0.502734 0.750521 0.057031 0.101042
5 0.706641 0.153646 0.057031 0.126042
5 0.694531 0.240625 0.079687 0.060417
5 0.787891 0.086458 0.050781 0.102083
5 0.885156 0.646875 0.050000 0.095833
5 0.737891 0.641667 0.064844 0.077083
5 0.683594 0.927083 0.064062 0.112500
5 0.974609 0.552604 0.050781 0.090625
5 0.408594 0.379167 0.053125 0.072917
5 0.335547 0.466146 0.066406 0.082292
5 0.451172 0.542188 0.047656 0.063542
5 0.396875 0.068750 0.035937 0.087500
5 0.424219 0.470313 0.040625 0.059375
5 0.206641 0.335417 0.046094 0.047917
5 0.128516 0.237500 0.035156 0.068750
5 0.926562 0.217708 0.034375 0.058333
5 0.884375 0.161458 0.035937 0.047917
5 0.015625 0.428125 0.031250 0.062500
5 0.873828 0.221875 0.049219 0.037500
5 0.663672 0.169271 0.042969 0.044792
5 0.987500 0.727604 0.025000 0.061458
5 0.289062 0.275000 0.035937 0.043750
5 0.846484 0.552604 0.027344 0.057292
5 0.812500 0.368229 0.020313 0.044792
5 0.989453 0.820833 0.021094 0.045833
5 0.446094 0.969792 0.028125 0.031250
5 0.379688 0.018750 0.026562 0.037500
5 0.591797 0.991146 0.047656 0.017708
5 0.542578 0.669792 0.028906 0.029167
5 0.847266 0.989062 0.039844 0.021875
5 0.766016 0.339583 0.025781 0.027083
5 0.966016 0.150000 0.017969 0.022917
5 0.105469 0.985938 0.014063 0.028125
5 0.312891 0.931250 0.017969 0.018750
