5 0.093359 0.906250 0.155469 0.087500
5 0.377344 0.299479 0.065625 0.151042
5 0.473828 0.768229 0.086719 0.096875
5 0.446875 0.949479 0.062500 0.101042
5 0.683984 0.952083 0.064844 0.066667
5 0.673828 0.396354 0.049219 0.088542
5 0.562500 0.467187 0.040625 0.057292
5 0.362109 0.614062 0.039844 0.044792
5 0.425391 0.842187 0.033594 0.046875
5 0.472656 0.855208 0.034375 0.043750
5 0.630078 0.900521 0.024219 0.048958
5 0.261719 0.320312 0.025000 0.042708
5 0.930859 0.328646 0.032031 0.030208
5 0.275000 0.763542 0.026562 0.035417
5 0.604688 0.336458 0.028125 0.031250
5 0.838672 0.986458 0.022656 0.027083
5 0.390625 0.686458 0.018750 0.031250
5 0.505859 0.989062 0.025781 0.021875
5 0.514453 0.371354 0.019531 0.023958
5 0.617578 0.655208 0.022656 0.022917
5 0.416406 0.993750 0.032813 0.012500
5 0.623047 0.952604 0.014844 0.019792
5 0.085547 0.802083 0.016406 0.018750
