5 0.380078 0.226562 0.103906 0.146875
5 0.371094 0.631771 0.107813 0.169792
5 0.450000 0.811979 0.101562 0.165625
5 0.137500 0.955208 0.110937 0.089583
5 0.178516 0.515625 0.096094 0.129167
5 0.072656 0.358854 0.064062 0.105208
5 0.395313 0.739062 0.065625 0.088542
5 0.268359 0.907292 0.055469 0.079167
5 0.689063 0.633854 0.051562 0.105208
5 0.025391 0.776563 0.050781 0.086458
5 0.501563 0.880729 0.046875 0.078125
5 0.951562 0.397917 0.064062 0.056250
5 0.341406 0.392188 0.037500 0.059375
5 0.368750 0.052604 0.039062 0.048958
5 0.144141 0.338021 0.046094 0.040625
5 0.881641 0.440625 0.030469 0.087500
5 0.180859 0.287500 0.042969 0.045833
5 0.011719 0.433333 0.023438 0.060417
5 0.321484 0.559375 0.039844 0.037500
5 0.827734 0.470313 0.032031 0.048958
5 0.507422 0.702604 0.038281 0.044792
5 0.690234 0.407813 0.024219 0.061458
5 0.012891 0.866146 0.025781 0.055208
5 0.433594 0.429167 0.029687 0.043750
5 0.817578 0.526563 0.035156 0.044792
5 0.762109 0.135937 0.025781 0.044792
5 0.111328 0.430208 0.027344 0.041667
5 0.221484 0.755208 0.032031 0.033333
5 0.649609 0.606771 0.024219 0.048958
5 0.687500 0.546875 0.028125 0.027083
5 0.781641 0.401562 0.024219 0.034375
5 0.103125 0.317188 0.023438 0.032292
5 0.536328 0.451562 0.022656 0.034375
5 0.776953 0.944271 0.027344 0.021875
5 0.808594 0.401562 0.018750 0.030208
5 0.742188 0.498437 0.015625 0.036458
5 0.894531 0.536458 0.021875 0.020833
5 0.518750 0.498437 0.017188 0.026042
5 0.223828 0.391146 0.017969 0.021875
5 0.718359 0.394271 0.019531 0.017708
