5 0.617969 0.178646 0.160938 0.148958
5 0.398438 0.646354 0.179688 0.201042
5 0.924219 0.154688 0.151562 0.176042
5 0.116406 0.491146 0.132812 0.165625
5 0.111328 0.233854 0.171094 0.138542
5 0.313672 0.779167 0.128906 0.120833
5 0.426172 0.320312 0.100781 0.217708
5 0.393750 0.105729 0.082812 0.144792
5 0.505859 0.519792 0.085156 0.114583
5 0.769922 0.222396 0.089844 0.113542
5 0.073828 0.609896 0.057031 0.080208
5 0.600391 0.051042 0.082031 0.066667
5 0.833984 0.519271 0.046094 0.101042
5 0.210938 0.364583 0.040625 0.075000
5 0.239844 0.429688 0.062500 0.044792
5 0.778125 0.583854 0.043750 0.067708
5 0.206250 0.054688 0.045312 0.078125
5 0.328906 0.060937 0.046875 0.059375
5 0.144141 0.074479 0.039844 0.044792
5 0.049219 0.292708 0.042188 0.052083
5 0.014063 0.123438 0.028125 0.055208
5 0.358594 0.433854 0.048438 0.040625
5 0.940234 0.629167 0.028906 0.050000
5 0.521094 0.060417 0.034375 0.045833
5 0.482422 0.329167 0.028906 0.043750
5 0.257031 0.014583 0.040625 0.029167
5 0.788672 0.825521 0.027344 0.042708
5 0.313672 0.164062 0.032031 0.028125
5 0.496094 0.420833 0.029687 0.033333
5 0.804297 0.757292 0.022656 0.035417
5 0.175391 0.347396 0.017969 0.036458
5 0.865625 0.187500 0.018750 0.035417
5 0.344922 0.185417 0.019531 0.029167
5 0.392578 0.134375 0.017969 0.029167
5 0.358203 0.231250 0.016406 0.029167
5 0.646094 0.084375 0.021875 0.022917
5 0.158203 0.585938 0.021094 0.021875
5 0.405469 0.554167 0.017188 0.022917
