5 0.657422 0.848958 0.130469 0.191667
5 0.437500 0.243750 0.114062 0.197917
5 0.742188 0.214062 0.085938 0.165625
5 0.206641 0.250000 0.113281 0.118750
5 0.839063 0.626042 0.165625 0.189583
5 0.905078 0.316146 0.114844 0.113542
5 0.458984 0.613021 0.080469 0.126042
5 0.675781 0.668750 0.056250 0.097917
5 0.891797 0.449479 0.057031 0.069792
5 0.396484 0.647917 0.067969 0.079167
5 0.731641 0.655729 0.046094 0.084375
5 0.284766 0.733333 0.036719 0.066667
5 0.611719 0.734896 0.042188 0.042708
5 0.481250 0.490625 0.029687 0.035417
5 0.946875 0.088542 0.031250 0.035417
5 0.143359 0.583854 0.017969 0.034375
5 0.758594 0.884896 0.021875 0.030208
