5 0.207031 0.185417 0.157812 0.179167
5 0.193359 0.926562 0.114844 0.134375
5 0.757422 0.128125 0.092969 0.143750
5 0.106250 0.454688 0.118750 0.186458
5 0.255469 0.753646 0.096875 0.138542
5 0.252344 0.568229 0.085938 0.117708
5 0.364453 0.125000 0.097656 0.081250
5 0.165234 0.751042 0.044531 0.150000
5 0.867188 0.118229 0.073438 0.111458
5 0.147656 0.106771 0.067187 0.094792
5 0.020313 0.310417 0.040625 0.106250
5 0.532031 0.332813 0.050000 0.094792
5 0.934766 0.327083 0.044531 0.079167
5 0.514844 0.426042 0.031250 0.079167
5 0.669141 0.346354 0.028906 0.044792
5 0.162109 0.423958 0.033594 0.041667
5 0.012500 0.678125 0.025000 0.045833
5 0.086328 0.170833 0.030469 0.041667
5 0.619141 0.623437 0.021094 0.044792
5 0.459375 0.015104 0.032813 0.030208
5 0.101172 0.602083 0.039844 0.043750
5 0.843359 0.172917 0.019531 0.043750
5 0.064062 0.984896 0.025000 0.030208
5 0.603906 0.552083 0.020313 0.035417
5 0.012891 0.432292 0.025781 0.027083
5 0.210547 0.489063 0.027344 0.023958
5 0.426953 0.028125 0.022656 0.029167
5 0.126953 0.010417 0.016406 0.020833
5 0.186719 0.668229 0.015625 0.021875
