5 0.403516 0.765625 0.111719 0.127083
5 0.721484 0.236979 0.083594 0.098958
5 0.144922 0.285938 0.066406 0.105208
5 0.116016 0.481771 0.082031 0.098958
5 0.016797 0.865104 0.033594 0.109375
5 0.479297 0.267188 0.055469 0.069792
5 0.319531 0.527604 0.057813 0.057292
5 0.016406 0.759375 0.032813 0.068750
5 0.535937 0.413021 0.046875 0.048958
5 0.628906 0.215625 0.042188 0.037500
5 0.317969 0.207813 0.031250 0.057292
5 0.798438 0.076563 0.029687 0.088542
5 0.390625 0.457292 0.042188 0.037500
5 0.499219 0.381771 0.025000 0.046875
5 0.382031 0.632292 0.035937 0.045833
5 0.531641 0.276042 0.032031 0.031250
5 0.515234 0.334896 0.027344 0.040625
5 0.361328 0.351042 0.027344 0.043750
5 0.497266 0.690104 0.019531 0.038542
5 0.559766 0.983333 0.019531 0.033333
5 0.870313 0.594792 0.028125 0.022917
5 0.746094 0.076563 0.018750 0.030208
5 0.581250 0.418229 0.018750 0.028125
5 0.209766 0.010937 0.025781 0.021875
5 0.689453 0.325000 0.017969 0.025000
5 0.480469 0.046875 0.015625 0.025000
5 0.909375 0.758854 0.020313 0.019792
5 0.219141 0.204167 0.017969 0.018750
5 0.517969 0.230729 0.018750 0.015625
