5 0.422656 0.772917 0.112500 0.277083
5 0.600000 0.332813 0.106250 0.248958
5 0.131250 0.682813 0.076563 0.169792
5 0.121875 0.085938 0.103125 0.159375
5 0.598047 0.808854 0.094531 0.115625
5 0.769531 0.861458 0.065625 0.118750
5 0.835156 0.373437 0.079687 0.111458
5 0.211328 0.684896 0.057031 0.101042
5 0.153125 0.967187 0.107813 0.065625
5 0.398438 0.070833 0.059375 0.125000
5 0.389062 0.159375 0.079687 0.060417
5 0.074219 0.569792 0.078125 0.062500
5 0.593750 0.558854 0.053125 0.096875
5 0.785156 0.640104 0.071875 0.057292
5 0.681641 0.459896 0.063281 0.094792
5 0.713672 0.630208 0.052344 0.077083
5 0.721484 0.720313 0.057031 0.084375
5 0.444531 0.562500 0.065625 0.077083
5 0.567578 0.931771 0.053906 0.071875
5 0.741016 0.358854 0.055469 0.080208
5 0.309375 0.945833 0.059375 0.062500
5 0.942578 0.655208 0.052344 0.066667
5 0.108203 0.314583 0.049219 0.070833
5 0.479687 0.025000 0.051562 0.050000
5 0.154688 0.475521 0.046875 0.063542
5 0.124219 0.404687 0.040625 0.059375
5 0.623047 0.123438 0.033594 0.059375
5 0.579688 0.069271 0.034375 0.046875
5 0.572656 0.131250 0.043750 0.037500
5 0.050000 0.422396 0.037500 0.044792
5 0.357031 0.089063 0.040625 0.044792
5 0.821484 0.221354 0.035156 0.048958
5 0.084766 0.022917 0.032031 0.045833
5 0.551562 0.466667 0.028125 0.062500
5 0.876953 0.559896 0.033594 0.046875
5 0.956641 0.318750 0.030469 0.045833
5 0.512500 0.282292 0.020313 0.045833
5 0.908594 0.315625 0.032813 0.035417
5 0.160938 0.907813 0.028125 0.032292
5 0.007031 0.488021 0.014063 0.057292
5 0.840234 0.676562 0.019531 0.036458
5 0.464844 0.255729 0.026562 0.028125
5 0.249219 0.602083 0.028125 0.029167
5 0.010937 0.389062 0.021875 0.042708
5 0.874219 0.843229 0.017188 0.036458
5 0.769922 0.218750 0.021094 0.027083
5 0.925781 0.540625 0.017188 0.031250
5 0.847266 0.320312 0.019531 0.030208
5 0.660937 0.053646 0.017188 0.023958
5 0.025781 0.876042 0.017188 0.018750
