5 0.061328 0.297396 0.122656 0.219792
5 0.716016 0.782292 0.083594 0.100000
5 0.585938 0.327604 0.084375 0.088542
5 0.439844 0.313542 0.093750 0.083333
5 0.149609 0.931250 0.067969 0.104167
5 0.171875 0.611458 0.064062 0.091667
5 0.154688 0.092188 0.068750 0.078125
5 0.479297 0.853125 0.053906 0.068750
5 0.342969 0.140104 0.070312 0.055208
5 0.233594 0.557292 0.050000 0.062500
5 0.624609 0.079167 0.038281 0.075000
5 0.396094 0.046354 0.034375 0.057292
5 0.276562 0.509375 0.040625 0.056250
5 0.066406 0.064583 0.023438 0.081250
5 0.325781 0.494792 0.034375 0.054167
5 0.777734 0.607812 0.036719 0.086458
5 0.623828 0.777083 0.041406 0.039583
5 0.315234 0.822396 0.030469 0.057292
5 0.517578 0.332813 0.032031 0.053125
5 0.550781 0.983854 0.043750 0.032292
5 0.511719 0.964583 0.021875 0.045833
5 0.533203 0.852083 0.030469 0.031250
5 0.729688 0.226562 0.023438 0.038542
5 0.523047 0.914583 0.022656 0.037500
5 0.584766 0.064583 0.033594 0.022917
5 0.370703 0.958333 0.027344 0.037500
5 0.454297 0.635417 0.027344 0.027083
5 0.726172 0.617708 0.019531 0.031250
5 0.452734 0.360938 0.021094 0.023958
5 0.596094 0.986458 0.015625 0.027083
5 0.694141 0.873958 0.017969 0.022917
5 0.082812 0.007292 0.023438 0.014583
5 0.216406 0.836979 0.017188 0.019792
5 0.515234 0.811458 0.017969 0.016667
