5 0.341016 0.253125 0.132031 0.354167
5 0.846484 0.773958 0.105469 0.268750
5 0.432812 0.766146 0.084375 0.128125
5 0.234766 0.444271 0.092969 0.105208
5 0.100391 0.342708 0.097656 0.089583
5 0.262500 0.769271 0.064062 0.121875
5 0.180469 0.580729 0.051562 0.113542
5 0.770703 0.496875 0.060156 0.122917
5 0.619141 0.510938 0.069531 0.071875
5 0.605859 0.602083 0.063281 0.104167
5 0.255859 0.351042 0.083594 0.108333
5 0.655859 0.261979 0.057031 0.090625
5 0.971484 0.436458 0.057031 0.085417
5 0.687891 0.635938 0.063281 0.071875
5 0.073047 0.266146 0.035156 0.071875
5 0.824609 0.603125 0.038281 0.060417
5 0.092188 0.160938 0.029687 0.059375
5 0.150391 0.413542 0.030469 0.050000
5 0.856641 0.841667 0.027344 0.039583
5 0.989453 0.230729 0.021094 0.048958
5 0.028516 0.343750 0.030469 0.039583
5 0.672266 0.344792 0.028906 0.031250
5 0.740625 0.397917 0.026562 0.029167
