5 0.775391 0.225000 0.175781 0.139583
5 0.664844 0.823958 0.131250 0.143750
5 0.461328 0.788021 0.097656 0.157292
5 0.077734 0.668750 0.111719 0.202083
5 0.677734 0.080729 0.099219 0.161458
5 0.323828 0.796875 0.077344 0.097917
5 0.043750 0.470313 0.065625 0.151042
5 0.547656 0.031771 0.087500 0.063542
5 0.883594 0.050521 0.059375 0.101042
5 0.897656 0.235937 0.067187 0.069792
5 0.430469 0.544792 0.056250 0.066667
5 0.550781 0.790104 0.070312 0.069792
5 0.204687 0.118229 0.059375 0.086458
5 0.838672 0.885938 0.042969 0.084375
5 0.093750 0.411979 0.035937 0.084375
5 0.384375 0.759375 0.037500 0.066667
5 0.221875 0.785417 0.046875 0.050000
5 0.660937 0.568229 0.048438 0.057292
5 0.637891 0.198958 0.036719 0.056250
5 0.812891 0.096875 0.039844 0.052083
5 0.217188 0.869271 0.029687 0.055208
5 0.163281 0.784896 0.040625 0.048958
5 0.144922 0.292187 0.035156 0.046875
5 0.688672 0.979688 0.047656 0.040625
5 0.866406 0.314063 0.031250 0.044792
5 0.619141 0.978646 0.027344 0.042708
5 0.982422 0.340104 0.035156 0.034375
5 0.452734 0.119792 0.028906 0.047917
5 0.568750 0.932813 0.018750 0.042708
5 0.176953 0.677604 0.030469 0.036458
5 0.586328 0.965625 0.022656 0.029167
5 0.728125 0.777604 0.018750 0.028125
5 0.492188 0.097396 0.018750 0.026042
5 0.328516 0.901042 0.014844 0.027083
5 0.458984 0.009896 0.017969 0.019792
5 0.580469 0.889062 0.015625 0.019792
