5 0.412500 0.798438 0.193750 0.346875
5 0.502734 0.232813 0.214844 0.282292
5 0.626953 0.428646 0.116406 0.142708
5 0.134766 0.696354 0.149219 0.146875
5 0.557031 0.572917 0.090625 0.112500
5 0.350391 0.391146 0.086719 0.098958
5 0.313672 0.512500 0.113281 0.058333
5 0.665234 0.736979 0.061719 0.123958
5 0.462891 0.594271 0.050781 0.096875
5 0.321875 0.090625 0.048438 0.102083
5 0.714453 0.853646 0.064844 0.059375
5 0.743750 0.191146 0.057813 0.076042
5 0.205078 0.755208 0.046094 0.072917
5 0.096484 0.157812 0.055469 0.082292
5 0.878125 0.496875 0.037500 0.056250
5 0.221875 0.080729 0.035937 0.051042
5 0.141406 0.959375 0.029687 0.037500
5 0.398438 0.684375 0.034375 0.043750
5 0.134375 0.376042 0.028125 0.035417
5 0.383594 0.014583 0.032813 0.029167
5 0.394922 0.868229 0.025781 0.048958
5 0.125781 0.076042 0.025000 0.037500
5 0.916406 0.698958 0.025000 0.031250
