5 0.610938 0.826042 0.195312 0.131250
5 0.235547 0.223958 0.078906 0.191667
5 0.513672 0.253646 0.128906 0.163542
5 0.301953 0.754687 0.074219 0.176042
5 0.334375 0.068229 0.068750 0.136458
5 0.840625 0.232813 0.084375 0.080208
5 0.678906 0.545312 0.054688 0.119792
5 0.066406 0.087500 0.062500 0.091667
5 0.486328 0.953125 0.060156 0.083333
5 0.467187 0.654167 0.046875 0.116667
5 0.832812 0.711458 0.071875 0.083333
5 0.705859 0.744271 0.046094 0.090625
5 0.750781 0.870833 0.042188 0.085417
5 0.655469 0.404167 0.064062 0.060417
5 0.339844 0.564063 0.053125 0.055208
5 0.425000 0.490625 0.050000 0.060417
5 0.475000 0.792708 0.050000 0.041667
5 0.202734 0.376563 0.033594 0.063542
5 0.296484 0.905729 0.028906 0.063542
5 0.903906 0.893229 0.045312 0.038542
5 0.059375 0.309375 0.053125 0.043750
5 0.808203 0.557813 0.038281 0.046875
5 0.945312 0.664583 0.039062 0.045833
5 0.775391 0.250000 0.028906 0.056250
5 0.439453 0.569792 0.038281 0.035417
5 0.689844 0.367708 0.032813 0.047917
5 0.267969 0.380729 0.029687 0.036458
5 0.864844 0.825000 0.023438 0.035417
5 0.577344 0.308333 0.026562 0.029167
5 0.758984 0.566146 0.022656 0.036458
5 0.967187 0.092708 0.021875 0.035417
5 0.279297 0.571354 0.022656 0.038542
5 0.719922 0.556250 0.022656 0.029167
5 0.458203 0.107813 0.024219 0.023958
5 0.424609 0.753125 0.021094 0.029167
5 0.275391 0.675521 0.019531 0.028125
5 0.434375 0.225521 0.018750 0.030208
5 0.504687 0.705729 0.021875 0.028125
5 0.946875 0.877604 0.017188 0.028125
5 0.296484 0.425000 0.017969 0.027083
5 0.207031 0.706250 0.021875 0.018750
5 0.310937 0.174479 0.020313 0.019792
5 0.007422 0.650521 0.014844 0.023958
5 0.737109 0.268750 0.014844 0.025000
