5 0.791797 0.628646 0.213281 0.282292
5 0.918750 0.819271 0.114062 0.140625
5 0.640625 0.796875 0.085938 0.097917
5 0.608203 0.920312 0.111719 0.059375
5 0.854297 0.956250 0.086719 0.087500
5 0.603516 0.494792 0.049219 0.104167
5 0.117188 0.660417 0.053125 0.077083
5 0.378516 0.577083 0.057031 0.083333
5 0.682813 0.176042 0.048438 0.068750
5 0.759375 0.973437 0.048438 0.053125
5 0.350781 0.256771 0.045312 0.055208
5 0.651172 0.352604 0.032031 0.084375
5 0.501953 0.490625 0.036719 0.054167
5 0.662500 0.413542 0.034375 0.033333
5 0.405078 0.490625 0.027344 0.039583
5 0.423828 0.793229 0.027344 0.036458
5 0.505859 0.232292 0.032031 0.031250
5 0.525781 0.598437 0.020313 0.036458
5 0.109766 0.404167 0.027344 0.027083
5 0.102344 0.987500 0.023438 0.025000
