5 0.253125 0.290104 0.360938 0.298958
5 0.493750 0.723958 0.189062 0.177083
5 0.637891 0.747396 0.088281 0.298958
5 0.825000 0.681250 0.092188 0.206250
5 0.750781 0.937500 0.171875 0.125000
5 0.975000 0.715104 0.050000 0.130208
5 0.537500 0.586979 0.075000 0.088542
5 0.676953 0.388021 0.064844 0.088542
5 0.665625 0.575521 0.056250 0.084375
5 0.875781 0.913021 0.065625 0.073958
5 0.375781 0.156771 0.050000 0.080208
5 0.374609 0.567187 0.055469 0.086458
5 0.174609 0.939583 0.060156 0.085417
5 0.038281 0.458333 0.056250 0.056250
5 0.688281 0.683854 0.039062 0.069792
5 0.652734 0.233333 0.057031 0.045833
5 0.023828 0.376563 0.047656 0.040625
5 0.129688 0.641667 0.046875 0.041667
5 0.694531 0.191146 0.043750 0.046875
5 0.803516 0.200521 0.039844 0.059375
5 0.612891 0.930729 0.035156 0.057292
5 0.773828 0.796354 0.039844 0.055208
5 0.639062 0.306771 0.040625 0.053125
5 0.419531 0.599479 0.032813 0.044792
5 0.728125 0.300000 0.031250 0.050000
5 0.175781 0.436979 0.028125 0.038542
5 0.419922 0.889583 0.025781 0.052083
