5 0.882812 0.860417 0.203125 0.279167
5 0.943750 0.216146 0.112500 0.196875
5 0.877734 0.117188 0.174219 0.134375
5 0.662891 0.513021 0.117969 0.184375
5 0.295703 0.929688 0.116406 0.140625
5 0.752734 0.613542 0.096094 0.089583
5 0.837109 0.897396 0.074219 0.080208
5 0.588281 0.525000 0.085938 0.066667
5 0.906641 0.027604 0.107031 0.055208
5 0.805469 0.226562 0.056250 0.082292
5 0.271484 0.796354 0.060156 0.051042
5 0.221094 0.848958 0.062500 0.056250
5 0.731641 0.980208 0.057031 0.039583
5 0.738672 0.418229 0.035156 0.048958
5 0.900391 0.623437 0.028906 0.051042
5 0.923438 0.238542 0.028125 0.035417
5 0.948047 0.339583 0.024219 0.031250
5 0.735547 0.825521 0.027344 0.026042
5 0.425781 0.875000 0.023438 0.033333
5 0.335547 0.153646 0.027344 0.030208
5 0.908984 0.319792 0.025781 0.027083
5 0.989453 0.445833 0.021094 0.031250
5 0.955469 0.460417 0.021875 0.025000
