5 0.256250 0.775521 0.157812 0.351042
5 0.262891 0.194792 0.197656 0.270833
5 0.399219 0.354167 0.115625 0.150000
5 0.355469 0.510938 0.087500 0.105208
5 0.126562 0.388021 0.085938 0.098958
5 0.107813 0.512500 0.107813 0.070833
5 0.484375 0.650521 0.067187 0.115625
5 0.262500 0.556250 0.051562 0.087500
5 0.549219 0.756771 0.064062 0.065625
5 0.059375 0.092708 0.048438 0.102083
5 0.027734 0.779167 0.055469 0.070833
5 0.487891 0.093229 0.057031 0.067708
5 0.157812 0.773958 0.045312 0.089583
5 0.594922 0.954167 0.053906 0.058333
5 0.661328 0.363021 0.039844 0.059375
5 0.198047 0.664583 0.035156 0.047917
5 0.012500 0.700521 0.025000 0.046875
5 0.235937 0.845313 0.032813 0.046875
5 0.727734 0.552083 0.025781 0.031250
5 0.028906 0.883333 0.018750 0.035417
