5 0.432812 0.211458 0.323437 0.422917
5 0.732031 0.241146 0.278125 0.240625
5 0.918750 0.442708 0.100000 0.183333
5 0.860547 0.607812 0.142969 0.146875
5 0.521875 0.712500 0.157812 0.150000
5 0.806641 0.834896 0.097656 0.138542
5 0.887109 0.034375 0.092969 0.068750
5 0.679297 0.825521 0.057031 0.094792
5 0.158203 0.803646 0.055469 0.194792
5 0.180469 0.824479 0.043750 0.063542
5 0.805078 0.047917 0.046094 0.077083
5 0.905078 0.853646 0.038281 0.061458
5 0.243750 0.782813 0.057813 0.061458
5 0.298047 0.630729 0.049219 0.046875
5 0.726562 0.579167 0.037500 0.047917
5 0.808203 0.693229 0.049219 0.048958
5 0.722656 0.893750 0.051562 0.035417
