5 0.340625 0.412500 0.150000 0.208333
5 0.291406 0.587500 0.151562 0.125000
5 0.485938 0.371875 0.062500 0.227083
5 0.517969 0.665625 0.089063 0.147917
5 0.047656 0.947917 0.095312 0.104167
5 0.586719 0.934375 0.079687 0.089583
5 0.630469 0.400000 0.070312 0.133333
5 0.824219 0.482292 0.064062 0.106250
5 0.900000 0.742708 0.062500 0.068750
5 0.615625 0.531250 0.084375 0.066667
5 0.067187 0.861458 0.062500 0.052083
5 0.719531 0.970833 0.092188 0.058333
5 0.692187 0.688542 0.046875 0.077083
5 0.342969 0.972917 0.095312 0.054167
5 0.260937 0.709375 0.065625 0.068750
5 0.819531 0.853125 0.045312 0.077083
5 0.586719 0.163542 0.048438 0.052083
5 0.495312 0.859375 0.037500 0.085417
5 0.601562 0.786458 0.062500 0.043750
5 0.731250 0.201042 0.043750 0.064583
5 0.148438 0.508333 0.043750 0.054167
5 0.521094 0.540625 0.039062 0.081250
5 0.718750 0.587500 0.034375 0.054167
5 0.728906 0.506250 0.032813 0.075000
5 0.664844 0.143750 0.045312 0.062500
5 0.971875 0.144792 0.056250 0.039583
5 0.959375 0.537500 0.028125 0.066667
5 0.440625 0.890625 0.031250 0.064583
5 0.909375 0.203125 0.040625 0.043750
5 0.503906 0.777083 0.032813 0.050000
5 0.493750 0.973958 0.034375 0.052083
5 0.806250 0.941667 0.037500 0.050000
5 0.633594 0.604167 0.032813 0.041667
5 0.250000 0.798958 0.034375 0.039583
5 0.758594 0.665625 0.032813 0.043750
5 0.537500 0.979167 0.028125 0.041667
5 0.282031 0.135417 0.048438 0.037500
5 0.988281 0.685417 0.023438 0.045833
5 0.587500 0.658333 0.028125 0.037500
5 0.689844 0.302083 0.029687 0.037500
5 0.882031 0.495833 0.042188 0.045833
5 0.643750 0.675000 0.028125 0.033333
5 0.388281 0.946875 0.029687 0.035417
5 0.082812 0.114583 0.021875 0.037500
5 0.884375 0.836458 0.025000 0.031250
5 0.220312 0.961458 0.025000 0.027083
5 0.675000 0.577083 0.025000 0.029167
5 0.989844 0.737500 0.020313 0.029167
5 0.418750 0.652083 0.015625 0.029167
