5 0.079687 0.383333 0.059375 0.062500
5 0.070312 0.960417 0.068750 0.045833
5 0.265625 0.419792 0.034375 0.052083
5 0.895312 0.871875 0.034375 0.035417
5 0.310156 0.494792 0.026562 0.035417
5 0.746094 0.834375 0.023438 0.035417
5 0.703125 0.834375 0.018750 0.035417
5 0.036719 0.310417 0.017188 0.037500
5 0.032813 0.408333 0.018750 0.029167
5 0.689063 0.711458 0.015625 0.022917
5 0.182031 0.915625 0.017188 0.022917
5 0.068750 0.321875 0.012500 0.027083
5 0.521875 0.977083 0.015625 0.020833
5 0.403906 0.119792 0.017188 0.018750
