5 0.188281 0.911458 0.135937 0.177083
5 0.446094 0.672917 0.067187 0.137500
5 0.411719 0.901042 0.073438 0.077083
5 0.532813 0.446875 0.050000 0.093750
5 0.102344 0.530208 0.057813 0.060417
5 0.167969 0.252083 0.060937 0.054167
5 0.471094 0.380208 0.045312 0.060417
5 0.470313 0.582292 0.037500 0.056250
5 0.378906 0.820833 0.042188 0.062500
5 0.019531 0.345833 0.039062 0.050000
5 0.022656 0.570833 0.032813 0.050000
5 0.302344 0.761458 0.029687 0.052083
5 0.032813 0.279167 0.031250 0.050000
5 0.931250 0.664583 0.021875 0.066667
5 0.440625 0.983333 0.034375 0.033333
5 0.773438 0.519792 0.021875 0.047917
5 0.181250 0.390625 0.025000 0.052083
5 0.153125 0.016667 0.031250 0.033333
5 0.195312 0.284375 0.025000 0.031250
5 0.087500 0.098958 0.025000 0.027083
5 0.822656 0.715625 0.026562 0.039583
5 0.528906 0.700000 0.020313 0.025000
5 0.896094 0.782292 0.017188 0.022917
