5 0.342969 0.718750 0.079687 0.079167
5 0.795312 0.458333 0.053125 0.062500
5 0.578125 0.559375 0.034375 0.043750
5 0.282031 0.134375 0.042188 0.047917
5 0.210156 0.493750 0.029687 0.075000
5 0.484375 0.460417 0.034375 0.037500
5 0.194531 0.311458 0.039062 0.035417
5 0.925781 0.627083 0.032813 0.045833
5 0.028906 0.489583 0.026562 0.033333
5 0.200000 0.881250 0.025000 0.041667
5 0.254688 0.355208 0.031250 0.027083
5 0.400000 0.370833 0.025000 0.029167
5 0.428906 0.619792 0.023438 0.031250
5 0.728125 0.727083 0.018750 0.033333
5 0.850781 0.627083 0.020313 0.029167
5 0.192969 0.778125 0.017188 0.039583
5 0.442969 0.145833 0.032813 0.020833
5 0.450000 0.803125 0.018750 0.027083
5 0.383594 0.280208 0.017188 0.027083
5 0.625000 0.431250 0.015625 0.029167
5 0.709375 0.522917 0.015625 0.029167
5 0.518750 0.804167 0.018750 0.025000
5 0.213281 0.172917 0.014063 0.020833
