5 0.661719 0.236458 0.079687 0.089583
5 0.165625 0.287500 0.075000 0.125000
5 0.654687 0.529167 0.081250 0.129167
5 0.493750 0.622917 0.078125 0.075000
5 0.167187 0.053125 0.062500 0.077083
5 0.551562 0.888542 0.040625 0.102083
5 0.525000 0.340625 0.065625 0.060417
5 0.350781 0.044792 0.051562 0.089583
5 0.115625 0.523958 0.050000 0.068750
5 0.828906 0.586458 0.048438 0.089583
5 0.175781 0.573958 0.045312 0.072917
5 0.595313 0.277083 0.031250 0.050000
5 0.157812 0.384375 0.034375 0.056250
5 0.648438 0.106250 0.031250 0.050000
5 0.600781 0.760417 0.039062 0.037500
5 0.294531 0.164583 0.026562 0.054167
5 0.467969 0.498958 0.026562 0.056250
5 0.750781 0.554167 0.023438 0.070833
5 0.908594 0.427083 0.023438 0.025000
5 0.600000 0.010417 0.025000 0.020833
5 0.224219 0.136458 0.017188 0.031250
5 0.731250 0.452083 0.012500 0.029167
5 0.082031 0.284375 0.017188 0.018750
