5 0.923438 0.417708 0.131250 0.160417
5 0.790625 0.812500 0.071875 0.083333
5 0.542969 0.200000 0.045312 0.116667
5 0.871875 0.541667 0.043750 0.070833
5 0.678125 0.903125 0.040625 0.052083
5 0.359375 0.519792 0.037500 0.052083
5 0.880469 0.678125 0.032813 0.043750
5 0.483594 0.742708 0.035937 0.039583
5 0.349219 0.431250 0.035937 0.041667
5 0.790625 0.691667 0.028125 0.037500
5 0.407031 0.684375 0.048438 0.031250
5 0.432812 0.306250 0.021875 0.045833
5 0.672656 0.838542 0.029687 0.035417
5 0.291406 0.325000 0.026562 0.025000
5 0.260937 0.215625 0.018750 0.031250
5 0.380469 0.278125 0.017188 0.031250
5 0.454688 0.692708 0.018750 0.027083
5 0.367188 0.646875 0.021875 0.022917
5 0.672656 0.462500 0.020313 0.016667
