5 0.711719 0.406250 0.110937 0.154167
5 0.787500 0.207292 0.059375 0.093750
5 0.511719 0.216667 0.042188 0.104167
5 0.704688 0.269792 0.050000 0.047917
5 0.311719 0.472917 0.054688 0.050000
5 0.864062 0.232292 0.050000 0.043750
5 0.482812 0.323958 0.034375 0.047917
5 0.367188 0.373958 0.043750 0.047917
5 0.564844 0.336458 0.032813 0.027083
5 0.418750 0.304167 0.021875 0.037500
5 0.821875 0.073958 0.025000 0.031250
5 0.178906 0.795833 0.017188 0.045833
5 0.884375 0.709375 0.021875 0.027083
5 0.323437 0.301042 0.021875 0.027083
5 0.364063 0.229167 0.018750 0.029167
5 0.416406 0.417708 0.020313 0.027083
5 0.432031 0.011458 0.017188 0.022917
5 0.634375 0.510417 0.015625 0.025000
5 0.348438 0.038542 0.015625 0.018750
