5 0.530859 0.296354 0.232031 0.403125
5 0.902344 0.741667 0.195312 0.233333
5 0.604297 0.589063 0.205469 0.196875
5 0.535547 0.813021 0.100781 0.082292
5 0.921094 0.298438 0.065625 0.084375
5 0.929297 0.472396 0.083594 0.055208
5 0.967187 0.877083 0.065625 0.052083
5 0.175000 0.947396 0.060937 0.063542
5 0.282813 0.197917 0.048438 0.052083
5 0.022656 0.223438 0.045312 0.046875
5 0.954297 0.598437 0.035156 0.059375
5 0.242188 0.854167 0.039062 0.041667
5 0.896875 0.588542 0.040625 0.041667
5 0.775000 0.552604 0.040625 0.059375
5 0.882422 0.244271 0.028906 0.042708
5 0.820703 0.484896 0.030469 0.032292
