5 0.537500 0.845833 0.025000 0.062500
5 0.463281 0.365625 0.035937 0.043750
5 0.333594 0.623958 0.026562 0.039583
5 0.621094 0.632292 0.039062 0.047917
5 0.484375 0.532292 0.028125 0.022917
5 0.238281 0.389583 0.035937 0.033333
5 0.460156 0.282292 0.020313 0.035417
5 0.761719 0.761458 0.023438 0.018750
5 0.155469 0.219792 0.020313 0.022917
5 0.978125 0.111458 0.018750 0.022917
5 0.572656 0.720833 0.017188 0.025000
5 0.233594 0.797917 0.017188 0.020833
5 0.700781 0.818750 0.017188 0.020833
5 0.158594 0.533333 0.014063 0.020833
