5 0.644531 0.928125 0.064062 0.125000
5 0.862500 0.057292 0.075000 0.085417
5 0.680859 0.768750 0.046094 0.062500
5 0.685156 0.380208 0.043750 0.070833
5 0.751172 0.665104 0.047656 0.059375
5 0.314844 0.197396 0.068750 0.063542
5 0.696875 0.612500 0.034375 0.060417
5 0.796875 0.595313 0.039062 0.055208
5 0.608203 0.172917 0.063281 0.047917
5 0.605078 0.361979 0.038281 0.046875
5 0.445703 0.688542 0.028906 0.047917
5 0.726562 0.268750 0.031250 0.041667
5 0.766406 0.534896 0.018750 0.032292
5 0.930469 0.046875 0.017188 0.020833
