5 0.360938 0.511458 0.037500 0.060417
5 0.189062 0.691667 0.037500 0.045833
5 0.939063 0.244792 0.040625 0.056250
5 0.701562 0.263542 0.031250 0.043750
5 0.114062 0.575000 0.040625 0.041667
5 0.860156 0.347917 0.026562 0.037500
5 0.337500 0.267708 0.021875 0.031250
5 0.546875 0.627083 0.025000 0.029167
5 0.925000 0.307292 0.021875 0.031250
5 0.242188 0.367708 0.021875 0.031250
5 0.539062 0.227083 0.021875 0.029167
5 0.914062 0.152083 0.025000 0.025000
5 0.271875 0.034375 0.018750 0.031250
5 0.234375 0.667708 0.018750 0.031250
5 0.299219 0.140625 0.020313 0.027083
5 0.265625 0.583333 0.018750 0.029167
5 0.010937 0.693750 0.021875 0.020833
5 0.083594 0.105208 0.017188 0.022917
5 0.163281 0.547917 0.017188 0.020833
5 0.820312 0.482292 0.012500 0.027083
5 0.160156 0.356250 0.014063 0.020833
5 0.100781 0.541667 0.014063 0.020833
