5 0.969531 0.829167 0.060937 0.137500
5 0.912500 0.613542 0.075000 0.068750
5 0.846094 0.948958 0.057813 0.068750
5 0.450000 0.685417 0.028125 0.062500
5 0.955469 0.083333 0.032813 0.058333
5 0.925000 0.504167 0.040625 0.041667
5 0.818750 0.776042 0.031250 0.047917
5 0.221875 0.195833 0.056250 0.037500
5 0.519531 0.407292 0.029687 0.047917
5 0.643750 0.863542 0.034375 0.031250
5 0.566406 0.021875 0.026562 0.043750
5 0.389062 0.847917 0.025000 0.037500
5 0.815625 0.260417 0.034375 0.041667
5 0.276562 0.545833 0.015625 0.058333
5 0.761719 0.271875 0.020313 0.031250
5 0.844531 0.661458 0.020313 0.031250
5 0.373437 0.260417 0.028125 0.020833
5 0.747656 0.220833 0.020313 0.029167
5 0.384375 0.069792 0.021875 0.031250
5 0.245312 0.014583 0.025000 0.029167
5 0.675000 0.332292 0.025000 0.022917
5 0.614844 0.380208 0.017188 0.022917
5 0.830469 0.317708 0.017188 0.022917
5 0.621875 0.328125 0.015625 0.022917
5 0.881250 0.395833 0.015625 0.020833
5 0.969531 0.335417 0.014063 0.025000
