5 0.621094 0.540625 0.045312 0.072917
5 0.528125 0.479167 0.031250 0.054167
5 0.835938 0.319792 0.050000 0.035417
5 0.552344 0.386458 0.035937 0.043750
5 0.723437 0.872917 0.031250 0.045833
5 0.235156 0.015625 0.026562 0.031250
5 0.717187 0.414583 0.015625 0.037500
5 0.516406 0.250000 0.020313 0.025000
5 0.355469 0.050000 0.020313 0.025000
5 0.758594 0.714583 0.017188 0.025000
5 0.475000 0.014583 0.015625 0.029167
5 0.427344 0.404167 0.017188 0.020833
5 0.444531 0.452083 0.017188 0.020833
5 0.110156 0.643750 0.014063 0.025000
5 0.910937 0.078125 0.021875 0.014583
5 0.714844 0.593750 0.014063 0.025000
5 0.405469 0.423958 0.017188 0.018750
5 0.527344 0.989583 0.017188 0.020833
