5 0.690625 0.682292 0.096875 0.127083
5 0.684375 0.081250 0.084375 0.095833
5 0.467187 0.292708 0.071875 0.064583
5 0.360938 0.661458 0.053125 0.064583
5 0.492188 0.839583 0.059375 0.066667
5 0.495312 0.540625 0.046875 0.052083
5 0.962500 0.560417 0.075000 0.045833
5 0.292187 0.813542 0.037500 0.064583
5 0.735938 0.151042 0.037500 0.056250
5 0.225781 0.425000 0.035937 0.045833
5 0.225781 0.839583 0.039062 0.041667
5 0.585938 0.502083 0.025000 0.066667
5 0.646094 0.362500 0.026562 0.041667
5 0.074219 0.438542 0.026562 0.035417
5 0.127344 0.689583 0.032813 0.045833
5 0.900781 0.425000 0.023438 0.037500
5 0.370312 0.590625 0.025000 0.035417
5 0.868750 0.686458 0.025000 0.031250
5 0.413281 0.570833 0.020313 0.041667
5 0.512500 0.908333 0.025000 0.029167
5 0.991406 0.817708 0.017188 0.039583
5 0.556250 0.983333 0.021875 0.033333
5 0.653125 0.939583 0.018750 0.033333
5 0.879687 0.739583 0.018750 0.029167
5 0.614844 0.061458 0.017188 0.031250
5 0.683594 0.267708 0.023438 0.027083
5 0.433594 0.714583 0.023438 0.029167
5 0.696875 0.315625 0.018750 0.027083
5 0.807813 0.882292 0.018750 0.027083
5 0.490625 0.781250 0.018750 0.025000
5 0.759375 0.279167 0.015625 0.029167
5 0.567969 0.290625 0.017188 0.022917
5 0.548438 0.140625 0.021875 0.018750
5 0.556250 0.883333 0.018750 0.020833
5 0.831250 0.379167 0.015625 0.020833
5 0.177344 0.181250 0.010937 0.029167
