5 0.785156 0.556250 0.079687 0.133333
5 0.500000 0.425000 0.075000 0.112500
5 0.577344 0.496875 0.035937 0.093750
5 0.267969 0.333333 0.045312 0.087500
5 0.823438 0.902083 0.040625 0.066667
5 0.849219 0.378125 0.026562 0.077083
5 0.621875 0.847917 0.050000 0.050000
5 0.589063 0.650000 0.046875 0.062500
5 0.883594 0.555208 0.039062 0.039583
5 0.138281 0.367708 0.039062 0.039583
5 0.717187 0.433333 0.025000 0.041667
5 0.200000 0.363542 0.021875 0.031250
5 0.310156 0.240625 0.020313 0.035417
5 0.672656 0.533333 0.023438 0.029167
5 0.649219 0.770833 0.032813 0.025000
5 0.836719 0.091667 0.017188 0.037500
5 0.566406 0.693750 0.020313 0.025000
5 0.350781 0.440625 0.017188 0.031250
5 0.699219 0.619792 0.017188 0.027083
