5 0.378906 0.459375 0.045312 0.072917
5 0.471875 0.520833 0.031250 0.054167
5 0.164062 0.680208 0.050000 0.035417
5 0.447656 0.613542 0.035937 0.043750
5 0.276562 0.127083 0.031250 0.045833
5 0.764844 0.984375 0.026562 0.031250
5 0.282813 0.585417 0.015625 0.037500
5 0.483594 0.750000 0.020313 0.025000
5 0.644531 0.950000 0.020313 0.025000
5 0.241406 0.285417 0.017188 0.025000
5 0.525000 0.985417 0.015625 0.029167
5 0.572656 0.595833 0.017188 0.020833
5 0.555469 0.547917 0.017188 0.020833
5 0.889844 0.356250 0.014063 0.025000
5 0.089063 0.921875 0.021875 0.014583
5 0.285156 0.406250 0.014063 0.025000
5 0.594531 0.576042 0.017188 0.018750
5 0.472656 0.010417 0.017188 0.020833
