5 0.832812 0.227083 0.151562 0.127083
5 0.841406 0.867708 0.126562 0.125000
5 0.792969 0.625000 0.100000 0.091667
5 0.395313 0.317188 0.067187 0.138542
5 0.616797 0.719792 0.080469 0.116667
5 0.868359 0.779687 0.103906 0.073958
5 0.913672 0.563021 0.082031 0.098958
5 0.160156 0.886458 0.068750 0.060417
5 0.534766 0.267708 0.049219 0.066667
5 0.974219 0.082292 0.051562 0.068750
5 0.983984 0.321875 0.032031 0.037500
5 0.387500 0.012500 0.050000 0.025000
5 0.560156 0.623437 0.029687 0.028125
5 0.773828 0.778646 0.038281 0.036458
5 0.978906 0.153125 0.020313 0.016667
