5 0.811719 0.088542 0.135937 0.177083
5 0.553906 0.327083 0.067187 0.137500
5 0.588281 0.098958 0.073438 0.077083
5 0.467187 0.553125 0.050000 0.093750
5 0.897656 0.469792 0.057813 0.060417
5 0.832031 0.747917 0.060937 0.054167
5 0.528906 0.619792 0.045312 0.060417
5 0.529687 0.417708 0.037500 0.056250
5 0.621094 0.179167 0.042188 0.062500
5 0.980469 0.654167 0.039062 0.050000
5 0.977344 0.429167 0.032813 0.050000
5 0.697656 0.238542 0.029687 0.052083
5 0.967187 0.720833 0.031250 0.050000
5 0.068750 0.335417 0.021875 0.066667
5 0.559375 0.016667 0.034375 0.033333
5 0.226562 0.480208 0.021875 0.047917
5 0.818750 0.609375 0.025000 0.052083
5 0.846875 0.983333 0.031250 0.033333
5 0.804688 0.715625 0.025000 0.031250
5 0.912500 0.901042 0.025000 0.027083
5 0.177344 0.284375 0.026562 0.039583
5 0.471094 0.300000 0.020313 0.025000
5 0.103906 0.217708 0.017188 0.022917
