5 0.554688 0.307292 0.062500 0.077083
5 0.593750 0.687500 0.040625 0.062500
5 0.656250 0.906250 0.034375 0.050000
5 0.211719 0.638542 0.032813 0.060417
5 0.405469 0.302083 0.039062 0.050000
5 0.499219 0.429167 0.039062 0.058333
5 0.799219 0.294792 0.032813 0.052083
5 0.953125 0.300000 0.040625 0.037500
5 0.373437 0.817708 0.028125 0.052083
5 0.798438 0.866667 0.034375 0.054167
5 0.699219 0.953125 0.023438 0.031250
5 0.790625 0.750000 0.031250 0.025000
5 0.832812 0.889583 0.025000 0.025000
5 0.542969 0.389583 0.020313 0.029167
5 0.737500 0.226042 0.018750 0.031250
5 0.645312 0.561458 0.021875 0.027083
5 0.507031 0.509375 0.017188 0.027083
5 0.509375 0.192708 0.025000 0.018750
5 0.167969 0.175000 0.014063 0.025000
