5 0.232813 0.625000 0.043750 0.054167
5 0.227344 0.450000 0.045312 0.070833
5 0.363281 0.608333 0.029687 0.066667
5 0.353125 0.381250 0.056250 0.075000
5 0.332813 0.337500 0.043750 0.054167
5 0.471094 0.886458 0.035937 0.052083
5 0.284375 0.508333 0.034375 0.058333
5 0.413281 0.767708 0.032813 0.052083
5 0.013281 0.712500 0.026562 0.050000
5 0.089844 0.580208 0.035937 0.035417
5 0.035937 0.329167 0.034375 0.037500
5 0.605469 0.091667 0.023438 0.058333
5 0.588281 0.622917 0.023438 0.045833
5 0.294531 0.277083 0.023438 0.045833
5 0.348438 0.444792 0.028125 0.027083
5 0.551562 0.956250 0.021875 0.033333
5 0.386719 0.464583 0.023438 0.033333
5 0.010937 0.495833 0.021875 0.033333
5 0.057031 0.906250 0.020313 0.029167
5 0.271094 0.309375 0.017188 0.035417
5 0.232031 0.527083 0.017188 0.033333
5 0.406250 0.418750 0.015625 0.029167
5 0.314063 0.448958 0.015625 0.022917
5 0.416406 0.548958 0.014063 0.022917
5 0.589844 0.213542 0.017188 0.018750
5 0.008594 0.841667 0.017188 0.016667
