5 0.317188 0.307292 0.100000 0.081250
5 0.517188 0.759375 0.053125 0.060417
5 0.473438 0.659375 0.043750 0.077083
5 0.358594 0.930208 0.051562 0.039583
5 0.121094 0.067708 0.029687 0.043750
5 0.143750 0.255208 0.025000 0.047917
5 0.471094 0.811458 0.032813 0.039583
5 0.592969 0.939583 0.029687 0.037500
5 0.603125 0.770833 0.028125 0.037500
5 0.444531 0.530208 0.020313 0.043750
5 0.633594 0.958333 0.026562 0.025000
5 0.623437 0.828125 0.021875 0.022917
5 0.479687 0.526042 0.018750 0.027083
5 0.525000 0.569792 0.015625 0.027083
5 0.328906 0.694792 0.017188 0.022917
5 0.007812 0.592708 0.015625 0.018750
