5 0.070312 0.048958 0.100000 0.097917
5 0.482812 0.246875 0.093750 0.093750
5 0.734375 0.105208 0.078125 0.072917
5 0.319531 0.641667 0.057813 0.058333
5 0.635938 0.627083 0.050000 0.066667
5 0.071875 0.143750 0.053125 0.066667
5 0.451562 0.473958 0.040625 0.056250
5 0.711719 0.213542 0.042188 0.043750
5 0.241406 0.092708 0.032813 0.043750
5 0.620313 0.722917 0.034375 0.041667
5 0.784375 0.814583 0.034375 0.066667
5 0.199219 0.097917 0.026562 0.041667
5 0.337500 0.156250 0.021875 0.050000
5 0.797656 0.472917 0.035937 0.045833
5 0.615625 0.958333 0.031250 0.037500
5 0.402344 0.202083 0.023438 0.045833
5 0.812500 0.898958 0.031250 0.060417
5 0.648438 0.813542 0.018750 0.047917
5 0.600781 0.770833 0.032813 0.029167
5 0.317188 0.227083 0.025000 0.033333
5 0.240625 0.389583 0.028125 0.029167
5 0.292969 0.190625 0.020313 0.039583
5 0.550781 0.301042 0.023438 0.031250
5 0.852344 0.469792 0.023438 0.031250
5 0.179688 0.044792 0.021875 0.031250
5 0.860938 0.523958 0.021875 0.031250
5 0.232813 0.142708 0.021875 0.031250
5 0.807031 0.069792 0.020313 0.031250
5 0.048438 0.576042 0.025000 0.022917
5 0.942187 0.426042 0.025000 0.022917
5 0.787500 0.411458 0.021875 0.027083
5 0.652344 0.375000 0.017188 0.029167
5 0.477344 0.420833 0.020313 0.020833
5 0.986719 0.769792 0.026562 0.014583
5 0.744531 0.328125 0.017188 0.022917
5 0.914062 0.507292 0.015625 0.018750
5 0.896094 0.925000 0.014063 0.020833
