5 0.714063 0.617708 0.279687 0.537500
5 0.250391 0.813542 0.239844 0.183333
5 0.444141 0.064583 0.108594 0.129167
5 0.244141 0.942708 0.100781 0.114583
5 0.730469 0.119792 0.123438 0.239583
5 0.369531 0.542708 0.073438 0.106250
5 0.471484 0.657292 0.072656 0.104167
5 0.890234 0.238021 0.078906 0.101042
5 0.072656 0.855208 0.082812 0.112500
5 0.496875 0.468750 0.075000 0.077083
5 0.494141 0.201563 0.085156 0.088542
5 0.946484 0.530208 0.057031 0.087500
5 0.876172 0.438021 0.063281 0.065625
5 0.707422 0.700521 0.072656 0.067708
5 0.170313 0.161458 0.050000 0.075000
5 0.858984 0.727604 0.049219 0.053125
5 0.695312 0.909896 0.065625 0.046875
5 0.347656 0.067708 0.037500 0.060417
5 0.612500 0.966667 0.051562 0.052083
5 0.453516 0.985938 0.057031 0.028125
5 0.415234 0.216146 0.044531 0.040625
