5 0.837500 0.268750 0.112500 0.166667
5 0.538281 0.544792 0.123438 0.139583
5 0.225000 0.317708 0.103125 0.106250
5 0.329688 0.773958 0.065625 0.060417
5 0.437500 0.405208 0.065625 0.039583
5 0.839844 0.952083 0.060937 0.050000
5 0.939844 0.738542 0.035937 0.047917
5 0.960156 0.115625 0.048438 0.052083
5 0.101562 0.940625 0.031250 0.039583
5 0.510938 0.810417 0.025000 0.041667
5 0.901563 0.090625 0.025000 0.039583
5 0.450000 0.516667 0.021875 0.041667
5 0.464062 0.957292 0.025000 0.056250
5 0.771094 0.829167 0.020313 0.037500
5 0.989062 0.388542 0.021875 0.035417
5 0.231250 0.475000 0.018750 0.033333
5 0.392969 0.606250 0.023438 0.020833
5 0.539844 0.708333 0.023438 0.025000
5 0.557031 0.754167 0.017188 0.025000
5 0.113281 0.294792 0.017188 0.022917
5 0.615625 0.707292 0.015625 0.027083
5 0.384375 0.992708 0.028125 0.014583
5 0.898438 0.710417 0.012500 0.029167
5 0.802344 0.637500 0.017188 0.020833
5 0.383594 0.442708 0.014063 0.027083
5 0.392969 0.020833 0.017188 0.020833
5 0.178906 0.150000 0.017188 0.020833
5 0.696875 0.795833 0.015625 0.020833
5 0.693750 0.429167 0.012500 0.025000
5 0.993750 0.331250 0.012500 0.025000
5 0.593750 0.323958 0.015625 0.018750
