5 0.475781 0.181250 0.242188 0.170833
5 0.825781 0.376042 0.114062 0.152083
5 0.406250 0.788542 0.106250 0.122917
5 0.667969 0.223958 0.114062 0.093750
5 0.607812 0.104167 0.068750 0.129167
5 0.744531 0.934375 0.079687 0.072917
5 0.813281 0.661458 0.073438 0.064583
5 0.611719 0.340625 0.054688 0.060417
5 0.391406 0.547917 0.048438 0.054167
5 0.403125 0.667708 0.031250 0.068750
5 0.464062 0.263542 0.034375 0.060417
5 0.448437 0.481250 0.040625 0.054167
5 0.742969 0.808333 0.029687 0.058333
5 0.325781 0.422917 0.026562 0.020833
