5 0.248438 0.614583 0.146875 0.193750
5 0.845703 0.495312 0.191406 0.178125
5 0.674609 0.204687 0.117969 0.146875
5 0.192969 0.402604 0.101562 0.096875
5 0.230469 0.033854 0.137500 0.067708
5 0.526953 0.154688 0.092969 0.103125
5 0.313672 0.342187 0.086719 0.107292
5 0.028125 0.496875 0.056250 0.116667
5 0.523828 0.293750 0.067969 0.054167
5 0.654687 0.563021 0.062500 0.076042
5 0.904297 0.329688 0.042969 0.055208
5 0.445312 0.319792 0.054688 0.058333
5 0.836719 0.344271 0.043750 0.044792
5 0.387500 0.099479 0.045312 0.044792
5 0.173437 0.533854 0.039062 0.080208
5 0.979297 0.750521 0.041406 0.065625
5 0.737500 0.634375 0.051562 0.045833
5 0.121094 0.804688 0.040625 0.040625
5 0.608984 0.029167 0.028906 0.037500
5 0.778125 0.900000 0.042188 0.035417
