5 0.512500 0.688542 0.084375 0.093750
5 0.229687 0.650000 0.056250 0.125000
5 0.755469 0.703125 0.042188 0.089583
5 0.427344 0.643750 0.039062 0.087500
5 0.107813 0.334375 0.040625 0.068750
5 0.193750 0.656250 0.053125 0.070833
5 0.314063 0.319792 0.053125 0.039583
5 0.183594 0.848958 0.020313 0.072917
5 0.114844 0.689583 0.035937 0.045833
5 0.873437 0.625000 0.040625 0.029167
5 0.014063 0.940625 0.028125 0.031250
5 0.372656 0.489583 0.029687 0.029167
5 0.300781 0.754167 0.020313 0.045833
5 0.303125 0.406250 0.034375 0.020833
5 0.324219 0.641667 0.020313 0.033333
5 0.729688 0.805208 0.021875 0.031250
5 0.814844 0.650000 0.020313 0.029167
5 0.397656 0.453125 0.020313 0.027083
5 0.282813 0.566667 0.018750 0.029167
5 0.400781 0.514583 0.020313 0.025000
5 0.653906 0.626042 0.017188 0.027083
5 0.254688 0.304167 0.015625 0.020833
