5 0.288281 0.593750 0.110937 0.154167
5 0.212500 0.792708 0.059375 0.093750
5 0.488281 0.783333 0.042188 0.104167
5 0.295312 0.730208 0.050000 0.047917
5 0.688281 0.527083 0.054688 0.050000
5 0.135937 0.767708 0.050000 0.043750
5 0.517188 0.676042 0.034375 0.047917
5 0.632812 0.626042 0.043750 0.047917
5 0.435156 0.663542 0.032813 0.027083
5 0.581250 0.695833 0.021875 0.037500
5 0.178125 0.926042 0.025000 0.031250
5 0.821094 0.204167 0.017188 0.045833
5 0.115625 0.290625 0.021875 0.027083
5 0.676562 0.698958 0.021875 0.027083
5 0.635938 0.770833 0.018750 0.029167
5 0.583594 0.582292 0.020313 0.027083
5 0.567969 0.988542 0.017188 0.022917
5 0.365625 0.489583 0.015625 0.025000
5 0.651563 0.961458 0.015625 0.018750
