5 0.730469 0.314063 0.131250 0.140625
5 0.557031 0.311458 0.085938 0.102083
5 0.563281 0.597917 0.076563 0.079167
5 0.476172 0.784375 0.057031 0.145833
5 0.967578 0.729688 0.064844 0.082292
5 0.812891 0.107813 0.096094 0.053125
5 0.269922 0.782292 0.044531 0.072917
5 0.608594 0.417187 0.050000 0.055208
5 0.648047 0.567708 0.039844 0.062500
5 0.105469 0.296875 0.065625 0.075000
5 0.200781 0.904167 0.042188 0.052083
5 0.818359 0.979688 0.044531 0.040625
5 0.011719 0.748958 0.023438 0.056250
5 0.148438 0.278125 0.028125 0.041667
5 0.817187 0.322917 0.025000 0.043750
5 0.539453 0.103125 0.030469 0.029167
5 0.363281 0.391667 0.025000 0.031250
5 0.084375 0.988542 0.032813 0.022917
5 0.632031 0.078646 0.025000 0.030208
5 0.242188 0.462500 0.034375 0.020833
5 0.769531 0.672396 0.021875 0.032292
5 0.419922 0.733333 0.019531 0.020833
5 0.615625 0.284896 0.032813 0.015625
5 0.279687 0.904167 0.020313 0.018750
5 0.725391 0.358854 0.017969 0.017708
