5 0.076563 0.582292 0.131250 0.160417
5 0.209375 0.187500 0.071875 0.083333
5 0.457031 0.800000 0.045312 0.116667
5 0.128125 0.458333 0.043750 0.070833
5 0.321875 0.096875 0.040625 0.052083
5 0.640625 0.480208 0.037500 0.052083
5 0.119531 0.321875 0.032813 0.043750
5 0.516406 0.257292 0.035937 0.039583
5 0.650781 0.568750 0.035937 0.041667
5 0.209375 0.308333 0.028125 0.037500
5 0.592969 0.315625 0.048438 0.031250
5 0.567187 0.693750 0.021875 0.045833
5 0.327344 0.161458 0.029687 0.035417
5 0.708594 0.675000 0.026562 0.025000
5 0.739062 0.784375 0.018750 0.031250
5 0.619531 0.721875 0.017188 0.031250
5 0.545312 0.307292 0.018750 0.027083
5 0.632812 0.353125 0.021875 0.022917
5 0.327344 0.537500 0.020313 0.016667
