5 0.393750 0.245833 0.071875 0.087500
5 0.658594 0.584375 0.057813 0.064583
5 0.914062 0.720833 0.037500 0.075000
5 0.530469 0.326042 0.048438 0.039583
5 0.911719 0.068750 0.039062 0.033333
5 0.523438 0.829167 0.040625 0.037500
5 0.685156 0.362500 0.026562 0.037500
5 0.054688 0.609375 0.028125 0.039583
5 0.068750 0.403125 0.028125 0.043750
5 0.642188 0.695833 0.021875 0.041667
5 0.052344 0.052083 0.026562 0.037500
5 0.576562 0.682292 0.025000 0.027083
5 0.664844 0.748958 0.023438 0.027083
5 0.208594 0.570833 0.017188 0.033333
5 0.219531 0.155208 0.023438 0.022917
5 0.221094 0.976042 0.020313 0.031250
5 0.533594 0.414583 0.017188 0.029167
5 0.072656 0.100000 0.020313 0.025000
5 0.090625 0.035417 0.021875 0.020833
5 0.189844 0.135417 0.020313 0.020833
5 0.650000 0.367708 0.021875 0.018750
5 0.176563 0.269792 0.018750 0.018750
5 0.362500 0.991667 0.018750 0.016667
