5 0.378125 0.367708 0.171875 0.235417
5 0.867969 0.388542 0.264062 0.193750
5 0.677344 0.227083 0.126562 0.241667
5 0.698438 0.773958 0.165625 0.106250
5 0.527344 0.812500 0.148438 0.095833
5 0.677344 0.912500 0.089063 0.141667
5 0.505469 0.469792 0.079687 0.122917
5 0.953906 0.922917 0.092188 0.116667
5 0.428906 0.589583 0.070312 0.087500
5 0.900000 0.661458 0.128125 0.102083
5 0.810156 0.889583 0.076563 0.083333
5 0.486719 0.236458 0.057813 0.081250
5 0.509375 0.921875 0.046875 0.127083
5 0.567187 0.556250 0.053125 0.095833
5 0.754687 0.653125 0.065625 0.068750
5 0.604688 0.660417 0.037500 0.070833
5 0.943750 0.783333 0.050000 0.066667
5 0.808594 0.234375 0.051562 0.047917
5 0.979688 0.534375 0.040625 0.077083
5 0.383594 0.705208 0.029687 0.060417
5 0.125781 0.719792 0.026562 0.081250
5 0.800000 0.555208 0.028125 0.047917
5 0.501563 0.060417 0.031250 0.045833
5 0.133594 0.828125 0.039062 0.035417
5 0.242969 0.654167 0.026562 0.045833
5 0.989844 0.741667 0.020313 0.062500
5 0.039062 0.644792 0.025000 0.043750
5 0.560156 0.359375 0.020313 0.060417
5 0.567969 0.933333 0.020313 0.066667
5 0.248438 0.857292 0.025000 0.068750
5 0.866406 0.200000 0.032813 0.037500
5 0.617969 0.984375 0.026562 0.031250
5 0.249219 0.736458 0.029687 0.027083
5 0.514844 0.612500 0.026562 0.025000
5 0.071875 0.203125 0.021875 0.031250
5 0.394531 0.947917 0.023438 0.029167
