5 0.259375 0.354167 0.056250 0.104167
5 0.058594 0.708333 0.032813 0.054167
5 0.804688 0.872917 0.025000 0.054167
5 0.176563 0.022917 0.028125 0.045833
5 0.214062 0.025000 0.021875 0.050000
5 0.588281 0.276042 0.029687 0.047917
5 0.752344 0.304167 0.026562 0.037500
5 0.664844 0.034375 0.017188 0.039583
5 0.705469 0.873958 0.020313 0.027083
5 0.610938 0.062500 0.018750 0.029167
5 0.033594 0.080208 0.017188 0.031250
5 0.311719 0.308333 0.020313 0.025000
5 0.740625 0.733333 0.018750 0.025000
5 0.649219 0.262500 0.026562 0.016667
5 0.597656 0.812500 0.017188 0.020833
5 0.693750 0.371875 0.015625 0.022917
5 0.478906 0.392708 0.014063 0.022917
5 0.386719 0.123958 0.014063 0.022917
5 0.696094 0.190625 0.014063 0.022917
