5 0.242969 0.330208 0.057813 0.127083
5 0.390625 0.592708 0.068750 0.072917
5 0.136719 0.100000 0.057813 0.062500
5 0.021094 0.557292 0.042188 0.056250
5 0.495312 0.701042 0.028125 0.056250
5 0.418750 0.711458 0.028125 0.052083
5 0.257812 0.195833 0.031250 0.045833
5 0.366406 0.770833 0.035937 0.033333
5 0.188281 0.220833 0.023438 0.041667
5 0.135156 0.691667 0.023438 0.041667
5 0.203906 0.497917 0.020313 0.033333
5 0.152344 0.618750 0.023438 0.033333
5 0.108594 0.339583 0.020313 0.029167
5 0.281250 0.051042 0.015625 0.027083
5 0.524219 0.825000 0.017188 0.025000
5 0.005469 0.230208 0.010937 0.039583
5 0.538281 0.703125 0.017188 0.022917
