5 0.155469 0.288542 0.054688 0.072917
5 0.017969 0.876042 0.035937 0.081250
5 0.788281 0.821875 0.039062 0.085417
5 0.308594 0.702083 0.039062 0.062500
5 0.526563 0.635417 0.031250 0.054167
5 0.282031 0.358333 0.026562 0.050000
5 0.471094 0.457292 0.045312 0.039583
5 0.591406 0.558333 0.045312 0.037500
5 0.242969 0.037500 0.023438 0.054167
5 0.535937 0.335417 0.034375 0.037500
5 0.224219 0.851042 0.042188 0.031250
5 0.204687 0.928125 0.028125 0.035417
5 0.124219 0.114583 0.023438 0.033333
5 0.055469 0.954167 0.026562 0.033333
5 0.921875 0.801042 0.025000 0.047917
5 0.714844 0.775000 0.023438 0.033333
5 0.823438 0.457292 0.018750 0.035417
5 0.181250 0.337500 0.018750 0.033333
5 0.412500 0.544792 0.018750 0.031250
5 0.643750 0.936458 0.015625 0.035417
5 0.532813 0.540625 0.018750 0.031250
5 0.148438 0.740625 0.021875 0.022917
5 0.857031 0.564583 0.014063 0.020833
