5 0.626563 0.345833 0.106250 0.200000
5 0.070312 0.140625 0.140625 0.135417
5 0.725781 0.637500 0.076563 0.116667
5 0.159375 0.933333 0.059375 0.133333
5 0.685937 0.078125 0.050000 0.156250
5 0.074219 0.455208 0.057813 0.110417
5 0.530469 0.189583 0.054688 0.079167
5 0.912500 0.914583 0.090625 0.150000
5 0.685156 0.494792 0.035937 0.114583
5 0.075781 0.857292 0.054688 0.106250
5 0.153906 0.520833 0.060937 0.083333
5 0.018750 0.780208 0.037500 0.093750
5 0.650000 0.587500 0.053125 0.066667
5 0.460938 0.303125 0.050000 0.060417
5 0.191406 0.338542 0.054688 0.056250
5 0.285938 0.114583 0.046875 0.062500
5 0.284375 0.884375 0.031250 0.060417
5 0.032031 0.303125 0.032813 0.052083
5 0.829688 0.826042 0.034375 0.052083
5 0.885156 0.969792 0.026562 0.060417
5 0.125000 0.388542 0.037500 0.039583
5 0.853125 0.723958 0.031250 0.085417
5 0.013281 0.881250 0.026562 0.050000
5 0.236719 0.716667 0.032813 0.041667
5 0.532813 0.071875 0.031250 0.043750
5 0.721875 0.276042 0.034375 0.072917
5 0.213281 0.262500 0.023438 0.045833
5 0.260937 0.773958 0.050000 0.031250
5 0.746094 0.535417 0.032813 0.033333
5 0.010156 0.408333 0.020313 0.050000
5 0.780469 0.111458 0.020313 0.052083
5 0.729688 0.445833 0.028125 0.037500
5 0.761719 0.031250 0.032813 0.025000
5 0.007812 0.975000 0.015625 0.050000
5 0.332031 0.689583 0.026562 0.029167
5 0.744531 0.128125 0.020313 0.035417
5 0.801562 0.043750 0.021875 0.029167
5 0.699219 0.234375 0.023438 0.027083
5 0.496094 0.035417 0.020313 0.029167
5 0.382031 0.907292 0.026562 0.022917
5 0.782031 0.741667 0.020313 0.025000
5 0.005469 0.677083 0.010937 0.041667
5 0.771875 0.615625 0.018750 0.022917
5 0.504687 0.437500 0.015625 0.025000
5 0.006250 0.016667 0.012500 0.033333
5 0.714063 0.356250 0.015625 0.025000
5 0.752344 0.202083 0.017188 0.020833
5 0.881250 0.782292 0.015625 0.018750
