5 0.708594 0.426042 0.039062 0.056250
5 0.440625 0.563542 0.031250 0.060417
5 0.821094 0.571875 0.026562 0.052083
5 0.788281 0.521875 0.032813 0.039583
5 0.489063 0.060417 0.034375 0.033333
5 0.763281 0.241667 0.029687 0.037500
5 0.730469 0.208333 0.017188 0.041667
5 0.326562 0.370833 0.021875 0.037500
5 0.813281 0.145833 0.023438 0.025000
5 0.296094 0.556250 0.020313 0.029167
5 0.614062 0.864583 0.015625 0.029167
5 0.246094 0.298958 0.017188 0.022917
5 0.674219 0.340625 0.017188 0.022917
5 0.532031 0.107292 0.017188 0.022917
5 0.921875 0.334375 0.015625 0.027083
5 0.482812 0.619792 0.015625 0.022917
5 0.459375 0.294792 0.015625 0.022917
5 0.246094 0.609375 0.014063 0.022917
5 0.746094 0.496875 0.014063 0.022917
5 0.588281 0.256250 0.020313 0.016667
