5 0.930469 0.404167 0.067187 0.062500
5 0.686719 0.681250 0.045312 0.050000
5 0.270313 0.306250 0.053125 0.066667
5 0.644531 0.602083 0.039062 0.045833
5 0.435937 0.225000 0.034375 0.054167
5 0.310156 0.580208 0.051562 0.031250
5 0.379688 0.650000 0.037500 0.037500
5 0.782031 0.405208 0.035937 0.039583
5 0.965625 0.783333 0.028125 0.045833
5 0.639844 0.351042 0.023438 0.039583
5 0.354687 0.594792 0.025000 0.027083
5 0.486719 0.757292 0.023438 0.043750
5 0.274219 0.532292 0.023438 0.027083
5 0.503906 0.579167 0.023438 0.025000
5 0.289844 0.041667 0.023438 0.025000
5 0.365625 0.382292 0.021875 0.027083
5 0.233594 0.196875 0.026562 0.027083
5 0.216406 0.084375 0.017188 0.027083
5 0.262500 0.417708 0.018750 0.022917
5 0.525781 0.677083 0.020313 0.020833
5 0.178125 0.385417 0.018750 0.020833
5 0.610156 0.437500 0.017188 0.020833
5 0.621094 0.821875 0.014063 0.022917
