5 0.572266 0.239063 0.447656 0.363542
5 0.877344 0.473438 0.132812 0.180208
5 0.363281 0.783333 0.123438 0.177083
5 0.122266 0.199479 0.080469 0.123958
5 0.564844 0.696875 0.090625 0.143750
5 0.509766 0.617188 0.078906 0.098958
5 0.412891 0.586458 0.075781 0.087500
5 0.981250 0.925521 0.037500 0.098958
5 0.293359 0.665625 0.082031 0.062500
5 0.930469 0.658333 0.070312 0.054167
5 0.118750 0.476562 0.065625 0.044792
5 0.760547 0.725000 0.058594 0.050000
5 0.450781 0.169792 0.043750 0.064583
5 0.084375 0.521875 0.051562 0.060417
