5 0.768750 0.633333 0.137500 0.162500
5 0.869531 0.905208 0.085938 0.189583
5 0.496094 0.379167 0.082812 0.141667
5 0.374219 0.346875 0.110937 0.072917
5 0.776563 0.913542 0.075000 0.093750
5 0.685156 0.621875 0.070312 0.081250
5 0.584375 0.378125 0.059375 0.102083
5 0.185938 0.391667 0.059375 0.058333
5 0.345313 0.543750 0.050000 0.062500
5 0.593750 0.701042 0.046875 0.068750
5 0.743750 0.978125 0.081250 0.043750
5 0.414844 0.914583 0.026562 0.070833
5 0.839844 0.726042 0.035937 0.047917
5 0.774219 0.748958 0.029687 0.052083
5 0.567187 0.507292 0.031250 0.039583
5 0.461719 0.318750 0.032813 0.045833
5 0.637500 0.550000 0.028125 0.037500
5 0.188281 0.255208 0.035937 0.022917
5 0.060937 0.298958 0.021875 0.043750
5 0.147656 0.290625 0.026562 0.031250
5 0.673438 0.386458 0.034375 0.031250
5 0.628906 0.376042 0.026562 0.031250
5 0.701562 0.492708 0.025000 0.031250
5 0.086719 0.175000 0.039062 0.029167
5 0.857031 0.815625 0.023438 0.031250
5 0.245312 0.258333 0.025000 0.029167
5 0.803125 0.652083 0.018750 0.029167
5 0.916406 0.990625 0.035937 0.018750
5 0.880469 0.755208 0.017188 0.027083
5 0.295312 0.276042 0.018750 0.027083
5 0.701562 0.439583 0.015625 0.025000
5 0.006250 0.421875 0.012500 0.031250
5 0.738281 0.494792 0.014063 0.022917
5 0.838281 0.597917 0.014063 0.020833
