5 0.745313 0.767708 0.031250 0.064583
5 0.626563 0.579167 0.028125 0.066667
5 0.057031 0.747917 0.045312 0.050000
5 0.553125 0.096875 0.031250 0.043750
5 0.422656 0.359375 0.029687 0.039583
5 0.709375 0.365625 0.040625 0.047917
5 0.664844 0.447917 0.026562 0.041667
5 0.503125 0.717708 0.018750 0.043750
5 0.571875 0.266667 0.025000 0.020833
5 0.244531 0.711458 0.020313 0.031250
5 0.850781 0.493750 0.023438 0.020833
5 0.162500 0.522917 0.021875 0.029167
5 0.623437 0.650000 0.018750 0.025000
5 0.390625 0.742708 0.018750 0.022917
5 0.789844 0.553125 0.020313 0.022917
5 0.550000 0.010417 0.021875 0.020833
5 0.335156 0.123958 0.017188 0.031250
5 0.322656 0.533333 0.017188 0.025000
5 0.246875 0.267708 0.015625 0.022917
