5 0.416016 0.076563 0.171094 0.153125
5 0.480859 0.650521 0.110156 0.094792
5 0.894531 0.261458 0.104688 0.168750
5 0.690625 0.285938 0.070312 0.130208
5 0.611328 0.522396 0.116406 0.073958
5 0.530859 0.748437 0.050781 0.117708
5 0.305078 0.476042 0.069531 0.070833
5 0.273438 0.211979 0.098437 0.063542
5 0.067187 0.369271 0.054688 0.071875
5 0.614453 0.050521 0.064844 0.055208
5 0.810156 0.251563 0.046875 0.086458
5 0.069922 0.108854 0.061719 0.065625
5 0.852344 0.969792 0.057813 0.060417
5 0.082031 0.441667 0.060937 0.050000
5 0.224219 0.908333 0.034375 0.077083
5 0.979297 0.030729 0.041406 0.061458
5 0.563281 0.183333 0.051562 0.056250
5 0.948047 0.709375 0.049219 0.039583
5 0.212500 0.792188 0.040625 0.053125
5 0.896094 0.747396 0.043750 0.036458
5 0.304297 0.617708 0.032031 0.039583
5 0.010937 0.350000 0.021875 0.056250
5 0.571484 0.441667 0.035156 0.035417
5 0.911328 0.795833 0.038281 0.043750
5 0.214453 0.979688 0.030469 0.040625
5 0.041797 0.310417 0.030469 0.033333
5 0.924609 0.493750 0.030469 0.033333
5 0.389062 0.038542 0.032813 0.029167
5 0.936328 0.145313 0.019531 0.040625
5 0.369141 0.097917 0.019531 0.035417
5 0.120313 0.619271 0.031250 0.019792
5 0.838281 0.409896 0.025000 0.026042
5 0.435937 0.431250 0.018750 0.031250
5 0.006641 0.252083 0.013281 0.039583
5 0.163672 0.911458 0.024219 0.022917
5 0.323047 0.979167 0.021094 0.025000
