5 0.667578 0.832292 0.072656 0.075000
5 0.832031 0.130729 0.060937 0.063542
5 0.641406 0.910417 0.050000 0.066667
5 0.762109 0.569271 0.038281 0.080208
5 0.621094 0.712500 0.065625 0.064583
5 0.605469 0.110937 0.057813 0.051042
5 0.591797 0.038542 0.039844 0.062500
5 0.978516 0.313542 0.042969 0.056250
5 0.208984 0.669792 0.067969 0.060417
5 0.754297 0.651563 0.032031 0.067708
5 0.517188 0.025000 0.040625 0.050000
5 0.747656 0.453646 0.043750 0.053125
5 0.504687 0.830729 0.034375 0.046875
5 0.514453 0.224479 0.039844 0.038542
5 0.832812 0.273438 0.031250 0.038542
5 0.880078 0.785417 0.032031 0.035417
5 0.853516 0.643750 0.039844 0.045833
5 0.650000 0.284896 0.031250 0.021875
5 0.701562 0.575521 0.026562 0.028125
5 0.752734 0.934896 0.017969 0.040625
5 0.650391 0.962500 0.025781 0.020833
5 0.958203 0.080208 0.016406 0.027083
5 0.577734 0.964063 0.014844 0.026042
5 0.751172 0.711458 0.016406 0.020833
5 0.712500 0.994271 0.029687 0.011458
