5 0.250391 0.703646 0.322656 0.317708
5 0.299219 0.403125 0.196875 0.185417
5 0.835156 0.114583 0.160938 0.229167
5 0.351953 0.206771 0.102344 0.153125
5 0.696875 0.905729 0.179688 0.148958
5 0.779687 0.646875 0.068750 0.095833
5 0.173828 0.343229 0.055469 0.107292
5 0.491016 0.959375 0.080469 0.081250
5 0.906250 0.568229 0.064062 0.067708
5 0.578125 0.961458 0.050000 0.077083
5 0.898047 0.300000 0.080469 0.085417
5 0.570703 0.276562 0.049219 0.078125
5 0.873437 0.751042 0.039062 0.085417
5 0.747266 0.175521 0.038281 0.059375
5 0.099219 0.806771 0.039062 0.057292
5 0.817578 0.320833 0.042969 0.039583
5 0.755859 0.958333 0.042969 0.039583
5 0.946875 0.172396 0.034375 0.048958
5 0.222656 0.311979 0.059375 0.034375
5 0.389453 0.848437 0.038281 0.044792
5 0.581250 0.749479 0.028125 0.046875
