5 0.060156 0.136979 0.120313 0.130208
5 0.319531 0.441667 0.092188 0.164583
5 0.297266 0.200000 0.117969 0.137500
5 0.381641 0.801042 0.092969 0.122917
5 0.223438 0.899479 0.104688 0.092708
5 0.050781 0.488021 0.101562 0.080208
5 0.704297 0.224479 0.074219 0.067708
5 0.071875 0.911979 0.062500 0.096875
5 0.501953 0.268229 0.058594 0.082292
5 0.160938 0.059375 0.042188 0.054167
5 0.210547 0.720313 0.049219 0.042708
5 0.574609 0.300521 0.052344 0.046875
5 0.237109 0.456250 0.039844 0.041667
5 0.401172 0.230729 0.036719 0.059375
5 0.601562 0.242708 0.043750 0.041667
5 0.280078 0.323437 0.033594 0.044792
5 0.200000 0.203646 0.037500 0.044792
5 0.504297 0.806250 0.035156 0.041667
5 0.163281 0.161458 0.032813 0.043750
5 0.467578 0.550000 0.033594 0.043750
5 0.261328 0.558854 0.038281 0.032292
5 0.232031 0.108333 0.032813 0.037500
5 0.380859 0.585938 0.035156 0.032292
5 0.446875 0.047396 0.025000 0.038542
5 0.279297 0.988542 0.032031 0.022917
5 0.096094 0.007812 0.042188 0.015625
5 0.718359 0.146875 0.025781 0.025000
