5 0.421875 0.560417 0.059375 0.079167
5 0.562500 0.743750 0.059375 0.116667
5 0.673438 0.123958 0.059375 0.068750
5 0.111719 0.120833 0.060937 0.045833
5 0.587500 0.815625 0.059375 0.043750
5 0.018750 0.039583 0.037500 0.041667
5 0.368750 0.398958 0.034375 0.056250
5 0.241406 0.453125 0.035937 0.039583
5 0.211719 0.495833 0.029687 0.037500
5 0.458594 0.255208 0.026562 0.039583
5 0.694531 0.687500 0.035937 0.033333
5 0.464062 0.748958 0.028125 0.039583
5 0.170313 0.142708 0.031250 0.035417
5 0.148438 0.205208 0.028125 0.035417
5 0.350781 0.687500 0.035937 0.025000
5 0.211719 0.101042 0.023438 0.047917
5 0.271094 0.069792 0.023438 0.031250
5 0.746094 0.810417 0.023438 0.029167
5 0.177344 0.280208 0.035937 0.035417
5 0.781250 0.878125 0.025000 0.031250
5 0.828906 0.936458 0.017188 0.035417
5 0.621094 0.604167 0.023438 0.025000
5 0.813281 0.850000 0.017188 0.025000
5 0.513281 0.835417 0.017188 0.020833
5 0.370312 0.738542 0.018750 0.018750
5 0.429688 0.814583 0.015625 0.020833
5 0.578906 0.192708 0.014063 0.022917
