5 0.942187 0.907292 0.046875 0.156250
5 0.896875 0.525000 0.065625 0.054167
5 0.606250 0.698958 0.056250 0.064583
5 0.279687 0.802083 0.046875 0.087500
5 0.528125 0.228125 0.043750 0.047917
5 0.800000 0.714583 0.037500 0.045833
5 0.772656 0.566667 0.039062 0.054167
5 0.220312 0.606250 0.031250 0.045833
5 0.914062 0.676042 0.034375 0.035417
5 0.643750 0.172917 0.028125 0.041667
5 0.346094 0.532292 0.035937 0.035417
5 0.452344 0.530208 0.039062 0.031250
5 0.846094 0.381250 0.029687 0.033333
5 0.192188 0.195833 0.025000 0.041667
5 0.572656 0.033333 0.029687 0.033333
5 0.871875 0.436458 0.028125 0.031250
5 0.781250 0.142708 0.025000 0.027083
5 0.661719 0.255208 0.026562 0.022917
5 0.425000 0.207292 0.021875 0.027083
5 0.707031 0.068750 0.020313 0.029167
5 0.011719 0.296875 0.023438 0.018750
5 0.440625 0.353125 0.015625 0.027083
5 0.405469 0.563542 0.017188 0.022917
