5 0.638672 0.550521 0.142969 0.244792
5 0.239453 0.125521 0.092969 0.209375
5 0.491797 0.855729 0.060156 0.117708
5 0.505469 0.042188 0.129688 0.084375
5 0.608594 0.047396 0.079687 0.076042
5 0.399609 0.677083 0.067969 0.064583
5 0.561328 0.180729 0.085156 0.059375
5 0.083203 0.882292 0.039844 0.077083
5 0.175781 0.954167 0.045312 0.054167
5 0.714063 0.910937 0.048438 0.044792
5 0.319531 0.920833 0.059375 0.062500
5 0.629297 0.834375 0.042969 0.047917
5 0.090625 0.665104 0.028125 0.065625
5 0.433594 0.401562 0.046875 0.032292
5 0.489453 0.329167 0.035156 0.037500
5 0.316406 0.013021 0.045312 0.026042
5 0.621484 0.265625 0.039844 0.027083
5 0.176953 0.011458 0.044531 0.022917
5 0.423438 0.570833 0.029687 0.033333
5 0.442969 0.308333 0.029687 0.031250
5 0.374219 0.349479 0.023438 0.034375
5 0.012500 0.143750 0.025000 0.029167
5 0.282422 0.927604 0.022656 0.028125
5 0.625781 0.771875 0.029687 0.020833
