5 0.187500 0.907292 0.068750 0.106250
5 0.345313 0.804167 0.037500 0.058333
5 0.019531 0.705208 0.039062 0.039583
5 0.068750 0.655208 0.031250 0.056250
5 0.771875 0.719792 0.028125 0.039583
5 0.314063 0.373958 0.028125 0.039583
5 0.236719 0.558333 0.026562 0.037500
5 0.292187 0.953125 0.037500 0.043750
5 0.121094 0.626042 0.020313 0.035417
5 0.253125 0.472917 0.021875 0.029167
5 0.122656 0.403125 0.017188 0.035417
5 0.067969 0.760417 0.017188 0.025000
5 0.248438 0.905208 0.018750 0.022917
5 0.432031 0.292708 0.017188 0.022917
5 0.164062 0.351042 0.021875 0.014583
