5 0.669531 0.128646 0.265625 0.257292
5 0.242969 0.134896 0.246875 0.269792
5 0.087500 0.786458 0.175000 0.266667
5 0.293359 0.572917 0.200781 0.147917
5 0.532422 0.519792 0.125781 0.158333
5 0.612891 0.730729 0.099219 0.134375
5 0.378125 0.829167 0.109375 0.093750
5 0.314063 0.959375 0.071875 0.081250
5 0.765234 0.341667 0.082031 0.066667
5 0.437109 0.706771 0.067969 0.076042
5 0.719531 0.810937 0.043750 0.092708
5 0.066797 0.401562 0.058594 0.055208
5 0.899219 0.543229 0.053125 0.071875
5 0.846484 0.948958 0.063281 0.087500
5 0.816016 0.723437 0.049219 0.059375
5 0.177734 0.627083 0.042969 0.068750
5 0.642578 0.980208 0.052344 0.039583
5 0.509375 0.043229 0.060937 0.063542
5 0.023438 0.363021 0.046875 0.048958
5 0.219922 0.440625 0.033594 0.052083
5 0.558984 0.010937 0.075781 0.021875
5 0.478516 0.805729 0.030469 0.053125
5 0.365234 0.928125 0.038281 0.035417
5 0.319141 0.272917 0.032031 0.050000
5 0.391406 0.327083 0.031250 0.047917
5 0.735547 0.698438 0.036719 0.048958
