5 0.228906 0.557292 0.026562 0.064583
5 0.725000 0.130208 0.025000 0.047917
5 0.319531 0.770833 0.020313 0.037500
5 0.373437 0.594792 0.021875 0.027083
5 0.604688 0.180208 0.012500 0.039583
5 0.911719 0.831250 0.020313 0.025000
5 0.429688 0.554167 0.015625 0.025000
5 0.642969 0.856250 0.014063 0.025000
5 0.196875 0.489583 0.015625 0.020833
5 0.083594 0.982292 0.017188 0.018750
5 0.341406 0.342708 0.014063 0.022917
5 0.389062 0.860417 0.015625 0.020833
5 0.178906 0.814583 0.014063 0.020833
5 0.478906 0.466667 0.014063 0.020833
5 0.322656 0.572917 0.014063 0.020833
