5 0.166797 0.247917 0.172656 0.143750
5 0.799609 0.246354 0.169531 0.092708
5 0.572656 0.196354 0.071875 0.098958
5 0.098437 0.427083 0.085938 0.077083
5 0.978125 0.429688 0.043750 0.061458
5 0.974219 0.493750 0.051562 0.027083
5 0.743359 0.082812 0.050781 0.030208
5 0.562109 0.838021 0.035156 0.038542
5 0.264453 0.071875 0.028906 0.045833
5 0.972656 0.330729 0.054688 0.023958
5 0.748437 0.668229 0.034375 0.034375
5 0.882031 0.313021 0.025000 0.048958
5 0.878906 0.184375 0.023438 0.037500
5 0.066797 0.604688 0.036719 0.028125
5 0.392969 0.408333 0.026562 0.027083
5 0.546094 0.914583 0.020313 0.033333
5 0.545312 0.802083 0.020313 0.033333
5 0.416016 0.988542 0.022656 0.022917
5 0.451172 0.887500 0.028906 0.027083
5 0.992188 0.689063 0.015625 0.028125
5 0.245703 0.758854 0.024219 0.017708
5 0.280078 0.739062 0.016406 0.026042
5 0.508203 0.789583 0.019531 0.029167
5 0.444922 0.562500 0.016406 0.027083
5 0.860547 0.358854 0.021094 0.017708
5 0.268359 0.446354 0.014844 0.019792
5 0.589844 0.564063 0.021875 0.015625
5 0.821484 0.686458 0.016406 0.020833
