5 0.371094 0.683333 0.039062 0.045833
5 0.903125 0.871875 0.025000 0.060417
5 0.844531 0.384375 0.032813 0.047917
5 0.706250 0.631250 0.028125 0.037500
5 0.621094 0.396875 0.035937 0.035417
5 0.542969 0.221875 0.026562 0.027083
5 0.439063 0.592708 0.018750 0.039583
5 0.860156 0.548958 0.026562 0.022917
5 0.440625 0.785417 0.021875 0.033333
5 0.095312 0.754167 0.018750 0.029167
5 0.318750 0.988542 0.025000 0.022917
5 0.847656 0.296875 0.020313 0.027083
5 0.987500 0.654167 0.025000 0.029167
5 0.535156 0.535417 0.017188 0.025000
5 0.601562 0.805208 0.018750 0.022917
5 0.942187 0.750000 0.015625 0.020833
5 0.087500 0.522917 0.018750 0.020833
5 0.602344 0.180208 0.014063 0.022917
5 0.900000 0.940625 0.012500 0.022917
