5 0.275000 0.198958 0.143750 0.152083
5 0.396875 0.106250 0.050000 0.091667
5 0.677344 0.769792 0.039062 0.089583
5 0.929688 0.951042 0.046875 0.052083
5 0.166406 0.497917 0.029687 0.083333
5 0.730469 0.685417 0.057813 0.054167
5 0.828125 0.027083 0.043750 0.054167
5 0.146875 0.318750 0.040625 0.045833
5 0.730469 0.181250 0.042188 0.079167
5 0.769531 0.821875 0.048438 0.039583
5 0.246094 0.706250 0.035937 0.050000
5 0.855469 0.784375 0.039062 0.043750
5 0.727344 0.298958 0.039062 0.035417
5 0.320312 0.867708 0.028125 0.052083
5 0.590625 0.703125 0.028125 0.039583
5 0.825781 0.302083 0.032813 0.037500
5 0.826562 0.220833 0.031250 0.037500
5 0.355469 0.765625 0.029687 0.035417
5 0.631250 0.236458 0.028125 0.035417
5 0.569531 0.802083 0.023438 0.037500
5 0.459375 0.077083 0.034375 0.029167
5 0.156250 0.403125 0.028125 0.047917
5 0.687500 0.190625 0.021875 0.035417
5 0.323437 0.968750 0.025000 0.029167
5 0.650781 0.833333 0.026562 0.025000
5 0.206250 0.593750 0.021875 0.029167
5 0.531250 0.088542 0.021875 0.027083
5 0.166406 0.600000 0.020313 0.025000
5 0.434375 0.771875 0.021875 0.022917
5 0.374219 0.969792 0.014063 0.022917
5 0.323437 0.531250 0.015625 0.020833
