5 0.453125 0.835417 0.046875 0.083333
5 0.597656 0.495833 0.042188 0.070833
5 0.032813 0.244792 0.028125 0.047917
5 0.502344 0.447917 0.026562 0.054167
5 0.421875 0.352083 0.021875 0.050000
5 0.461719 0.352083 0.029687 0.033333
5 0.665625 0.717708 0.031250 0.035417
5 0.987500 0.129167 0.025000 0.020833
5 0.564844 0.404167 0.023438 0.020833
5 0.639844 0.234375 0.017188 0.031250
5 0.899219 0.990625 0.026562 0.018750
5 0.340625 0.131250 0.018750 0.025000
5 0.542969 0.681250 0.017188 0.029167
5 0.585156 0.121875 0.017188 0.022917
