5 0.639062 0.489583 0.037500 0.058333
5 0.810937 0.308333 0.037500 0.045833
5 0.060937 0.755208 0.040625 0.056250
5 0.298438 0.736458 0.031250 0.043750
5 0.885938 0.425000 0.040625 0.041667
5 0.139844 0.652083 0.026562 0.037500
5 0.662500 0.732292 0.021875 0.031250
5 0.453125 0.372917 0.025000 0.029167
5 0.075000 0.692708 0.021875 0.031250
5 0.757812 0.632292 0.021875 0.031250
5 0.460938 0.772917 0.021875 0.029167
5 0.085938 0.847917 0.025000 0.025000
5 0.728125 0.965625 0.018750 0.031250
5 0.765625 0.332292 0.018750 0.031250
5 0.700781 0.859375 0.020313 0.027083
5 0.734375 0.416667 0.018750 0.029167
5 0.989062 0.306250 0.021875 0.020833
5 0.916406 0.894792 0.017188 0.022917
5 0.836719 0.452083 0.017188 0.020833
5 0.179688 0.517708 0.012500 0.027083
5 0.839844 0.643750 0.014063 0.020833
5 0.899219 0.458333 0.014063 0.020833
