5 0.456250 0.279167 0.065625 0.095833
5 0.821875 0.260417 0.053125 0.079167
5 0.592187 0.208333 0.037500 0.058333
5 0.270313 0.390625 0.050000 0.043750
5 0.858594 0.563542 0.032813 0.047917
5 0.314063 0.702083 0.021875 0.050000
5 0.415625 0.857292 0.025000 0.039583
5 0.011719 0.291667 0.023438 0.058333
5 0.113281 0.472917 0.020313 0.045833
5 0.722656 0.083333 0.026562 0.029167
5 0.868750 0.357292 0.028125 0.031250
5 0.152344 0.485417 0.023438 0.029167
5 0.130469 0.426042 0.023438 0.027083
5 0.500781 0.682292 0.020313 0.031250
5 0.817969 0.412500 0.020313 0.029167
5 0.835156 0.832292 0.014063 0.039583
5 0.915625 0.370833 0.018750 0.029167
5 0.726562 0.955208 0.015625 0.031250
5 0.642969 0.264583 0.020313 0.025000
5 0.315625 0.505208 0.018750 0.027083
5 0.189844 0.205208 0.023438 0.018750
5 0.162500 0.131250 0.018750 0.020833
5 0.699219 0.119792 0.014063 0.022917
