5 0.723047 0.559375 0.271094 0.333333
5 0.645312 0.136979 0.100000 0.211458
5 0.084375 0.343229 0.168750 0.096875
5 0.455859 0.155729 0.061719 0.092708
5 0.263281 0.589583 0.085938 0.060417
5 0.404297 0.379688 0.066406 0.057292
5 0.254688 0.542708 0.045312 0.068750
5 0.468359 0.407813 0.053906 0.053125
5 0.367969 0.581250 0.053125 0.043750
5 0.575000 0.897917 0.050000 0.047917
5 0.255469 0.442708 0.064062 0.029167
5 0.593750 0.748437 0.034375 0.057292
5 0.600000 0.808333 0.037500 0.052083
5 0.030078 0.176563 0.060156 0.030208
5 0.055078 0.021875 0.033594 0.043750
5 0.267969 0.801562 0.035937 0.032292
5 0.161328 0.417708 0.025781 0.052083
5 0.491016 0.331771 0.035156 0.032292
5 0.015234 0.761458 0.030469 0.033333
5 0.165625 0.289583 0.026562 0.039583
