5 0.551172 0.611458 0.100781 0.112500
5 0.644531 0.268229 0.065625 0.080208
5 0.925391 0.957812 0.099219 0.057292
5 0.727344 0.213542 0.101562 0.062500
5 0.616406 0.565625 0.054688 0.064583
5 0.566016 0.429688 0.063281 0.051042
5 0.778906 0.538021 0.062500 0.053125
5 0.760938 0.902604 0.070312 0.042708
5 0.096094 0.176042 0.054688 0.041667
5 0.510547 0.825000 0.055469 0.043750
5 0.680859 0.553646 0.057031 0.040625
5 0.307812 0.877604 0.045312 0.071875
5 0.482812 0.332813 0.034375 0.038542
5 0.683984 0.859896 0.057031 0.046875
5 0.167969 0.059896 0.034375 0.038542
5 0.979688 0.935937 0.040625 0.028125
5 0.842187 0.483854 0.046875 0.030208
5 0.617578 0.677604 0.028906 0.040625
5 0.458984 0.017708 0.033594 0.035417
5 0.244141 0.891146 0.024219 0.053125
5 0.637500 0.401562 0.043750 0.023958
5 0.830859 0.825521 0.036719 0.059375
5 0.821484 0.922396 0.050781 0.019792
5 0.658984 0.792708 0.025781 0.031250
5 0.467578 0.288542 0.021094 0.033333
5 0.869531 0.838021 0.020313 0.032292
5 0.892188 0.456771 0.018750 0.030208
5 0.367578 0.335417 0.017969 0.029167
5 0.815625 0.199479 0.045312 0.015625
5 0.288672 0.629167 0.022656 0.027083
5 0.704297 0.377604 0.042969 0.017708
5 0.410938 0.050521 0.018750 0.044792
5 0.171875 0.387500 0.020313 0.022917
5 0.187891 0.337500 0.019531 0.022917
5 0.976953 0.271875 0.039844 0.012500
5 0.933203 0.856771 0.021094 0.023958
5 0.844531 0.745313 0.014063 0.028125
5 0.177344 0.198958 0.020313 0.022917
5 0.885547 0.305729 0.019531 0.019792
5 0.835156 0.143229 0.034375 0.011458
5 0.376172 0.735417 0.011719 0.031250
5 0.710156 0.290104 0.017188 0.017708
5 0.589063 0.845313 0.031250 0.013542
