5 0.598437 0.904167 0.031250 0.054167
5 0.628125 0.551042 0.021875 0.056250
5 0.750781 0.623958 0.029687 0.035417
5 0.183594 0.454167 0.023438 0.041667
5 0.053906 0.623958 0.023438 0.043750
5 0.446094 0.221875 0.023438 0.031250
5 0.128906 0.272917 0.017188 0.041667
5 0.150000 0.608333 0.028125 0.025000
5 0.269531 0.753125 0.023438 0.027083
5 0.718750 0.101042 0.018750 0.031250
5 0.257812 0.385417 0.015625 0.037500
5 0.665625 0.614583 0.015625 0.025000
5 0.182031 0.386458 0.017188 0.031250
5 0.878906 0.009375 0.020313 0.018750
5 0.187500 0.291667 0.015625 0.020833
5 0.083594 0.704167 0.020313 0.016667
5 0.181250 0.654167 0.012500 0.025000
5 0.791406 0.308333 0.014063 0.029167
