5 0.214844 0.443750 0.079687 0.133333
5 0.500000 0.575000 0.075000 0.112500
5 0.422656 0.503125 0.035937 0.093750
5 0.732031 0.666667 0.045312 0.087500
5 0.176563 0.097917 0.040625 0.066667
5 0.150781 0.621875 0.026562 0.077083
5 0.378125 0.152083 0.050000 0.050000
5 0.410938 0.350000 0.046875 0.062500
5 0.116406 0.444792 0.039062 0.039583
5 0.861719 0.632292 0.039062 0.039583
5 0.282813 0.566667 0.025000 0.041667
5 0.800000 0.636458 0.021875 0.031250
5 0.689844 0.759375 0.020313 0.035417
5 0.327344 0.466667 0.023438 0.029167
5 0.350781 0.229167 0.032813 0.025000
5 0.163281 0.908333 0.017188 0.037500
5 0.433594 0.306250 0.020313 0.025000
5 0.649219 0.559375 0.017188 0.031250
5 0.300781 0.380208 0.017188 0.027083
