5 0.657031 0.281250 0.079687 0.079167
5 0.204687 0.541667 0.053125 0.062500
5 0.421875 0.440625 0.034375 0.043750
5 0.717969 0.865625 0.042188 0.047917
5 0.789844 0.506250 0.029687 0.075000
5 0.515625 0.539583 0.034375 0.037500
5 0.805469 0.688542 0.039062 0.035417
5 0.074219 0.372917 0.032813 0.045833
5 0.971094 0.510417 0.026562 0.033333
5 0.800000 0.118750 0.025000 0.041667
5 0.745313 0.644792 0.031250 0.027083
5 0.600000 0.629167 0.025000 0.029167
5 0.571094 0.380208 0.023438 0.031250
5 0.149219 0.372917 0.020313 0.029167
5 0.271875 0.272917 0.018750 0.033333
5 0.807031 0.221875 0.017188 0.039583
5 0.557031 0.854167 0.032813 0.020833
5 0.550000 0.196875 0.018750 0.027083
5 0.616406 0.719792 0.017188 0.027083
5 0.375000 0.568750 0.015625 0.029167
5 0.290625 0.477083 0.015625 0.029167
5 0.481250 0.195833 0.018750 0.025000
5 0.786719 0.827083 0.014063 0.020833
