5 0.810547 0.528646 0.339844 0.367708
5 0.501953 0.254688 0.205469 0.240625
5 0.384375 0.126562 0.192188 0.130208
5 0.625391 0.688542 0.099219 0.139583
5 0.661328 0.881771 0.085156 0.096875
5 0.971875 0.138542 0.056250 0.050000
5 0.294141 0.299479 0.041406 0.059375
5 0.785547 0.715104 0.049219 0.046875
5 0.599609 0.923438 0.038281 0.055208
5 0.945312 0.473438 0.048438 0.042708
5 0.535937 0.915104 0.035937 0.055208
5 0.435937 0.895833 0.039062 0.047917
5 0.980859 0.566146 0.038281 0.042708
5 0.718750 0.578125 0.037500 0.047917
5 0.982422 0.956250 0.035156 0.052083
5 0.980469 0.187500 0.039062 0.037500
5 0.776563 0.257812 0.029687 0.046875
5 0.608203 0.820833 0.030469 0.037500
5 0.362500 0.279167 0.029687 0.035417
