5 0.720313 0.708333 0.053125 0.083333
5 0.232813 0.603125 0.053125 0.085417
5 0.592187 0.723958 0.043750 0.081250
5 0.278125 0.541667 0.053125 0.062500
5 0.367969 0.623958 0.064062 0.039583
5 0.539062 0.882292 0.043750 0.047917
5 0.660937 0.954167 0.034375 0.054167
5 0.428906 0.746875 0.035937 0.043750
5 0.313281 0.814583 0.026562 0.054167
5 0.621094 0.813542 0.035937 0.047917
5 0.467969 0.498958 0.032813 0.039583
5 0.496094 0.084375 0.032813 0.047917
5 0.547656 0.066667 0.042188 0.045833
5 0.715625 0.615625 0.021875 0.047917
5 0.339062 0.412500 0.025000 0.037500
5 0.238281 0.426042 0.023438 0.043750
5 0.702344 0.798958 0.023438 0.031250
5 0.728906 0.838542 0.017188 0.035417
5 0.400781 0.570833 0.020313 0.033333
5 0.191406 0.402083 0.020313 0.029167
5 0.312500 0.736458 0.031250 0.018750
5 0.682031 0.631250 0.020313 0.025000
5 0.059375 0.472917 0.018750 0.025000
5 0.572656 0.791667 0.014063 0.033333
5 0.670312 0.781250 0.015625 0.025000
5 0.671875 0.025000 0.018750 0.020833
5 0.750781 0.743750 0.017188 0.037500
5 0.260937 0.923958 0.018750 0.022917
5 0.763281 0.810417 0.014063 0.025000
5 0.440625 0.059375 0.015625 0.018750
