5 0.521094 0.764583 0.048438 0.050000
5 0.860938 0.343750 0.040625 0.050000
5 0.312500 0.457292 0.050000 0.056250
5 0.803125 0.068750 0.037500 0.041667
5 0.428906 0.815625 0.032813 0.043750
5 0.339062 0.792708 0.028125 0.047917
5 0.118750 0.045833 0.025000 0.041667
5 0.346875 0.294792 0.025000 0.035417
5 0.944531 0.930208 0.023438 0.031250
5 0.382031 0.473958 0.020313 0.027083
5 0.423438 0.700000 0.021875 0.025000
5 0.628906 0.954167 0.023438 0.020833
5 0.899219 0.957292 0.014063 0.027083
5 0.239844 0.566667 0.014063 0.025000
5 0.576562 0.714583 0.015625 0.020833
