5 0.360938 0.498958 0.087500 0.156250
5 0.397656 0.712500 0.045312 0.120833
5 0.929688 0.760417 0.046875 0.070833
5 0.435937 0.608333 0.040625 0.066667
5 0.334375 0.768750 0.046875 0.050000
5 0.528125 0.901042 0.037500 0.052083
5 0.653125 0.116667 0.040625 0.058333
5 0.591406 0.375000 0.032813 0.041667
5 0.426563 0.512500 0.021875 0.054167
5 0.621875 0.495833 0.028125 0.041667
5 0.593750 0.462500 0.025000 0.037500
5 0.653906 0.242708 0.020313 0.056250
5 0.523438 0.431250 0.031250 0.041667
5 0.440625 0.853125 0.025000 0.035417
5 0.642188 0.760417 0.037500 0.029167
5 0.648438 0.337500 0.025000 0.029167
5 0.093750 0.410417 0.021875 0.033333
5 0.645312 0.673958 0.021875 0.031250
5 0.990625 0.832292 0.018750 0.022917
5 0.597656 0.250000 0.017188 0.025000
5 0.607812 0.988542 0.018750 0.022917
5 0.384375 0.356250 0.015625 0.025000
5 0.773438 0.575000 0.015625 0.025000
5 0.827344 0.488542 0.014063 0.022917
5 0.995313 0.959375 0.009375 0.035417
