5 0.844531 0.711458 0.054688 0.072917
5 0.982031 0.123958 0.035937 0.081250
5 0.211719 0.178125 0.039062 0.085417
5 0.691406 0.297917 0.039062 0.062500
5 0.473438 0.364583 0.031250 0.054167
5 0.717969 0.641667 0.026562 0.050000
5 0.528906 0.542708 0.045312 0.039583
5 0.408594 0.441667 0.045312 0.037500
5 0.757031 0.962500 0.023438 0.054167
5 0.464062 0.664583 0.034375 0.037500
5 0.775781 0.148958 0.042188 0.031250
5 0.795312 0.071875 0.028125 0.035417
5 0.875781 0.885417 0.023438 0.033333
5 0.944531 0.045833 0.026562 0.033333
5 0.078125 0.198958 0.025000 0.047917
5 0.285156 0.225000 0.023438 0.033333
5 0.176563 0.542708 0.018750 0.035417
5 0.818750 0.662500 0.018750 0.033333
5 0.587500 0.455208 0.018750 0.031250
5 0.356250 0.063542 0.015625 0.035417
5 0.467187 0.459375 0.018750 0.031250
5 0.851562 0.259375 0.021875 0.022917
5 0.142969 0.435417 0.014063 0.020833
