5 0.212891 0.162500 0.180469 0.325000
5 0.357422 0.721875 0.146094 0.239583
5 0.439063 0.291667 0.146875 0.212500
5 0.278906 0.448958 0.093750 0.200000
5 0.476953 0.602083 0.127344 0.091667
5 0.640234 0.627604 0.130469 0.113542
5 0.037500 0.667708 0.075000 0.085417
5 0.745703 0.635938 0.080469 0.078125
5 0.503906 0.033854 0.079687 0.067708
5 0.709766 0.766667 0.091406 0.052083
5 0.507812 0.144792 0.051562 0.047917
5 0.480078 0.523958 0.049219 0.041667
5 0.570703 0.269271 0.038281 0.053125
5 0.248438 0.579167 0.034375 0.050000
5 0.770703 0.367188 0.032031 0.042708
5 0.051953 0.263542 0.030469 0.035417
5 0.012891 0.202604 0.025781 0.051042
5 0.647656 0.923958 0.035937 0.027083
5 0.811719 0.247917 0.028125 0.037500
