5 0.683594 0.554167 0.070312 0.066667
5 0.583594 0.633333 0.060937 0.050000
5 0.524219 0.045833 0.057813 0.058333
5 0.382812 0.154167 0.059375 0.037500
5 0.256250 0.265625 0.037500 0.056250
5 0.327344 0.308333 0.039062 0.041667
5 0.518750 0.738542 0.025000 0.064583
5 0.432812 0.873958 0.031250 0.052083
5 0.397656 0.625000 0.029687 0.041667
5 0.619531 0.925000 0.029687 0.037500
5 0.127344 0.769792 0.026562 0.039583
5 0.923438 0.756250 0.025000 0.037500
5 0.973437 0.178125 0.018750 0.047917
5 0.209375 0.295833 0.025000 0.033333
5 0.210938 0.612500 0.025000 0.029167
5 0.785156 0.983333 0.020313 0.033333
5 0.911719 0.193750 0.020313 0.029167
5 0.364063 0.792708 0.015625 0.031250
5 0.131250 0.609375 0.021875 0.022917
5 0.232031 0.677083 0.017188 0.025000
