5 0.175000 0.466667 0.125000 0.175000
5 0.728125 0.460417 0.062500 0.158333
5 0.269531 0.260417 0.076563 0.237500
5 0.512500 0.742708 0.071875 0.106250
5 0.193750 0.312500 0.062500 0.070833
5 0.366406 0.832292 0.057813 0.072917
5 0.363281 0.059375 0.048438 0.077083
5 0.082812 0.341667 0.037500 0.066667
5 0.470313 0.289583 0.050000 0.091667
5 0.388281 0.731250 0.042188 0.058333
5 0.647656 0.478125 0.035937 0.060417
5 0.317188 0.885417 0.034375 0.058333
5 0.585938 0.439583 0.025000 0.066667
5 0.601562 0.028125 0.040625 0.056250
5 0.127344 0.352083 0.035937 0.041667
5 0.267188 0.861458 0.040625 0.031250
5 0.364063 0.183333 0.031250 0.041667
5 0.750781 0.126042 0.026562 0.052083
5 0.267188 0.098958 0.031250 0.047917
5 0.512500 0.338542 0.021875 0.043750
5 0.143750 0.164583 0.018750 0.033333
5 0.844531 0.084375 0.020313 0.027083
5 0.154688 0.754167 0.015625 0.025000
