5 0.391406 0.280729 0.251563 0.386458
5 0.188281 0.642188 0.309375 0.388542
5 0.082031 0.430208 0.079687 0.085417
5 0.383594 0.612500 0.068750 0.083333
5 0.419531 0.816146 0.123438 0.144792
5 0.529297 0.033333 0.052344 0.066667
5 0.574219 0.974479 0.068750 0.051042
5 0.485547 0.695312 0.052344 0.073958
5 0.024609 0.292708 0.049219 0.066667
5 0.117578 0.157292 0.044531 0.064583
5 0.441406 0.967187 0.064062 0.044792
5 0.037500 0.801562 0.035937 0.057292
5 0.095312 0.620833 0.048438 0.035417
5 0.041016 0.101042 0.036719 0.050000
5 0.606250 0.361458 0.053125 0.037500
5 0.164062 0.946875 0.042188 0.041667
