5 0.830469 0.770833 0.245312 0.129167
5 0.650781 0.216667 0.114062 0.091667
5 0.629687 0.862500 0.100000 0.108333
5 0.739844 0.932292 0.095312 0.102083
5 0.455469 0.875000 0.064062 0.104167
5 0.146875 0.112500 0.050000 0.116667
5 0.301563 0.317708 0.081250 0.081250
5 0.640625 0.735417 0.046875 0.075000
5 0.360156 0.591667 0.048438 0.058333
5 0.750781 0.412500 0.048438 0.050000
5 0.396094 0.841667 0.032813 0.075000
5 0.699219 0.313542 0.042188 0.056250
5 0.800781 0.703125 0.032813 0.064583
5 0.732812 0.501042 0.037500 0.056250
5 0.464844 0.780208 0.029687 0.056250
5 0.353125 0.418750 0.031250 0.054167
5 0.057031 0.520833 0.023438 0.070833
5 0.856250 0.469792 0.025000 0.022917
5 0.953906 0.926042 0.023438 0.018750
5 0.868750 0.404167 0.018750 0.020833
