5 0.767188 0.375000 0.043750 0.054167
5 0.772656 0.550000 0.045312 0.070833
5 0.636719 0.391667 0.029687 0.066667
5 0.646875 0.618750 0.056250 0.075000
5 0.667188 0.662500 0.043750 0.054167
5 0.528906 0.113542 0.035937 0.052083
5 0.715625 0.491667 0.034375 0.058333
5 0.586719 0.232292 0.032813 0.052083
5 0.986719 0.287500 0.026562 0.050000
5 0.910156 0.419792 0.035937 0.035417
5 0.394531 0.908333 0.023438 0.058333
5 0.964063 0.670833 0.034375 0.037500
5 0.411719 0.377083 0.023438 0.045833
5 0.705469 0.722917 0.023438 0.045833
5 0.651563 0.555208 0.028125 0.027083
5 0.449219 0.043750 0.023438 0.033333
5 0.613281 0.535417 0.023438 0.033333
5 0.989062 0.504167 0.021875 0.033333
5 0.942969 0.093750 0.020313 0.029167
5 0.728906 0.690625 0.017188 0.035417
5 0.767969 0.472917 0.017188 0.033333
5 0.593750 0.581250 0.015625 0.029167
5 0.685937 0.551042 0.015625 0.022917
5 0.583594 0.451042 0.014063 0.022917
5 0.410156 0.786458 0.017188 0.018750
5 0.991406 0.158333 0.017188 0.016667
