5 0.614844 0.235417 0.048438 0.129167
5 0.810156 0.256250 0.032813 0.087500
5 0.049219 0.909375 0.039062 0.056250
5 0.579688 0.236458 0.050000 0.068750
5 0.876563 0.288542 0.046875 0.052083
5 0.553906 0.426042 0.023438 0.077083
5 0.917188 0.338542 0.031250 0.047917
5 0.225000 0.782292 0.028125 0.056250
5 0.497656 0.259375 0.039062 0.043750
5 0.378906 0.494792 0.029687 0.035417
5 0.626563 0.805208 0.028125 0.039583
5 0.372656 0.689583 0.020313 0.045833
5 0.676562 0.347917 0.021875 0.045833
5 0.767969 0.094792 0.023438 0.027083
5 0.597656 0.709375 0.020313 0.035417
5 0.708594 0.240625 0.020313 0.031250
5 0.673438 0.161458 0.015625 0.027083
5 0.793750 0.123958 0.015625 0.022917
5 0.796875 0.063542 0.015625 0.022917
5 0.796094 0.629167 0.017188 0.016667
