5 0.231250 0.366667 0.137500 0.162500
5 0.130469 0.094792 0.085938 0.189583
5 0.503906 0.620833 0.082812 0.141667
5 0.625781 0.653125 0.110937 0.072917
5 0.223438 0.086458 0.075000 0.093750
5 0.314844 0.378125 0.070312 0.081250
5 0.415625 0.621875 0.059375 0.102083
5 0.814063 0.608333 0.059375 0.058333
5 0.654687 0.456250 0.050000 0.062500
5 0.406250 0.298958 0.046875 0.068750
5 0.256250 0.021875 0.081250 0.043750
5 0.585156 0.085417 0.026562 0.070833
5 0.160156 0.273958 0.035937 0.047917
5 0.225781 0.251042 0.029687 0.052083
5 0.432812 0.492708 0.031250 0.039583
5 0.538281 0.681250 0.032813 0.045833
5 0.362500 0.450000 0.028125 0.037500
5 0.811719 0.744792 0.035937 0.022917
5 0.939063 0.701042 0.021875 0.043750
5 0.852344 0.709375 0.026562 0.031250
5 0.326562 0.613542 0.034375 0.031250
5 0.371094 0.623958 0.026562 0.031250
5 0.913281 0.825000 0.039062 0.029167
5 0.298438 0.507292 0.025000 0.031250
5 0.142969 0.184375 0.023438 0.031250
5 0.754687 0.741667 0.025000 0.029167
5 0.196875 0.347917 0.018750 0.029167
5 0.083594 0.009375 0.035937 0.018750
5 0.119531 0.244792 0.017188 0.027083
5 0.704688 0.723958 0.018750 0.027083
5 0.298438 0.560417 0.015625 0.025000
5 0.993750 0.578125 0.012500 0.031250
5 0.261719 0.505208 0.014063 0.022917
5 0.161719 0.402083 0.014063 0.020833
