5 0.719141 0.336979 0.174219 0.296875
5 0.376563 0.551562 0.153125 0.186458
5 0.558594 0.630208 0.089063 0.250000
5 0.604688 0.325521 0.064062 0.173958
5 0.214844 0.817708 0.112500 0.089583
5 0.304297 0.232813 0.072656 0.082292
5 0.428125 0.418229 0.078125 0.063542
5 0.612891 0.133333 0.072656 0.070833
5 0.887109 0.297396 0.046094 0.067708
5 0.848828 0.161458 0.035156 0.079167
5 0.495312 0.494792 0.032813 0.066667
5 0.735938 0.548438 0.032813 0.040625
5 0.524219 0.805208 0.025000 0.027083
5 0.664453 0.898438 0.022656 0.028125
