5 0.814844 0.361458 0.032813 0.102083
5 0.635156 0.463542 0.048438 0.072917
5 0.016406 0.497917 0.032813 0.062500
5 0.942187 0.878125 0.034375 0.043750
5 0.632031 0.653125 0.042188 0.039583
5 0.149219 0.572917 0.029687 0.050000
5 0.335938 0.362500 0.034375 0.041667
5 0.145313 0.762500 0.028125 0.045833
5 0.696875 0.547917 0.025000 0.037500
5 0.664062 0.865625 0.021875 0.039583
5 0.403125 0.476042 0.028125 0.022917
5 0.178125 0.633333 0.025000 0.025000
5 0.331250 0.277083 0.015625 0.020833
5 0.032813 0.098958 0.015625 0.022917
