5 0.642188 0.386458 0.096875 0.231250
5 0.342969 0.730208 0.095312 0.168750
5 0.295312 0.509375 0.112500 0.102083
5 0.172656 0.359375 0.070312 0.102083
5 0.496094 0.580208 0.092188 0.131250
5 0.785937 0.278125 0.059375 0.077083
5 0.323437 0.034375 0.075000 0.068750
5 0.339844 0.644792 0.057813 0.102083
5 0.523438 0.882292 0.040625 0.077083
5 0.675000 0.831250 0.059375 0.091667
5 0.022656 0.871875 0.045312 0.064583
5 0.214844 0.925000 0.035937 0.054167
5 0.571094 0.821875 0.029687 0.052083
5 0.450000 0.471875 0.050000 0.039583
5 0.960156 0.981250 0.032813 0.037500
5 0.422656 0.843750 0.032813 0.041667
5 0.818750 0.200000 0.028125 0.037500
5 0.417969 0.635417 0.023438 0.037500
5 0.232031 0.527083 0.026562 0.033333
5 0.685937 0.250000 0.021875 0.029167
5 0.346875 0.292708 0.018750 0.035417
5 0.639062 0.742708 0.018750 0.031250
5 0.078125 0.403125 0.018750 0.031250
5 0.390625 0.595833 0.018750 0.029167
5 0.433594 0.675000 0.017188 0.033333
5 0.009375 0.564583 0.018750 0.025000
5 0.123438 0.408333 0.018750 0.025000
5 0.805469 0.613542 0.017188 0.031250
5 0.128125 0.916667 0.015625 0.029167
5 0.711719 0.309375 0.014063 0.027083
5 0.319531 0.139583 0.017188 0.020833
