5 0.296875 0.836458 0.203125 0.327083
5 0.630078 0.036458 0.080469 0.072917
5 0.123438 0.296875 0.059375 0.100000
5 0.944141 0.505729 0.057031 0.067708
5 0.144531 0.505729 0.050000 0.090625
5 0.364453 0.440625 0.052344 0.066667
5 0.824219 0.757292 0.035937 0.052083
5 0.975000 0.327083 0.050000 0.039583
5 0.371094 0.221875 0.037500 0.060417
5 0.652344 0.930729 0.035937 0.030208
5 0.827344 0.958333 0.031250 0.031250
5 0.922656 0.380208 0.025000 0.037500
5 0.192969 0.556771 0.037500 0.026042
5 0.344922 0.317188 0.028906 0.032292
5 0.188672 0.656771 0.027344 0.032292
