5 0.446875 0.441667 0.053125 0.054167
5 0.414062 0.168750 0.056250 0.054167
5 0.362500 0.230208 0.034375 0.043750
5 0.427344 0.527083 0.029687 0.066667
5 0.660937 0.584375 0.031250 0.043750
5 0.246875 0.408333 0.037500 0.041667
5 0.754687 0.860417 0.034375 0.041667
5 0.615625 0.182292 0.021875 0.056250
5 0.900781 0.362500 0.035937 0.033333
5 0.807813 0.976042 0.028125 0.047917
5 0.691406 0.797917 0.029687 0.041667
5 0.340625 0.320833 0.031250 0.041667
5 0.323437 0.251042 0.031250 0.043750
5 0.621094 0.567708 0.026562 0.039583
5 0.986719 0.785417 0.026562 0.041667
5 0.643750 0.275000 0.021875 0.033333
5 0.661719 0.225000 0.023438 0.029167
5 0.737500 0.763542 0.025000 0.027083
5 0.753906 0.265625 0.023438 0.031250
5 0.811719 0.728125 0.026562 0.027083
5 0.793750 0.893750 0.021875 0.029167
5 0.922656 0.607292 0.023438 0.031250
5 0.676562 0.655208 0.021875 0.027083
5 0.879687 0.898958 0.028125 0.022917
5 0.482031 0.618750 0.020313 0.025000
5 0.693750 0.306250 0.018750 0.025000
5 0.385937 0.461458 0.018750 0.022917
5 0.637500 0.129167 0.015625 0.025000
5 0.789844 0.321875 0.017188 0.022917
5 0.820312 0.290625 0.018750 0.018750
5 0.597656 0.363542 0.014063 0.022917
