5 0.672656 0.412500 0.110937 0.295833
5 0.633594 0.140625 0.110937 0.231250
5 0.243750 0.289583 0.112500 0.129167
5 0.267969 0.716667 0.092188 0.162500
5 0.215625 0.471875 0.059375 0.172917
5 0.078125 0.343750 0.071875 0.104167
5 0.466406 0.647917 0.076563 0.100000
5 0.112500 0.055208 0.084375 0.085417
5 0.497656 0.779167 0.067187 0.108333
5 0.120313 0.248958 0.059375 0.110417
5 0.469531 0.502083 0.042188 0.108333
5 0.381250 0.590625 0.068750 0.089583
5 0.446094 0.371875 0.048438 0.089583
5 0.614062 0.898958 0.046875 0.106250
5 0.031250 0.914583 0.062500 0.054167
5 0.421094 0.816667 0.067187 0.079167
5 0.704688 0.670833 0.050000 0.070833
5 0.973437 0.926042 0.053125 0.060417
5 0.685156 0.773958 0.045312 0.072917
5 0.692969 0.836458 0.051562 0.064583
5 0.365625 0.276042 0.056250 0.060417
5 0.396094 0.887500 0.035937 0.058333
5 0.017969 0.975000 0.035937 0.050000
5 0.501563 0.970833 0.050000 0.058333
5 0.724219 0.030208 0.057813 0.060417
5 0.231250 0.836458 0.050000 0.039583
5 0.173437 0.717708 0.034375 0.081250
5 0.290625 0.089583 0.043750 0.037500
5 0.625781 0.784375 0.035937 0.043750
5 0.471094 0.218750 0.035937 0.054167
5 0.181250 0.202083 0.034375 0.041667
5 0.166406 0.840625 0.023438 0.043750
5 0.335938 0.677083 0.031250 0.033333
5 0.261719 0.890625 0.035937 0.027083
5 0.606250 0.522917 0.021875 0.037500
5 0.427344 0.716667 0.023438 0.033333
5 0.290625 0.409375 0.021875 0.035417
5 0.982812 0.986458 0.034375 0.027083
5 0.314063 0.235417 0.021875 0.029167
5 0.009375 0.853125 0.018750 0.031250
5 0.007812 0.273958 0.015625 0.039583
5 0.689063 0.957292 0.021875 0.039583
5 0.575000 0.571875 0.025000 0.018750
5 0.189062 0.942708 0.018750 0.027083
5 0.064844 0.095833 0.023438 0.020833
5 0.444531 0.914583 0.017188 0.025000
