5 0.335156 0.777083 0.045312 0.062500
5 0.531250 0.377083 0.056250 0.058333
5 0.482031 0.283333 0.042188 0.079167
5 0.378125 0.568750 0.068750 0.041667
5 0.489063 0.435417 0.040625 0.041667
5 0.489063 0.771875 0.043750 0.052083
5 0.772656 0.836458 0.029687 0.052083
5 0.619531 0.550000 0.032813 0.045833
5 0.663281 0.561458 0.032813 0.031250
5 0.617969 0.377083 0.029687 0.037500
5 0.060937 0.671875 0.028125 0.052083
5 0.918750 0.823958 0.025000 0.031250
5 0.845313 0.592708 0.021875 0.031250
5 0.446875 0.150000 0.018750 0.041667
5 0.641406 0.432292 0.023438 0.027083
5 0.526563 0.187500 0.015625 0.029167
5 0.338281 0.337500 0.017188 0.025000
5 0.477344 0.147917 0.017188 0.025000
5 0.699219 0.721875 0.017188 0.022917
5 0.010937 0.275000 0.021875 0.020833
