5 0.874219 0.417187 0.189062 0.269792
5 0.397266 0.558333 0.085156 0.145833
5 0.203516 0.958854 0.124219 0.067708
5 0.586328 0.078125 0.074219 0.141667
5 0.306250 0.788021 0.095312 0.053125
5 0.214453 0.697917 0.038281 0.104167
5 0.475000 0.230208 0.057813 0.066667
5 0.897266 0.214583 0.057031 0.060417
5 0.955469 0.921354 0.060937 0.065625
5 0.411719 0.759375 0.059375 0.083333
5 0.355469 0.698438 0.053125 0.057292
5 0.823438 0.145833 0.050000 0.064583
5 0.737891 0.032292 0.064844 0.064583
5 0.619922 0.631250 0.047656 0.075000
5 0.827734 0.977083 0.063281 0.045833
5 0.794922 0.529687 0.036719 0.059375
5 0.386719 0.815625 0.039062 0.062500
5 0.304688 0.940104 0.048438 0.040625
5 0.928906 0.662500 0.042188 0.045833
5 0.866016 0.675000 0.039844 0.035417
5 0.975000 0.653646 0.018750 0.080208
5 0.989844 0.525521 0.020313 0.044792
5 0.985547 0.262500 0.028906 0.043750
5 0.272266 0.665625 0.028906 0.029167
5 0.735938 0.834375 0.034375 0.025000
5 0.790625 0.184375 0.021875 0.033333
5 0.924219 0.571354 0.031250 0.023958
5 0.770312 0.666667 0.017188 0.035417
