5 0.820312 0.396875 0.100000 0.097917
5 0.891406 0.533333 0.048438 0.075000
5 0.267188 0.353125 0.034375 0.081250
5 0.564844 0.171875 0.035937 0.072917
5 0.472656 0.057292 0.042188 0.064583
5 0.355469 0.752083 0.051562 0.045833
5 0.432031 0.276042 0.035937 0.052083
5 0.420312 0.040625 0.031250 0.052083
5 0.745313 0.747917 0.028125 0.045833
5 0.560937 0.494792 0.031250 0.035417
5 0.449219 0.464583 0.026562 0.033333
5 0.585938 0.701042 0.028125 0.031250
5 0.514062 0.391667 0.025000 0.033333
5 0.246094 0.490625 0.023438 0.035417
5 0.401562 0.312500 0.025000 0.029167
5 0.294531 0.076042 0.023438 0.027083
5 0.132812 0.204167 0.018750 0.029167
5 0.361719 0.289583 0.020313 0.029167
5 0.184375 0.056250 0.018750 0.025000
5 0.475781 0.588542 0.017188 0.027083
