5 0.702344 0.681250 0.048438 0.087500
5 0.773438 0.554167 0.065625 0.058333
5 0.507031 0.779167 0.039062 0.054167
5 0.455469 0.142708 0.032813 0.047917
5 0.537500 0.478125 0.031250 0.043750
5 0.554688 0.873958 0.031250 0.056250
5 0.499219 0.448958 0.032813 0.031250
5 0.662500 0.738542 0.028125 0.039583
5 0.501563 0.638542 0.025000 0.039583
5 0.314063 0.095833 0.025000 0.029167
5 0.196094 0.229167 0.029687 0.029167
5 0.490625 0.578125 0.025000 0.022917
5 0.332813 0.343750 0.018750 0.029167
5 0.501563 0.280208 0.018750 0.022917
5 0.758594 0.790625 0.017188 0.022917
5 0.628906 0.763542 0.017188 0.022917
5 0.428125 0.604167 0.015625 0.020833
5 0.588281 0.868750 0.014063 0.020833
