5 0.740625 0.645833 0.056250 0.104167
5 0.941406 0.291667 0.032813 0.054167
5 0.195312 0.127083 0.025000 0.054167
5 0.823438 0.977083 0.028125 0.045833
5 0.785937 0.975000 0.021875 0.050000
5 0.411719 0.723958 0.029687 0.047917
5 0.247656 0.695833 0.026562 0.037500
5 0.335156 0.965625 0.017188 0.039583
5 0.294531 0.126042 0.020313 0.027083
5 0.389062 0.937500 0.018750 0.029167
5 0.966406 0.919792 0.017188 0.031250
5 0.688281 0.691667 0.020313 0.025000
5 0.259375 0.266667 0.018750 0.025000
5 0.350781 0.737500 0.026562 0.016667
5 0.402344 0.187500 0.017188 0.020833
5 0.306250 0.628125 0.015625 0.022917
5 0.521094 0.607292 0.014063 0.022917
5 0.613281 0.876042 0.014063 0.022917
5 0.303906 0.809375 0.014063 0.022917
