5 0.107813 0.398958 0.065625 0.056250
5 0.694141 0.497917 0.053906 0.052083
5 0.532422 0.595833 0.030469 0.077083
5 0.464844 0.280729 0.046875 0.051042
5 0.564844 0.208333 0.048438 0.056250
5 0.759375 0.557292 0.040625 0.045833
5 0.471484 0.114062 0.033594 0.048958
5 0.597656 0.751563 0.035937 0.040625
5 0.787500 0.503646 0.028125 0.036458
5 0.234766 0.792188 0.027344 0.044792
5 0.896484 0.555208 0.022656 0.033333
5 0.925781 0.829167 0.031250 0.025000
5 0.811328 0.671875 0.019531 0.035417
5 0.733203 0.972917 0.027344 0.027083
5 0.911719 0.133333 0.025000 0.027083
5 0.130078 0.743750 0.022656 0.027083
5 0.301172 0.989062 0.017969 0.021875
5 0.145313 0.864062 0.017188 0.021875
5 0.694141 0.729167 0.019531 0.018750
5 0.887109 0.885417 0.016406 0.020833
5 0.608594 0.993750 0.020313 0.012500
