5 0.536719 0.364583 0.051562 0.083333
5 0.039844 0.366667 0.057813 0.079167
5 0.411719 0.411458 0.042188 0.077083
5 0.375781 0.578125 0.045312 0.052083
5 0.178125 0.354167 0.062500 0.041667
5 0.503125 0.622917 0.034375 0.062500
5 0.078906 0.294792 0.054688 0.052083
5 0.535156 0.927083 0.032813 0.058333
5 0.509375 0.790625 0.037500 0.047917
5 0.250781 0.467708 0.035937 0.039583
5 0.450000 0.489583 0.034375 0.054167
5 0.145313 0.560417 0.028125 0.054167
5 0.859375 0.238542 0.031250 0.056250
5 0.129688 0.761458 0.040625 0.039583
5 0.261719 0.212500 0.032813 0.037500
5 0.561719 0.396875 0.029687 0.052083
5 0.518750 0.276042 0.021875 0.052083
5 0.710156 0.732292 0.026562 0.043750
5 0.560156 0.492708 0.020313 0.039583
5 0.026562 0.190625 0.018750 0.043750
5 0.398438 0.481250 0.018750 0.037500
5 0.527344 0.460417 0.026562 0.029167
5 0.125000 0.154167 0.018750 0.033333
5 0.382031 0.979167 0.026562 0.041667
5 0.488281 0.297917 0.020313 0.029167
5 0.107031 0.678125 0.023438 0.027083
5 0.203125 0.297917 0.018750 0.029167
5 0.137500 0.810417 0.018750 0.029167
5 0.589063 0.460417 0.015625 0.029167
5 0.494531 0.447917 0.017188 0.025000
5 0.566406 0.585417 0.017188 0.025000
5 0.135937 0.481250 0.028125 0.020833
5 0.813281 0.346875 0.017188 0.018750
