5 0.467969 0.164583 0.076563 0.062500
5 0.760156 0.805208 0.064062 0.047917
5 0.372656 0.867708 0.051562 0.056250
5 0.446875 0.661458 0.056250 0.060417
5 0.447656 0.842708 0.048438 0.064583
5 0.521094 0.890625 0.045312 0.068750
5 0.698438 0.870833 0.040625 0.050000
5 0.021094 0.647917 0.042188 0.058333
5 0.718750 0.483333 0.031250 0.062500
5 0.882031 0.662500 0.032813 0.041667
5 0.066406 0.876042 0.048438 0.039583
5 0.496875 0.592708 0.034375 0.043750
5 0.729688 0.647917 0.028125 0.041667
5 0.814063 0.737500 0.028125 0.045833
5 0.363281 0.251042 0.026562 0.031250
5 0.535156 0.401042 0.023438 0.039583
5 0.408594 0.051042 0.020313 0.031250
5 0.673438 0.573958 0.018750 0.027083
5 0.342969 0.682292 0.020313 0.022917
5 0.482812 0.990625 0.025000 0.018750
5 0.677344 0.380208 0.020313 0.022917
5 0.321094 0.611458 0.017188 0.022917
5 0.597656 0.232292 0.020313 0.018750
5 0.753125 0.558333 0.018750 0.020833
5 0.531250 0.607292 0.015625 0.022917
5 0.410156 0.925000 0.014063 0.020833
5 0.040625 0.159375 0.015625 0.018750
