5 0.132812 0.744792 0.181250 0.318750
5 0.663281 0.747917 0.117188 0.220833
5 0.691406 0.236458 0.107813 0.139583
5 0.247656 0.212500 0.098437 0.162500
5 0.136719 0.240625 0.082812 0.127083
5 0.693750 0.942708 0.071875 0.114583
5 0.270313 0.362500 0.065625 0.079167
5 0.978125 0.458333 0.043750 0.095833
5 0.588281 0.784375 0.039062 0.085417
5 0.241406 0.945833 0.042188 0.070833
5 0.251563 0.769792 0.040625 0.056250
5 0.295312 0.464583 0.040625 0.070833
5 0.072656 0.101042 0.035937 0.052083
5 0.267188 0.567708 0.037500 0.047917
5 0.736719 0.141667 0.035937 0.050000
5 0.818750 0.834375 0.031250 0.043750
