5 0.715625 0.130208 0.181250 0.131250
5 0.653125 0.684375 0.106250 0.122917
5 0.519531 0.177083 0.051562 0.141667
5 0.512500 0.768750 0.065625 0.100000
5 0.053125 0.554167 0.050000 0.108333
5 0.167187 0.550000 0.068750 0.070833
5 0.035937 0.035417 0.043750 0.054167
5 0.498437 0.627083 0.040625 0.050000
5 0.122656 0.690625 0.042188 0.043750
5 0.136719 0.020833 0.057813 0.041667
5 0.616406 0.039583 0.035937 0.050000
5 0.542188 0.029167 0.043750 0.041667
5 0.464062 0.492708 0.034375 0.035417
5 0.189844 0.708333 0.042188 0.029167
5 0.471094 0.304167 0.020313 0.058333
5 0.439063 0.369792 0.034375 0.035417
5 0.626563 0.369792 0.025000 0.056250
5 0.125781 0.845833 0.029687 0.037500
5 0.013281 0.335417 0.026562 0.025000
5 0.453125 0.136458 0.021875 0.031250
5 0.025000 0.229167 0.018750 0.041667
5 0.303125 0.290625 0.018750 0.035417
5 0.116406 0.309375 0.020313 0.027083
5 0.173437 0.310417 0.015625 0.029167
5 0.818750 0.011458 0.015625 0.022917
5 0.269531 0.529167 0.014063 0.029167
5 0.092188 0.008333 0.018750 0.016667
