5 0.771094 0.442708 0.026562 0.064583
5 0.275000 0.869792 0.025000 0.047917
5 0.680469 0.229167 0.020313 0.037500
5 0.626563 0.405208 0.021875 0.027083
5 0.395313 0.819792 0.012500 0.039583
5 0.088281 0.168750 0.020313 0.025000
5 0.570312 0.445833 0.015625 0.025000
5 0.357031 0.143750 0.014063 0.025000
5 0.803125 0.510417 0.015625 0.020833
5 0.916406 0.017708 0.017188 0.018750
5 0.658594 0.657292 0.014063 0.022917
5 0.610938 0.139583 0.015625 0.020833
5 0.821094 0.185417 0.014063 0.020833
5 0.521094 0.533333 0.014063 0.020833
5 0.677344 0.427083 0.014063 0.020833
