5 0.816406 0.578125 0.110937 0.177083
5 0.657031 0.763542 0.107813 0.118750
5 0.130469 0.934375 0.139063 0.131250
5 0.828906 0.378125 0.057813 0.122917
5 0.031250 0.519792 0.037500 0.135417
5 0.157031 0.775000 0.048438 0.050000
5 0.019531 0.882292 0.039062 0.060417
5 0.242188 0.886458 0.040625 0.052083
5 0.710938 0.082292 0.034375 0.047917
5 0.161719 0.644792 0.026562 0.043750
5 0.092188 0.648958 0.025000 0.052083
5 0.363281 0.368750 0.026562 0.045833
5 0.810156 0.246875 0.023438 0.035417
5 0.328125 0.170833 0.025000 0.033333
5 0.370312 0.793750 0.025000 0.033333
5 0.089063 0.585417 0.028125 0.025000
5 0.432031 0.594792 0.020313 0.031250
5 0.749219 0.329167 0.020313 0.029167
5 0.601562 0.082292 0.015625 0.035417
5 0.827344 0.205208 0.023438 0.018750
5 0.192969 0.576042 0.017188 0.022917
5 0.571094 0.335417 0.017188 0.020833
5 0.361719 0.265625 0.014063 0.022917
5 0.282813 0.636458 0.012500 0.022917
