5 0.757031 0.669792 0.057813 0.127083
5 0.609375 0.407292 0.068750 0.072917
5 0.863281 0.900000 0.057813 0.062500
5 0.978906 0.442708 0.042188 0.056250
5 0.504687 0.298958 0.028125 0.056250
5 0.581250 0.288542 0.028125 0.052083
5 0.742188 0.804167 0.031250 0.045833
5 0.633594 0.229167 0.035937 0.033333
5 0.811719 0.779167 0.023438 0.041667
5 0.864844 0.308333 0.023438 0.041667
5 0.796094 0.502083 0.020313 0.033333
5 0.847656 0.381250 0.023438 0.033333
5 0.891406 0.661458 0.020313 0.027083
5 0.718750 0.948958 0.015625 0.027083
5 0.475781 0.175000 0.017188 0.025000
5 0.994531 0.769792 0.010937 0.039583
5 0.461719 0.296875 0.017188 0.022917
