5 0.107031 0.216667 0.089063 0.095833
5 0.818750 0.271875 0.062500 0.093750
5 0.749219 0.367708 0.048438 0.039583
5 0.474219 0.521875 0.035937 0.060417
5 0.646094 0.383333 0.039062 0.041667
5 0.776563 0.567708 0.037500 0.043750
5 0.267188 0.378125 0.040625 0.039583
5 0.760938 0.289583 0.025000 0.050000
5 0.704688 0.479167 0.037500 0.037500
5 0.986719 0.642708 0.026562 0.035417
5 0.583594 0.268750 0.032813 0.029167
5 0.445312 0.448958 0.025000 0.039583
5 0.349219 0.460417 0.023438 0.045833
5 0.590625 0.464583 0.028125 0.025000
5 0.861719 0.575000 0.020313 0.033333
5 0.717187 0.158333 0.018750 0.033333
5 0.586719 0.150000 0.020313 0.029167
5 0.940625 0.701042 0.015625 0.031250
5 0.189844 0.341667 0.017188 0.029167
5 0.521094 0.507292 0.020313 0.022917
5 0.644531 0.482292 0.017188 0.027083
5 0.317188 0.448958 0.015625 0.022917
5 0.213281 0.391667 0.017188 0.020833
