5 0.258594 0.541667 0.107813 0.108333
5 0.517188 0.530208 0.093750 0.085417
5 0.607812 0.517708 0.056250 0.060417
5 0.671875 0.812500 0.037500 0.070833
5 0.741406 0.678125 0.045312 0.052083
5 0.698438 0.471875 0.037500 0.043750
5 0.198437 0.823958 0.037500 0.047917
5 0.738281 0.446875 0.039062 0.047917
5 0.057031 0.539583 0.032813 0.050000
5 0.882812 0.375000 0.040625 0.041667
5 0.395313 0.733333 0.031250 0.041667
5 0.821094 0.503125 0.029687 0.035417
5 0.870313 0.622917 0.021875 0.037500
5 0.795312 0.426042 0.028125 0.027083
5 0.490625 0.948958 0.025000 0.031250
5 0.475781 0.865625 0.020313 0.035417
5 0.953906 0.389583 0.023438 0.025000
5 0.891406 0.209375 0.017188 0.027083
5 0.133594 0.504167 0.020313 0.025000
5 0.410156 0.460417 0.017188 0.029167
5 0.753125 0.495833 0.015625 0.025000
5 0.092188 0.485417 0.015625 0.020833
5 0.313281 0.818750 0.014063 0.020833
