5 0.646875 0.352083 0.135937 0.181250
5 0.428906 0.330208 0.139063 0.091667
5 0.239453 0.266667 0.203906 0.125000
5 0.494531 0.856771 0.090625 0.117708
5 0.309375 0.625000 0.100000 0.093750
5 0.498437 0.507812 0.089063 0.105208
5 0.060547 0.038542 0.121094 0.077083
5 0.558203 0.086458 0.096094 0.075000
5 0.676172 0.736458 0.077344 0.072917
5 0.050781 0.224479 0.101562 0.088542
5 0.259375 0.560417 0.084375 0.050000
5 0.557031 0.769271 0.071875 0.071875
5 0.853516 0.072396 0.041406 0.078125
5 0.816797 0.210938 0.085156 0.067708
5 0.318750 0.390104 0.060937 0.082292
5 0.391016 0.803125 0.100781 0.041667
5 0.367578 0.896354 0.078906 0.059375
5 0.317969 0.170833 0.046875 0.127083
5 0.299219 0.749479 0.039062 0.048958
5 0.369141 0.546354 0.046094 0.036458
5 0.312891 0.862500 0.047656 0.041667
5 0.536328 0.571354 0.083594 0.030208
5 0.728516 0.679688 0.036719 0.042708
5 0.454297 0.432292 0.036719 0.033333
5 0.989844 0.772396 0.020313 0.055208
5 0.358984 0.216667 0.027344 0.037500
5 0.822266 0.404167 0.033594 0.029167
5 0.145313 0.171354 0.032813 0.038542
5 0.425391 0.238021 0.033594 0.032292
5 0.906641 0.419792 0.027344 0.031250
5 0.921875 0.335417 0.031250 0.029167
5 0.625391 0.557813 0.030469 0.023958
5 0.688672 0.957812 0.033594 0.030208
5 0.798828 0.974479 0.055469 0.026042
5 0.334766 0.452083 0.025781 0.027083
5 0.857812 0.955729 0.043750 0.019792
5 0.406641 0.449479 0.022656 0.026042
5 0.085547 0.611979 0.024219 0.023958
5 0.876953 0.192188 0.022656 0.023958
5 0.174219 0.527604 0.032813 0.017708
5 0.281250 0.473438 0.042188 0.015625
5 0.204297 0.368229 0.028906 0.017708
5 0.877734 0.661979 0.022656 0.019792
5 0.988281 0.959896 0.023438 0.021875
5 0.960156 0.338542 0.020313 0.018750
5 0.795703 0.350521 0.017969 0.019792
5 0.571875 0.817708 0.021875 0.014583
5 0.681250 0.823958 0.025000 0.012500
5 0.501172 0.242188 0.017969 0.015625
