5 0.394531 0.697917 0.142187 0.208333
5 0.281250 0.325000 0.053125 0.087500
5 0.855469 0.754167 0.035937 0.062500
5 0.421875 0.832292 0.050000 0.043750
5 0.449219 0.167708 0.035937 0.052083
5 0.855469 0.888542 0.029687 0.056250
5 0.881250 0.843750 0.025000 0.062500
5 0.514844 0.691667 0.026562 0.037500
5 0.390625 0.207292 0.028125 0.031250
5 0.764844 0.533333 0.023438 0.037500
5 0.532031 0.455208 0.026562 0.043750
5 0.323437 0.802083 0.028125 0.033333
5 0.085938 0.510417 0.025000 0.029167
5 0.773438 0.486458 0.025000 0.022917
5 0.703906 0.394792 0.020313 0.027083
5 0.725000 0.635417 0.018750 0.029167
5 0.586719 0.235417 0.023438 0.016667
5 0.820312 0.596875 0.018750 0.022917
5 0.555469 0.709375 0.014063 0.022917
