5 0.385156 0.764583 0.048438 0.129167
5 0.189844 0.743750 0.032813 0.087500
5 0.950781 0.090625 0.039062 0.056250
5 0.420312 0.763542 0.050000 0.068750
5 0.123438 0.711458 0.046875 0.052083
5 0.446094 0.573958 0.023438 0.077083
5 0.082812 0.661458 0.031250 0.047917
5 0.775000 0.217708 0.028125 0.056250
5 0.502344 0.740625 0.039062 0.043750
5 0.621094 0.505208 0.029687 0.035417
5 0.373437 0.194792 0.028125 0.039583
5 0.627344 0.310417 0.020313 0.045833
5 0.323437 0.652083 0.021875 0.045833
5 0.232031 0.905208 0.023438 0.027083
5 0.402344 0.290625 0.020313 0.035417
5 0.291406 0.759375 0.020313 0.031250
5 0.326562 0.838542 0.015625 0.027083
5 0.206250 0.876042 0.015625 0.022917
5 0.203125 0.936458 0.015625 0.022917
5 0.203906 0.370833 0.017188 0.016667
