5 0.682813 0.692708 0.100000 0.081250
5 0.526563 0.340625 0.043750 0.077083
5 0.482812 0.240625 0.053125 0.060417
5 0.641406 0.069792 0.051562 0.039583
5 0.878906 0.932292 0.029687 0.043750
5 0.856250 0.744792 0.025000 0.047917
5 0.528906 0.188542 0.032813 0.039583
5 0.407031 0.060417 0.029687 0.037500
5 0.396875 0.229167 0.028125 0.037500
5 0.555469 0.469792 0.020313 0.043750
5 0.366406 0.041667 0.026562 0.025000
5 0.376563 0.171875 0.021875 0.022917
5 0.520312 0.473958 0.018750 0.027083
5 0.475000 0.430208 0.015625 0.027083
5 0.671094 0.305208 0.017188 0.022917
5 0.992188 0.407292 0.015625 0.018750
