5 0.625000 0.290625 0.115625 0.064583
5 0.345313 0.383333 0.046875 0.091667
5 0.500000 0.751042 0.043750 0.085417
5 0.880469 0.348958 0.051562 0.052083
5 0.495312 0.494792 0.037500 0.052083
5 0.151562 0.898958 0.034375 0.056250
5 0.385937 0.544792 0.040625 0.052083
5 0.455469 0.344792 0.029687 0.052083
5 0.102344 0.748958 0.029687 0.039583
5 0.736719 0.326042 0.032813 0.035417
5 0.241406 0.463542 0.026562 0.039583
5 0.281250 0.423958 0.028125 0.039583
5 0.385156 0.973958 0.023438 0.052083
5 0.010156 0.856250 0.020313 0.041667
5 0.070312 0.569792 0.021875 0.035417
5 0.018750 0.666667 0.021875 0.045833
5 0.163281 0.717708 0.020313 0.039583
5 0.112500 0.448958 0.015625 0.022917
