5 0.491406 0.248958 0.042188 0.156250
5 0.513281 0.908333 0.057813 0.108333
5 0.302344 0.740625 0.054688 0.072917
5 0.499219 0.820833 0.045312 0.050000
5 0.515625 0.645833 0.050000 0.058333
5 0.800000 0.857292 0.040625 0.060417
5 0.522656 0.094792 0.051562 0.043750
5 0.660937 0.720833 0.031250 0.050000
5 0.985156 0.512500 0.029687 0.033333
5 0.708594 0.458333 0.026562 0.045833
5 0.457031 0.960417 0.023438 0.045833
5 0.130469 0.590625 0.026562 0.035417
5 0.675781 0.564583 0.023438 0.033333
5 0.760156 0.591667 0.023438 0.033333
5 0.348438 0.857292 0.021875 0.035417
5 0.818750 0.303125 0.021875 0.031250
5 0.744531 0.111458 0.023438 0.027083
5 0.699219 0.734375 0.023438 0.022917
5 0.062500 0.592708 0.021875 0.022917
5 0.708594 0.787500 0.014063 0.029167
5 0.308594 0.873958 0.017188 0.022917
5 0.817969 0.486458 0.017188 0.018750
5 0.624219 0.987500 0.014063 0.025000
