5 0.279687 0.291667 0.053125 0.083333
5 0.767188 0.396875 0.053125 0.085417
5 0.407813 0.276042 0.043750 0.081250
5 0.721875 0.458333 0.053125 0.062500
5 0.632031 0.376042 0.064062 0.039583
5 0.460938 0.117708 0.043750 0.047917
5 0.339062 0.045833 0.034375 0.054167
5 0.571094 0.253125 0.035937 0.043750
5 0.686719 0.185417 0.026562 0.054167
5 0.378906 0.186458 0.035937 0.047917
5 0.532031 0.501042 0.032813 0.039583
5 0.503906 0.915625 0.032813 0.047917
5 0.452344 0.933333 0.042188 0.045833
5 0.284375 0.384375 0.021875 0.047917
5 0.660937 0.587500 0.025000 0.037500
5 0.761719 0.573958 0.023438 0.043750
5 0.297656 0.201042 0.023438 0.031250
5 0.271094 0.161458 0.017188 0.035417
5 0.599219 0.429167 0.020313 0.033333
5 0.808594 0.597917 0.020313 0.029167
5 0.940625 0.527083 0.018750 0.025000
5 0.317969 0.368750 0.020313 0.025000
5 0.687500 0.263542 0.031250 0.018750
5 0.427344 0.208333 0.014063 0.033333
5 0.329688 0.218750 0.015625 0.025000
5 0.328125 0.975000 0.018750 0.020833
5 0.249219 0.256250 0.017188 0.037500
5 0.739062 0.076042 0.018750 0.022917
5 0.236719 0.189583 0.014063 0.025000
5 0.559375 0.940625 0.015625 0.018750
