5 0.602344 0.543229 0.112500 0.201042
5 0.302734 0.833854 0.146094 0.180208
5 0.485938 0.902083 0.081250 0.147917
5 0.216406 0.513021 0.073438 0.078125
5 0.627734 0.683333 0.060156 0.104167
5 0.518359 0.620313 0.058594 0.105208
5 0.521875 0.390104 0.076563 0.067708
5 0.348828 0.691146 0.071094 0.059375
5 0.968359 0.969271 0.063281 0.061458
5 0.698438 0.591667 0.045312 0.075000
5 0.801562 0.536979 0.050000 0.063542
5 0.757031 0.399479 0.037500 0.076042
5 0.519922 0.527083 0.036719 0.056250
5 0.417187 0.765625 0.031250 0.056250
5 0.262109 0.252083 0.061719 0.045833
5 0.710547 0.121875 0.025781 0.033333
5 0.505078 0.791667 0.027344 0.035417
5 0.500000 0.991146 0.031250 0.017708
