5 0.682813 0.895833 0.043750 0.045833
5 0.043750 0.584375 0.050000 0.052083
5 0.074219 0.935417 0.026562 0.054167
5 0.014844 0.130208 0.029687 0.043750
5 0.554688 0.317708 0.025000 0.043750
5 0.475000 0.606250 0.028125 0.033333
5 0.107031 0.090625 0.026562 0.052083
5 0.142187 0.271875 0.021875 0.043750
5 0.422656 0.806250 0.026562 0.037500
5 0.438281 0.336458 0.023438 0.027083
5 0.231250 0.104167 0.015625 0.037500
5 0.135156 0.561458 0.020313 0.027083
5 0.352344 0.847917 0.020313 0.025000
5 0.453906 0.258333 0.017188 0.025000
5 0.872656 0.766667 0.017188 0.020833
5 0.030469 0.346875 0.014063 0.027083
5 0.675000 0.318750 0.015625 0.020833
