5 0.319531 0.667708 0.087500 0.112500
5 0.125781 0.448437 0.059375 0.090625
5 0.053906 0.259375 0.075000 0.058333
5 0.912500 0.869271 0.059375 0.071875
5 0.363672 0.950000 0.067969 0.060417
5 0.664453 0.056250 0.049219 0.060417
5 0.119922 0.128646 0.055469 0.061458
5 0.291406 0.788542 0.056250 0.050000
5 0.717578 0.980729 0.075781 0.038542
5 0.537109 0.908854 0.052344 0.046875
5 0.553906 0.089063 0.040625 0.063542
5 0.626953 0.110417 0.053906 0.047917
5 0.979297 0.956771 0.041406 0.048958
5 0.099219 0.973958 0.048438 0.052083
5 0.230859 0.723437 0.042969 0.034375
5 0.761719 0.938542 0.031250 0.056250
5 0.849219 0.792708 0.046875 0.041667
5 0.248828 0.251042 0.038281 0.035417
5 0.932813 0.932292 0.037500 0.045833
5 0.805859 0.823958 0.033594 0.035417
5 0.350000 0.241146 0.039062 0.028125
5 0.071875 0.433854 0.028125 0.034375
5 0.036328 0.122396 0.038281 0.028125
5 0.936719 0.987500 0.035937 0.025000
5 0.717969 0.045312 0.032813 0.028125
5 0.628516 0.984375 0.024219 0.031250
5 0.891797 0.971875 0.024219 0.029167
