5 0.188281 0.688542 0.045312 0.068750
5 0.686719 0.462500 0.051562 0.070833
5 0.481250 0.704167 0.056250 0.041667
5 0.780469 0.515625 0.029687 0.052083
5 0.567969 0.140625 0.029687 0.047917
5 0.760156 0.611458 0.029687 0.039583
5 0.983594 0.929167 0.032813 0.029167
5 0.598437 0.596875 0.018750 0.039583
5 0.542969 0.301042 0.020313 0.027083
5 0.807031 0.742708 0.020313 0.027083
5 0.859375 0.970833 0.018750 0.025000
5 0.421094 0.950000 0.023438 0.016667
5 0.589063 0.417708 0.015625 0.027083
5 0.222656 0.280208 0.020313 0.018750
5 0.757812 0.009375 0.018750 0.018750
