5 0.775000 0.692708 0.131250 0.135417
5 0.789844 0.130208 0.170313 0.139583
5 0.083594 0.067708 0.095312 0.135417
5 0.185156 0.120833 0.089063 0.100000
5 0.575000 0.220833 0.059375 0.141667
5 0.631250 0.776042 0.075000 0.110417
5 0.153125 0.676042 0.046875 0.110417
5 0.282813 0.642708 0.068750 0.068750
5 0.277344 0.800000 0.085938 0.045833
5 0.101562 0.170833 0.046875 0.054167
5 0.039844 0.910417 0.051562 0.058333
5 0.630469 0.654167 0.039062 0.050000
5 0.595313 0.054167 0.025000 0.070833
5 0.677344 0.050000 0.032813 0.050000
5 0.555469 0.508333 0.026562 0.050000
5 0.014063 0.976042 0.028125 0.047917
5 0.567187 0.341667 0.018750 0.062500
5 0.520312 0.406250 0.028125 0.050000
5 0.510938 0.182292 0.025000 0.039583
5 0.271094 0.942708 0.035937 0.031250
5 0.675000 0.373958 0.025000 0.056250
5 0.207813 0.416667 0.021875 0.033333
5 0.405469 0.364583 0.017188 0.041667
5 0.082031 0.350000 0.017188 0.045833
5 0.118750 0.465625 0.018750 0.027083
5 0.390625 0.616667 0.015625 0.033333
5 0.273438 0.412500 0.018750 0.025000
5 0.112500 0.240625 0.012500 0.022917
