5 0.801562 0.547917 0.056250 0.116667
5 0.019531 0.913542 0.039062 0.047917
5 0.037500 0.208333 0.037500 0.054167
5 0.975781 0.540625 0.026562 0.064583
5 0.883594 0.650000 0.032813 0.075000
5 0.307812 0.830208 0.031250 0.064583
5 0.089844 0.601042 0.026562 0.052083
5 0.195312 0.945833 0.031250 0.050000
5 0.740625 0.751042 0.031250 0.064583
5 0.392969 0.565625 0.029687 0.039583
5 0.685156 0.678125 0.020313 0.064583
5 0.857031 0.763542 0.048438 0.027083
5 0.589063 0.747917 0.031250 0.033333
5 0.785937 0.740625 0.025000 0.047917
5 0.532813 0.746875 0.031250 0.031250
5 0.293750 0.625000 0.025000 0.037500
5 0.134375 0.765625 0.031250 0.027083
5 0.969531 0.256250 0.023438 0.037500
5 0.841406 0.248958 0.026562 0.031250
5 0.748437 0.336458 0.021875 0.027083
5 0.346875 0.572917 0.018750 0.033333
5 0.612500 0.865625 0.018750 0.031250
5 0.748437 0.619792 0.021875 0.027083
5 0.087500 0.440625 0.025000 0.022917
5 0.862500 0.575000 0.021875 0.025000
5 0.914844 0.046875 0.020313 0.035417
5 0.133594 0.955208 0.017188 0.027083
5 0.130469 0.840625 0.020313 0.022917
5 0.516406 0.533333 0.023438 0.016667
5 0.063281 0.975000 0.020313 0.016667
5 0.641406 0.583333 0.014063 0.025000
