5 0.349219 0.606250 0.082812 0.095833
5 0.780469 0.277083 0.039062 0.095833
5 0.394531 0.879167 0.042188 0.075000
5 0.760156 0.563542 0.039062 0.060417
5 0.697656 0.670833 0.045312 0.050000
5 0.064062 0.546875 0.031250 0.047917
5 0.142969 0.750000 0.029687 0.041667
5 0.539844 0.551042 0.023438 0.043750
5 0.248438 0.237500 0.021875 0.041667
5 0.242188 0.643750 0.021875 0.037500
5 0.663281 0.871875 0.023438 0.035417
5 0.142969 0.292708 0.020313 0.031250
5 0.513281 0.648958 0.017188 0.039583
5 0.292969 0.465625 0.020313 0.027083
5 0.134375 0.236458 0.018750 0.027083
5 0.770312 0.121875 0.015625 0.035417
5 0.806250 0.378125 0.018750 0.022917
5 0.007812 0.675000 0.015625 0.025000
5 0.258594 0.173958 0.017188 0.022917
5 0.289062 0.266667 0.015625 0.025000
5 0.262500 0.057292 0.015625 0.022917
5 0.074219 0.990625 0.017188 0.018750
