5 0.033594 0.793750 0.067187 0.104167
5 0.594531 0.239583 0.057813 0.066667
5 0.652344 0.950000 0.039062 0.050000
5 0.364063 0.019792 0.050000 0.039583
5 0.112500 0.063542 0.028125 0.047917
5 0.757812 0.420833 0.028125 0.054167
5 0.468750 0.139583 0.025000 0.045833
5 0.770312 0.479167 0.028125 0.041667
5 0.464844 0.075000 0.026562 0.037500
5 0.553906 0.821875 0.020313 0.043750
5 0.224219 0.623958 0.029687 0.022917
5 0.190625 0.685417 0.018750 0.033333
5 0.367188 0.669792 0.021875 0.027083
5 0.457031 0.820833 0.020313 0.025000
5 0.312500 0.829167 0.018750 0.025000
5 0.192969 0.328125 0.017188 0.027083
5 0.543750 0.281250 0.018750 0.025000
5 0.232813 0.584375 0.018750 0.022917
5 0.538281 0.116667 0.014063 0.025000
5 0.543750 0.027083 0.015625 0.020833
