5 0.929688 0.951042 0.100000 0.097917
5 0.517188 0.753125 0.093750 0.093750
5 0.265625 0.894792 0.078125 0.072917
5 0.680469 0.358333 0.057813 0.058333
5 0.364063 0.372917 0.050000 0.066667
5 0.928125 0.856250 0.053125 0.066667
5 0.548438 0.526042 0.040625 0.056250
5 0.288281 0.786458 0.042188 0.043750
5 0.758594 0.907292 0.032813 0.043750
5 0.379688 0.277083 0.034375 0.041667
5 0.215625 0.185417 0.034375 0.066667
5 0.800781 0.902083 0.026562 0.041667
5 0.662500 0.843750 0.021875 0.050000
5 0.202344 0.527083 0.035937 0.045833
5 0.384375 0.041667 0.031250 0.037500
5 0.597656 0.797917 0.023438 0.045833
5 0.187500 0.101042 0.031250 0.060417
5 0.399219 0.229167 0.032813 0.029167
5 0.351562 0.186458 0.018750 0.047917
5 0.682813 0.772917 0.025000 0.033333
5 0.759375 0.610417 0.028125 0.029167
5 0.707031 0.809375 0.020313 0.039583
5 0.449219 0.698958 0.023438 0.031250
5 0.147656 0.530208 0.023438 0.031250
5 0.820312 0.955208 0.021875 0.031250
5 0.139063 0.476042 0.021875 0.031250
5 0.767188 0.857292 0.021875 0.031250
5 0.192969 0.930208 0.020313 0.031250
5 0.951562 0.423958 0.025000 0.022917
5 0.057813 0.573958 0.025000 0.022917
5 0.212500 0.588542 0.021875 0.027083
5 0.347656 0.625000 0.017188 0.029167
5 0.522656 0.579167 0.020313 0.020833
5 0.013281 0.230208 0.026562 0.014583
5 0.255469 0.671875 0.017188 0.022917
5 0.085938 0.492708 0.015625 0.018750
5 0.103906 0.075000 0.014063 0.020833
