5 0.180469 0.384375 0.029687 0.043750
5 0.687500 0.188542 0.031250 0.052083
5 0.562500 0.871875 0.031250 0.043750
5 0.781250 0.519792 0.028125 0.031250
5 0.985938 0.064583 0.028125 0.029167
5 0.348438 0.341667 0.025000 0.033333
5 0.659375 0.718750 0.021875 0.033333
5 0.844531 0.936458 0.017188 0.047917
5 0.565625 0.338542 0.021875 0.035417
5 0.687500 0.922917 0.015625 0.037500
5 0.614844 0.782292 0.020313 0.027083
5 0.479687 0.793750 0.018750 0.025000
5 0.890625 0.543750 0.018750 0.025000
5 0.646094 0.296875 0.020313 0.022917
5 0.746875 0.837500 0.018750 0.025000
5 0.181250 0.232292 0.015625 0.027083
5 0.239844 0.889583 0.014063 0.029167
5 0.692187 0.722917 0.021875 0.020833
5 0.993750 0.595833 0.012500 0.029167
5 0.675781 0.045833 0.017188 0.020833
5 0.685156 0.470833 0.017188 0.020833
5 0.171875 0.281250 0.018750 0.016667
5 0.693750 0.821875 0.015625 0.018750
