5 0.978125 0.495833 0.043750 0.091667
5 0.618750 0.091667 0.046875 0.137500
5 0.166406 0.675000 0.089063 0.079167
5 0.300000 0.482292 0.059375 0.077083
5 0.632812 0.809375 0.053125 0.077083
5 0.361719 0.225000 0.057813 0.083333
5 0.742969 0.965625 0.032813 0.068750
5 0.112500 0.712500 0.034375 0.079167
5 0.421875 0.411458 0.043750 0.047917
5 0.210938 0.851042 0.028125 0.047917
5 0.160938 0.545833 0.031250 0.037500
5 0.203906 0.391667 0.023438 0.050000
5 0.528906 0.526042 0.026562 0.035417
5 0.640625 0.195833 0.034375 0.033333
5 0.563281 0.113542 0.026562 0.035417
5 0.665625 0.272917 0.021875 0.033333
5 0.070312 0.972917 0.025000 0.037500
5 0.120313 0.922917 0.021875 0.029167
5 0.507031 0.154167 0.026562 0.045833
5 0.725000 0.054167 0.021875 0.029167
5 0.271875 0.750000 0.018750 0.029167
5 0.832031 0.013542 0.017188 0.027083
5 0.812500 0.061458 0.018750 0.027083
5 0.110937 0.497917 0.018750 0.025000
5 0.166406 0.418750 0.017188 0.025000
5 0.124219 0.375000 0.020313 0.020833
5 0.096094 0.610417 0.017188 0.020833
5 0.579688 0.684375 0.018750 0.022917
5 0.278125 0.617708 0.015625 0.018750
