5 0.953125 0.414583 0.093750 0.104167
5 0.967187 0.081250 0.065625 0.100000
5 0.675000 0.577083 0.071875 0.129167
5 0.881250 0.170833 0.056250 0.087500
5 0.970313 0.962500 0.059375 0.075000
5 0.916406 0.518750 0.039062 0.129167
5 0.720313 0.672917 0.065625 0.083333
5 0.347656 0.489583 0.051562 0.062500
5 0.825781 0.742708 0.042188 0.072917
5 0.889062 0.032292 0.059375 0.064583
5 0.563281 0.239583 0.029687 0.058333
5 0.820312 0.271875 0.025000 0.056250
5 0.560156 0.337500 0.039062 0.037500
5 0.706250 0.980208 0.034375 0.039583
5 0.667969 0.391667 0.020313 0.070833
5 0.689063 0.191667 0.025000 0.041667
5 0.489063 0.132292 0.028125 0.039583
5 0.703906 0.795833 0.026562 0.033333
5 0.876563 0.865625 0.028125 0.031250
5 0.657813 0.748958 0.028125 0.027083
5 0.684375 0.272917 0.025000 0.029167
5 0.992969 0.865625 0.014063 0.043750
5 0.800000 0.513542 0.021875 0.031250
5 0.596094 0.896875 0.020313 0.035417
5 0.971094 0.558333 0.020313 0.025000
5 0.961719 0.489583 0.020313 0.020833
5 0.885156 0.392708 0.017188 0.022917
5 0.750781 0.555208 0.017188 0.022917
5 0.328125 0.178125 0.015625 0.022917
5 0.796875 0.908333 0.012500 0.025000
