5 0.387891 0.110937 0.225781 0.221875
5 0.669141 0.829167 0.252344 0.177083
5 0.669141 0.267708 0.136719 0.156250
5 0.705469 0.121875 0.114062 0.110417
5 0.835156 0.870313 0.089063 0.121875
5 0.485156 0.942187 0.053125 0.065625
5 0.618359 0.909896 0.057031 0.073958
5 0.328516 0.310937 0.060156 0.053125
5 0.971484 0.269792 0.057031 0.054167
5 0.257422 0.572396 0.049219 0.059375
5 0.910937 0.713542 0.054688 0.058333
5 0.896484 0.304688 0.030469 0.059375
5 0.914453 0.041146 0.049219 0.082292
5 0.805859 0.092708 0.033594 0.050000
5 0.557813 0.695312 0.029687 0.044792
5 0.549219 0.625521 0.037500 0.038542
5 0.951953 0.019271 0.044531 0.038542
5 0.747266 0.426563 0.027344 0.051042
5 0.214844 0.053125 0.031250 0.043750
5 0.910547 0.645833 0.028906 0.037500
5 0.585156 0.985938 0.032813 0.028125
5 0.866406 0.570312 0.035937 0.028125
5 0.348438 0.629167 0.021875 0.043750
5 0.831250 0.652604 0.020313 0.038542
5 0.755469 0.014583 0.035937 0.029167
