5 0.373437 0.654167 0.106250 0.200000
5 0.929688 0.859375 0.140625 0.135417
5 0.274219 0.362500 0.076563 0.116667
5 0.840625 0.066667 0.059375 0.133333
5 0.314063 0.921875 0.050000 0.156250
5 0.925781 0.544792 0.057813 0.110417
5 0.469531 0.810417 0.054688 0.079167
5 0.087500 0.085417 0.090625 0.150000
5 0.314844 0.505208 0.035937 0.114583
5 0.924219 0.142708 0.054688 0.106250
5 0.846094 0.479167 0.060937 0.083333
5 0.981250 0.219792 0.037500 0.093750
5 0.350000 0.412500 0.053125 0.066667
5 0.539062 0.696875 0.050000 0.060417
5 0.808594 0.661458 0.054688 0.056250
5 0.714063 0.885417 0.046875 0.062500
5 0.715625 0.115625 0.031250 0.060417
5 0.967969 0.696875 0.032813 0.052083
5 0.170313 0.173958 0.034375 0.052083
5 0.114844 0.030208 0.026562 0.060417
5 0.875000 0.611458 0.037500 0.039583
5 0.146875 0.276042 0.031250 0.085417
5 0.986719 0.118750 0.026562 0.050000
5 0.763281 0.283333 0.032813 0.041667
5 0.467187 0.928125 0.031250 0.043750
5 0.278125 0.723958 0.034375 0.072917
5 0.786719 0.737500 0.023438 0.045833
5 0.739062 0.226042 0.050000 0.031250
5 0.253906 0.464583 0.032813 0.033333
5 0.989844 0.591667 0.020313 0.050000
5 0.219531 0.888542 0.020313 0.052083
5 0.270313 0.554167 0.028125 0.037500
5 0.238281 0.968750 0.032813 0.025000
5 0.992188 0.025000 0.015625 0.050000
5 0.667969 0.310417 0.026562 0.029167
5 0.255469 0.871875 0.020313 0.035417
5 0.198437 0.956250 0.021875 0.029167
5 0.300781 0.765625 0.023438 0.027083
5 0.503906 0.964583 0.020313 0.029167
5 0.617969 0.092708 0.026562 0.022917
5 0.217969 0.258333 0.020313 0.025000
5 0.994531 0.322917 0.010937 0.041667
5 0.228125 0.384375 0.018750 0.022917
5 0.495312 0.562500 0.015625 0.025000
5 0.993750 0.983333 0.012500 0.033333
5 0.285938 0.643750 0.015625 0.025000
5 0.247656 0.797917 0.017188 0.020833
5 0.118750 0.217708 0.015625 0.018750
