5 0.238281 0.544792 0.104688 0.072917
5 0.630469 0.661458 0.057813 0.102083
5 0.453125 0.678125 0.046875 0.060417
5 0.710156 0.696875 0.060937 0.056250
5 0.369531 0.537500 0.039062 0.050000
5 0.612500 0.584375 0.031250 0.047917
5 0.017969 0.338542 0.035937 0.035417
5 0.491406 0.812500 0.026562 0.054167
5 0.217969 0.135417 0.039062 0.041667
5 0.020313 0.281250 0.040625 0.041667
5 0.195312 0.490625 0.031250 0.031250
5 0.839844 0.784375 0.020313 0.056250
5 0.180469 0.620833 0.035937 0.037500
5 0.313281 0.646875 0.023438 0.035417
5 0.385937 0.602083 0.021875 0.037500
5 0.793750 0.793750 0.037500 0.041667
5 0.708594 0.013542 0.029687 0.027083
5 0.140625 0.445833 0.040625 0.020833
5 0.141406 0.687500 0.023438 0.029167
5 0.393750 0.752083 0.025000 0.025000
5 0.352344 0.750000 0.023438 0.029167
5 0.702344 0.801042 0.017188 0.031250
5 0.426563 0.575000 0.021875 0.025000
5 0.479687 0.182292 0.015625 0.022917
5 0.562500 0.789583 0.015625 0.020833
