5 0.524219 0.818750 0.242188 0.170833
5 0.174219 0.623958 0.114062 0.152083
5 0.593750 0.211458 0.106250 0.122917
5 0.332031 0.776042 0.114062 0.093750
5 0.392188 0.895833 0.068750 0.129167
5 0.255469 0.065625 0.079687 0.072917
5 0.186719 0.338542 0.073438 0.064583
5 0.388281 0.659375 0.054688 0.060417
5 0.608594 0.452083 0.048438 0.054167
5 0.596875 0.332292 0.031250 0.068750
5 0.535937 0.736458 0.034375 0.060417
5 0.551562 0.518750 0.040625 0.054167
5 0.257031 0.191667 0.029687 0.058333
5 0.674219 0.577083 0.026562 0.020833
