5 0.400000 0.605208 0.068750 0.089583
5 0.370312 0.425000 0.031250 0.066667
5 0.118750 0.356250 0.021875 0.083333
5 0.116406 0.202083 0.029687 0.041667
5 0.376563 0.347917 0.028125 0.041667
5 0.922656 0.673958 0.026562 0.039583
5 0.429688 0.463542 0.025000 0.039583
5 0.935937 0.130208 0.028125 0.039583
5 0.435937 0.148958 0.028125 0.035417
5 0.893750 0.068750 0.025000 0.041667
5 0.668750 0.877083 0.028125 0.033333
5 0.527344 0.544792 0.023438 0.035417
5 0.067969 0.603125 0.023438 0.035417
5 0.091406 0.734375 0.023438 0.035417
5 0.668750 0.589583 0.025000 0.033333
5 0.296094 0.884375 0.023438 0.031250
5 0.314063 0.642708 0.025000 0.035417
5 0.010937 0.388542 0.021875 0.031250
5 0.156250 0.736458 0.018750 0.035417
5 0.677344 0.409375 0.020313 0.031250
5 0.689844 0.012500 0.023438 0.025000
5 0.195312 0.828125 0.021875 0.027083
5 0.150781 0.225000 0.020313 0.029167
5 0.232031 0.437500 0.017188 0.025000
5 0.528125 0.143750 0.015625 0.025000
5 0.032813 0.677083 0.015625 0.025000
