5 0.353906 0.359375 0.085938 0.210417
5 0.128906 0.071875 0.093750 0.143750
5 0.675781 0.108854 0.117188 0.080208
5 0.437500 0.133854 0.092188 0.090625
5 0.443359 0.702604 0.066406 0.076042
5 0.061328 0.818750 0.072656 0.102083
5 0.271094 0.861979 0.073438 0.088542
5 0.784766 0.098437 0.067969 0.067708
5 0.123438 0.631771 0.121875 0.046875
5 0.816016 0.465104 0.071094 0.076042
5 0.884766 0.860417 0.049219 0.091667
5 0.463281 0.545833 0.053125 0.085417
5 0.717187 0.032813 0.079687 0.065625
5 0.607422 0.747917 0.041406 0.104167
5 0.941406 0.394271 0.032813 0.086458
5 0.031641 0.289062 0.063281 0.057292
5 0.897656 0.642188 0.053125 0.051042
5 0.418750 0.846354 0.037500 0.073958
5 0.602734 0.187500 0.044531 0.047917
5 0.343359 0.706250 0.044531 0.047917
5 0.545703 0.358854 0.050781 0.048958
5 0.248438 0.279167 0.053125 0.043750
5 0.191016 0.216146 0.030469 0.046875
5 0.344922 0.953125 0.036719 0.041667
5 0.282813 0.458854 0.037500 0.038542
5 0.091016 0.295833 0.030469 0.035417
5 0.149219 0.140625 0.029687 0.037500
5 0.989844 0.760417 0.020313 0.066667
5 0.621094 0.570833 0.029687 0.031250
5 0.541406 0.271875 0.029687 0.031250
5 0.577344 0.920312 0.031250 0.038542
5 0.533984 0.044792 0.025781 0.029167
5 0.298828 0.067708 0.030469 0.025000
5 0.122266 0.786458 0.016406 0.020833
5 0.353516 0.841667 0.027344 0.014583
5 0.010156 0.007812 0.020313 0.015625
