5 0.580469 0.689583 0.251563 0.281250
5 0.174219 0.250000 0.214062 0.350000
5 0.844531 0.313021 0.164062 0.186458
5 0.620703 0.290104 0.147656 0.165625
5 0.852344 0.948958 0.093750 0.102083
5 0.400781 0.876563 0.071875 0.103125
5 0.956641 0.514062 0.086719 0.096875
5 0.771875 0.119271 0.081250 0.071875
5 0.748437 0.595313 0.050000 0.076042
5 0.395703 0.580208 0.057031 0.058333
5 0.973437 0.835417 0.053125 0.043750
5 0.882422 0.506771 0.042969 0.059375
5 0.562500 0.971875 0.040625 0.047917
5 0.833984 0.659375 0.032031 0.045833
5 0.929297 0.934375 0.050781 0.068750
5 0.537109 0.422917 0.030469 0.037500
5 0.537109 0.094271 0.027344 0.036458
5 0.487891 0.475000 0.036719 0.031250
5 0.486719 0.910417 0.025000 0.041667
