5 0.889844 0.478646 0.084375 0.161458
5 0.580078 0.181771 0.108594 0.094792
5 0.632031 0.550521 0.093750 0.080208
5 0.818750 0.942187 0.103125 0.086458
5 0.964453 0.830729 0.071094 0.115625
5 0.630469 0.218750 0.095312 0.091667
5 0.837109 0.268750 0.063281 0.081250
5 0.029297 0.273438 0.058594 0.073958
5 0.030078 0.605729 0.060156 0.067708
5 0.250781 0.376563 0.051562 0.065625
5 0.489844 0.493750 0.062500 0.072917
5 0.294141 0.018750 0.074219 0.037500
5 0.892969 0.201042 0.045312 0.064583
5 0.671094 0.950521 0.056250 0.061458
5 0.647656 0.039583 0.040625 0.068750
5 0.406250 0.872396 0.075000 0.042708
5 0.178906 0.197396 0.046875 0.048958
5 0.562500 0.021354 0.048438 0.042708
5 0.717969 0.111458 0.039062 0.052083
5 0.438281 0.118229 0.034375 0.057292
5 0.799609 0.765104 0.047656 0.040625
5 0.811328 0.500000 0.038281 0.037500
5 0.724219 0.213542 0.034375 0.041667
5 0.330469 0.958333 0.032813 0.045833
5 0.762891 0.251042 0.032031 0.043750
5 0.963672 0.255208 0.033594 0.045833
5 0.452344 0.571875 0.035937 0.033333
5 0.848437 0.364063 0.031250 0.038542
5 0.788281 0.152604 0.032813 0.034375
5 0.489844 0.212500 0.032813 0.031250
5 0.841016 0.599479 0.036719 0.028125
5 0.962109 0.614583 0.033594 0.029167
5 0.447266 0.797396 0.027344 0.040625
5 0.108984 0.083854 0.025781 0.032292
5 0.509766 0.795833 0.021094 0.035417
5 0.518750 0.550000 0.042188 0.039583
5 0.077344 0.313542 0.023438 0.022917
5 0.016016 0.531250 0.014844 0.037500
5 0.561719 0.443229 0.020313 0.023958
5 0.660937 0.993750 0.040625 0.012500
5 0.992969 0.070312 0.014063 0.032292
5 0.403125 0.450000 0.015625 0.020833
5 0.200000 0.345313 0.014063 0.019792
