5 0.543750 0.720833 0.065625 0.095833
5 0.178125 0.739583 0.053125 0.079167
5 0.407813 0.791667 0.037500 0.058333
5 0.729688 0.609375 0.050000 0.043750
5 0.141406 0.436458 0.032813 0.047917
5 0.685937 0.297917 0.021875 0.050000
5 0.584375 0.142708 0.025000 0.039583
5 0.988281 0.708333 0.023438 0.058333
5 0.886719 0.527083 0.020313 0.045833
5 0.277344 0.916667 0.026562 0.029167
5 0.131250 0.642708 0.028125 0.031250
5 0.847656 0.514583 0.023438 0.029167
5 0.869531 0.573958 0.023438 0.027083
5 0.182031 0.587500 0.020313 0.029167
5 0.499219 0.317708 0.020313 0.031250
5 0.164844 0.167708 0.014063 0.039583
5 0.084375 0.629167 0.018750 0.029167
5 0.273438 0.044792 0.015625 0.031250
5 0.357031 0.735417 0.020313 0.025000
5 0.684375 0.494792 0.018750 0.027083
5 0.810156 0.794792 0.023438 0.018750
5 0.837500 0.868750 0.018750 0.020833
5 0.300781 0.880208 0.014063 0.022917
