5 0.958594 0.721875 0.082812 0.202083
5 0.700000 0.943750 0.100000 0.112500
5 0.760938 0.380208 0.065625 0.135417
5 0.706250 0.042708 0.109375 0.085417
5 0.820312 0.232292 0.128125 0.085417
5 0.368750 0.732292 0.056250 0.081250
5 0.282813 0.052083 0.053125 0.079167
5 0.915625 0.328125 0.050000 0.072917
5 0.140625 0.696875 0.046875 0.089583
5 0.407031 0.801042 0.048438 0.056250
5 0.463281 0.590625 0.048438 0.052083
5 0.695312 0.652083 0.056250 0.066667
5 0.642969 0.332292 0.032813 0.064583
5 0.553125 0.890625 0.034375 0.047917
5 0.446094 0.428125 0.029687 0.056250
5 0.063281 0.618750 0.035937 0.045833
5 0.076563 0.533333 0.034375 0.045833
5 0.856250 0.872917 0.040625 0.033333
5 0.449219 0.732292 0.035937 0.039583
5 0.426563 0.903125 0.025000 0.052083
5 0.212500 0.467708 0.037500 0.035417
5 0.010156 0.694792 0.020313 0.052083
5 0.517969 0.836458 0.023438 0.039583
5 0.899219 0.747917 0.029687 0.029167
5 0.982812 0.379167 0.034375 0.033333
5 0.315625 0.481250 0.031250 0.025000
5 0.835938 0.347917 0.021875 0.033333
5 0.479687 0.668750 0.025000 0.029167
5 0.571094 0.606250 0.020313 0.029167
5 0.488281 0.072917 0.017188 0.033333
5 0.175000 0.457292 0.018750 0.018750
5 0.034375 0.287500 0.015625 0.020833
5 0.553125 0.126042 0.015625 0.022917
5 0.976562 0.475000 0.015625 0.020833
