5 0.868750 0.571354 0.212500 0.192708
5 0.266797 0.294792 0.261719 0.158333
5 0.698828 0.888542 0.180469 0.222917
5 0.060547 0.204167 0.121094 0.170833
5 0.676953 0.460938 0.127344 0.103125
5 0.161719 0.532813 0.103125 0.103125
5 0.379688 0.717187 0.100000 0.084375
5 0.677734 0.556250 0.050781 0.066667
5 0.516016 0.176042 0.052344 0.062500
5 0.864062 0.351562 0.067187 0.057292
5 0.021094 0.667708 0.042188 0.056250
5 0.497266 0.792188 0.058594 0.069792
5 0.484375 0.088021 0.037500 0.069792
5 0.567578 0.650000 0.035156 0.068750
5 0.327734 0.370312 0.042969 0.044792
5 0.460156 0.602604 0.039062 0.044792
5 0.248438 0.443229 0.045312 0.044792
5 0.576172 0.811979 0.035156 0.044792
5 0.170313 0.705729 0.037500 0.051042
5 0.266016 0.525521 0.036719 0.032292
5 0.348438 0.082292 0.029687 0.039583
5 0.491406 0.438542 0.029687 0.043750
5 0.648438 0.087500 0.023438 0.043750
5 0.783203 0.718229 0.024219 0.032292
5 0.203516 0.498437 0.027344 0.026042
