5 0.741406 0.458333 0.107813 0.108333
5 0.482812 0.469792 0.093750 0.085417
5 0.392188 0.482292 0.056250 0.060417
5 0.328125 0.187500 0.037500 0.070833
5 0.258594 0.321875 0.045312 0.052083
5 0.301563 0.528125 0.037500 0.043750
5 0.801562 0.176042 0.037500 0.047917
5 0.261719 0.553125 0.039062 0.047917
5 0.942969 0.460417 0.032813 0.050000
5 0.117188 0.625000 0.040625 0.041667
5 0.604688 0.266667 0.031250 0.041667
5 0.178906 0.496875 0.029687 0.035417
5 0.129688 0.377083 0.021875 0.037500
5 0.204687 0.573958 0.028125 0.027083
5 0.509375 0.051042 0.025000 0.031250
5 0.524219 0.134375 0.020313 0.035417
5 0.046094 0.610417 0.023438 0.025000
5 0.108594 0.790625 0.017188 0.027083
5 0.866406 0.495833 0.020313 0.025000
5 0.589844 0.539583 0.017188 0.029167
5 0.246875 0.505208 0.015625 0.022917
5 0.907813 0.514583 0.015625 0.020833
5 0.686719 0.181250 0.014063 0.020833
