5 0.725781 0.918750 0.064062 0.108333
5 0.916406 0.654167 0.060937 0.062500
5 0.771875 0.495833 0.056250 0.062500
5 0.850781 0.116667 0.067187 0.062500
5 0.714844 0.659375 0.039062 0.068750
5 0.898438 0.356250 0.043750 0.050000
5 0.619531 0.279167 0.035937 0.045833
5 0.652344 0.690625 0.045312 0.043750
5 0.383594 0.479167 0.029687 0.058333
5 0.540625 0.555208 0.034375 0.052083
5 0.470313 0.311458 0.028125 0.039583
5 0.202344 0.656250 0.032813 0.045833
5 0.985156 0.307292 0.029687 0.060417
5 0.988281 0.791667 0.023438 0.041667
5 0.942969 0.718750 0.029687 0.029167
5 0.776563 0.423958 0.025000 0.035417
5 0.259375 0.255208 0.018750 0.039583
5 0.817969 0.397917 0.023438 0.037500
5 0.348438 0.292708 0.015625 0.035417
5 0.848437 0.539583 0.025000 0.029167
5 0.909375 0.595833 0.018750 0.025000
5 0.982031 0.689583 0.020313 0.020833
5 0.617969 0.921875 0.017188 0.022917
5 0.553906 0.042708 0.010937 0.027083
