5 0.383594 0.597917 0.179688 0.345833
5 0.579688 0.291667 0.200000 0.204167
5 0.214062 0.054167 0.190625 0.108333
5 0.455469 0.773958 0.098437 0.147917
5 0.216406 0.248958 0.101562 0.185417
5 0.773438 0.611458 0.071875 0.097917
5 0.708594 0.092708 0.064062 0.131250
5 0.452344 0.282292 0.054688 0.110417
5 0.789844 0.721875 0.039062 0.056250
5 0.883594 0.825000 0.048438 0.041667
5 0.205469 0.405208 0.026562 0.060417
5 0.650781 0.100000 0.032813 0.037500
5 0.307031 0.225000 0.029687 0.037500
5 0.034375 0.163542 0.018750 0.052083
5 0.579688 0.885417 0.021875 0.041667
5 0.762500 0.951042 0.025000 0.035417
5 0.303906 0.389583 0.020313 0.041667
5 0.957812 0.314583 0.025000 0.033333
5 0.081250 0.473958 0.028125 0.027083
