5 0.346875 0.286979 0.203125 0.348958
5 0.501953 0.801562 0.133594 0.215625
5 0.648828 0.886458 0.094531 0.070833
5 0.633984 0.482812 0.072656 0.071875
5 0.789844 0.783333 0.062500 0.077083
5 0.826562 0.267188 0.051562 0.073958
5 0.851562 0.595833 0.065625 0.066667
5 0.176953 0.717708 0.055469 0.066667
5 0.303906 0.031771 0.067187 0.063542
5 0.754687 0.381250 0.042188 0.064583
5 0.510938 0.408854 0.037500 0.053125
5 0.186328 0.148438 0.038281 0.048958
5 0.562500 0.111458 0.035937 0.041667
5 0.965234 0.169792 0.038281 0.045833
5 0.739062 0.568229 0.034375 0.034375
5 0.365625 0.290625 0.031250 0.039583
