5 0.153906 0.280208 0.148438 0.231250
5 0.387500 0.250000 0.081250 0.079167
5 0.432031 0.046875 0.057813 0.093750
5 0.117969 0.757292 0.045312 0.060417
5 0.353906 0.580208 0.042188 0.056250
5 0.157031 0.547917 0.042188 0.054167
5 0.205469 0.635417 0.039062 0.050000
5 0.578125 0.604167 0.034375 0.050000
5 0.411719 0.333333 0.039062 0.037500
5 0.358594 0.164583 0.039062 0.062500
5 0.722656 0.502083 0.032813 0.037500
5 0.167187 0.829167 0.037500 0.029167
5 0.284375 0.097917 0.025000 0.041667
5 0.914062 0.083333 0.015625 0.037500
5 0.756250 0.564583 0.015625 0.020833
5 0.876563 0.185417 0.015625 0.020833
