5 0.811719 0.311458 0.045312 0.068750
5 0.313281 0.537500 0.051562 0.070833
5 0.518750 0.295833 0.056250 0.041667
5 0.219531 0.484375 0.029687 0.052083
5 0.432031 0.859375 0.029687 0.047917
5 0.239844 0.388542 0.029687 0.039583
5 0.016406 0.070833 0.032813 0.029167
5 0.401562 0.403125 0.018750 0.039583
5 0.457031 0.698958 0.020313 0.027083
5 0.192969 0.257292 0.020313 0.027083
5 0.140625 0.029167 0.018750 0.025000
5 0.578906 0.050000 0.023438 0.016667
5 0.410938 0.582292 0.015625 0.027083
5 0.777344 0.719792 0.020313 0.018750
5 0.242188 0.990625 0.018750 0.018750
