5 0.162500 0.731250 0.112500 0.166667
5 0.461719 0.455208 0.123438 0.139583
5 0.775000 0.682292 0.103125 0.106250
5 0.670312 0.226042 0.065625 0.060417
5 0.562500 0.594792 0.065625 0.039583
5 0.160156 0.047917 0.060937 0.050000
5 0.060156 0.261458 0.035937 0.047917
5 0.039844 0.884375 0.048438 0.052083
5 0.898438 0.059375 0.031250 0.039583
5 0.489063 0.189583 0.025000 0.041667
5 0.098437 0.909375 0.025000 0.039583
5 0.550000 0.483333 0.021875 0.041667
5 0.535937 0.042708 0.025000 0.056250
5 0.228906 0.170833 0.020313 0.037500
5 0.010937 0.611458 0.021875 0.035417
5 0.768750 0.525000 0.018750 0.033333
5 0.607031 0.393750 0.023438 0.020833
5 0.460156 0.291667 0.023438 0.025000
5 0.442969 0.245833 0.017188 0.025000
5 0.886719 0.705208 0.017188 0.022917
5 0.384375 0.292708 0.015625 0.027083
5 0.615625 0.007292 0.028125 0.014583
5 0.101562 0.289583 0.012500 0.029167
5 0.197656 0.362500 0.017188 0.020833
5 0.607031 0.979167 0.017188 0.020833
5 0.616406 0.557292 0.014063 0.027083
5 0.821094 0.850000 0.017188 0.020833
5 0.303125 0.204167 0.015625 0.020833
5 0.306250 0.570833 0.012500 0.025000
5 0.006250 0.668750 0.012500 0.025000
5 0.406250 0.676042 0.015625 0.018750
