5 0.383984 0.353646 0.325781 0.438542
5 0.801953 0.270313 0.092969 0.121875
5 0.249219 0.704688 0.115625 0.063542
5 0.346484 0.695833 0.064844 0.095833
5 0.751563 0.803125 0.103125 0.066667
5 0.330078 0.851562 0.063281 0.071875
5 0.081641 0.938021 0.058594 0.059375
5 0.516406 0.711458 0.051562 0.062500
5 0.392578 0.530208 0.060156 0.072917
5 0.426953 0.913021 0.042969 0.071875
5 0.711328 0.711979 0.046094 0.057292
5 0.847266 0.778646 0.038281 0.098958
5 0.798047 0.025521 0.052344 0.051042
5 0.849609 0.901563 0.050781 0.044792
5 0.289453 0.776563 0.041406 0.069792
5 0.810156 0.610417 0.048438 0.052083
5 0.656250 0.627604 0.035937 0.053125
5 0.637891 0.843229 0.038281 0.051042
5 0.628125 0.396354 0.032813 0.051042
5 0.983984 0.050521 0.032031 0.042708
5 0.859375 0.417708 0.037500 0.045833
5 0.232422 0.608333 0.036719 0.045833
5 0.509766 0.768750 0.044531 0.031250
5 0.700391 0.211458 0.058594 0.027083
