5 0.487500 0.311458 0.084375 0.093750
5 0.770312 0.350000 0.056250 0.125000
5 0.244531 0.296875 0.042188 0.089583
5 0.572656 0.356250 0.039062 0.087500
5 0.892188 0.665625 0.040625 0.068750
5 0.806250 0.343750 0.053125 0.070833
5 0.685937 0.680208 0.053125 0.039583
5 0.816406 0.151042 0.020313 0.072917
5 0.885156 0.310417 0.035937 0.045833
5 0.126562 0.375000 0.040625 0.029167
5 0.985938 0.059375 0.028125 0.031250
5 0.627344 0.510417 0.029687 0.029167
5 0.699219 0.245833 0.020313 0.045833
5 0.696875 0.593750 0.034375 0.020833
5 0.675781 0.358333 0.020313 0.033333
5 0.270313 0.194792 0.021875 0.031250
5 0.185156 0.350000 0.020313 0.029167
5 0.602344 0.546875 0.020313 0.027083
5 0.717187 0.433333 0.018750 0.029167
5 0.599219 0.485417 0.020313 0.025000
5 0.346094 0.373958 0.017188 0.027083
5 0.745313 0.695833 0.015625 0.020833
