5 0.170313 0.830208 0.246875 0.339583
5 0.043750 0.538542 0.087500 0.260417
5 0.585156 0.886458 0.095312 0.181250
5 0.476562 0.692708 0.081250 0.106250
5 0.359375 0.369792 0.059375 0.135417
5 0.095312 0.273958 0.071875 0.085417
5 0.623437 0.788542 0.059375 0.064583
5 0.667969 0.191667 0.048438 0.062500
5 0.150781 0.637500 0.054688 0.050000
5 0.482031 0.218750 0.029687 0.062500
5 0.161719 0.203125 0.029687 0.052083
5 0.393750 0.472917 0.028125 0.045833
5 0.214062 0.635417 0.031250 0.045833
5 0.421094 0.559375 0.032813 0.039583
5 0.032813 0.910417 0.028125 0.041667
5 0.481250 0.521875 0.040625 0.035417
5 0.472656 0.575000 0.029687 0.033333
5 0.609375 0.461458 0.028125 0.031250
5 0.014063 0.237500 0.028125 0.033333
5 0.494531 0.779167 0.023438 0.033333
5 0.829688 0.942708 0.021875 0.035417
5 0.172656 0.559375 0.026562 0.022917
5 0.846094 0.476042 0.023438 0.027083
