5 0.253125 0.141667 0.087500 0.154167
5 0.385156 0.386458 0.135937 0.093750
5 0.489844 0.490625 0.092188 0.093750
5 0.350781 0.300000 0.045312 0.083333
5 0.462500 0.253125 0.043750 0.052083
5 0.326562 0.167708 0.040625 0.056250
5 0.278906 0.409375 0.035937 0.064583
5 0.656250 0.721875 0.046875 0.039583
5 0.632031 0.032292 0.057813 0.039583
5 0.160156 0.016667 0.048438 0.033333
5 0.106250 0.188542 0.028125 0.047917
5 0.722656 0.054167 0.029687 0.041667
5 0.682031 0.890625 0.029687 0.039583
5 0.528125 0.441667 0.028125 0.041667
5 0.975781 0.363542 0.029687 0.035417
5 0.215625 0.298958 0.025000 0.043750
5 0.986719 0.235417 0.026562 0.041667
5 0.540625 0.601042 0.031250 0.039583
5 0.367188 0.018750 0.021875 0.037500
5 0.732812 0.104167 0.025000 0.037500
5 0.711719 0.223958 0.029687 0.035417
5 0.554688 0.265625 0.021875 0.035417
5 0.860938 0.629167 0.025000 0.029167
5 0.963281 0.596875 0.020313 0.031250
5 0.684375 0.252083 0.021875 0.029167
5 0.267188 0.610417 0.021875 0.029167
5 0.595313 0.807292 0.043750 0.031250
5 0.971875 0.457292 0.021875 0.027083
5 0.589844 0.589583 0.017188 0.029167
5 0.947656 0.397917 0.017188 0.025000
5 0.788281 0.835417 0.017188 0.025000
5 0.796875 0.325000 0.018750 0.020833
5 0.740625 0.894792 0.021875 0.018750
5 0.702344 0.779167 0.017188 0.020833
5 0.526563 0.776042 0.018750 0.018750
5 0.778125 0.569792 0.015625 0.018750
