5 0.510156 0.478125 0.070312 0.102083
5 0.835156 0.797917 0.107813 0.054167
5 0.678906 0.561458 0.048438 0.056250
5 0.446875 0.412500 0.053125 0.075000
5 0.713281 0.734375 0.039062 0.047917
5 0.131250 0.121875 0.046875 0.047917
5 0.500781 0.567708 0.029687 0.052083
5 0.682031 0.419792 0.032813 0.047917
5 0.353125 0.261458 0.028125 0.064583
5 0.444531 0.048958 0.023438 0.047917
5 0.496094 0.318750 0.042188 0.037500
5 0.398438 0.279167 0.043750 0.029167
5 0.857812 0.872917 0.028125 0.033333
5 0.822656 0.190625 0.026562 0.035417
5 0.910156 0.757292 0.026562 0.043750
5 0.716406 0.668750 0.023438 0.033333
5 0.794531 0.664583 0.023438 0.033333
5 0.964844 0.717708 0.023438 0.031250
5 0.753125 0.527083 0.021875 0.029167
5 0.893750 0.939583 0.037500 0.029167
5 0.790625 0.551042 0.021875 0.022917
5 0.670312 0.673958 0.015625 0.031250
5 0.609375 0.405208 0.018750 0.018750
