5 0.829688 0.169792 0.246875 0.339583
5 0.956250 0.461458 0.087500 0.260417
5 0.414844 0.113542 0.095312 0.181250
5 0.523438 0.307292 0.081250 0.106250
5 0.640625 0.630208 0.059375 0.135417
5 0.904687 0.726042 0.071875 0.085417
5 0.376563 0.211458 0.059375 0.064583
5 0.332031 0.808333 0.048438 0.062500
5 0.849219 0.362500 0.054688 0.050000
5 0.517969 0.781250 0.029687 0.062500
5 0.838281 0.796875 0.029687 0.052083
5 0.606250 0.527083 0.028125 0.045833
5 0.785937 0.364583 0.031250 0.045833
5 0.578906 0.440625 0.032813 0.039583
5 0.967187 0.089583 0.028125 0.041667
5 0.518750 0.478125 0.040625 0.035417
5 0.527344 0.425000 0.029687 0.033333
5 0.390625 0.538542 0.028125 0.031250
5 0.985938 0.762500 0.028125 0.033333
5 0.505469 0.220833 0.023438 0.033333
5 0.170313 0.057292 0.021875 0.035417
5 0.827344 0.440625 0.026562 0.022917
5 0.153906 0.523958 0.023438 0.027083
