5 0.558594 0.934375 0.060937 0.077083
5 0.012500 0.397917 0.025000 0.095833
5 0.189062 0.326042 0.040625 0.064583
5 0.921094 0.408333 0.054688 0.075000
5 0.856250 0.282292 0.034375 0.077083
5 0.958594 0.894792 0.042188 0.043750
5 0.803125 0.904167 0.034375 0.050000
5 0.407813 0.942708 0.034375 0.047917
5 0.479687 0.479167 0.028125 0.037500
5 0.732031 0.471875 0.026562 0.039583
5 0.145313 0.231250 0.025000 0.033333
5 0.219531 0.140625 0.035937 0.035417
5 0.738281 0.838542 0.020313 0.031250
5 0.168750 0.835417 0.021875 0.033333
5 0.683594 0.116667 0.023438 0.033333
5 0.426563 0.272917 0.015625 0.037500
5 0.425781 0.357292 0.023438 0.018750
5 0.507812 0.823958 0.028125 0.018750
5 0.482031 0.566667 0.017188 0.020833
5 0.348438 0.821875 0.015625 0.018750
