5 0.254688 0.232292 0.031250 0.064583
5 0.373437 0.420833 0.028125 0.066667
5 0.942969 0.252083 0.045312 0.050000
5 0.446875 0.903125 0.031250 0.043750
5 0.577344 0.640625 0.029687 0.039583
5 0.290625 0.634375 0.040625 0.047917
5 0.335156 0.552083 0.026562 0.041667
5 0.496875 0.282292 0.018750 0.043750
5 0.428125 0.733333 0.025000 0.020833
5 0.755469 0.288542 0.020313 0.031250
5 0.149219 0.506250 0.023438 0.020833
5 0.837500 0.477083 0.021875 0.029167
5 0.376563 0.350000 0.018750 0.025000
5 0.609375 0.257292 0.018750 0.022917
5 0.210156 0.446875 0.020313 0.022917
5 0.450000 0.989583 0.021875 0.020833
5 0.664844 0.876042 0.017188 0.031250
5 0.677344 0.466667 0.017188 0.025000
5 0.753125 0.732292 0.015625 0.022917
