5 0.026562 0.677083 0.053125 0.104167
5 0.267188 0.978125 0.084375 0.043750
5 0.905469 0.950000 0.079687 0.100000
5 0.305469 0.520833 0.054688 0.079167
5 0.629687 0.590625 0.056250 0.056250
5 0.439063 0.917708 0.031250 0.043750
5 0.751563 0.616667 0.043750 0.045833
5 0.858594 0.661458 0.026562 0.039583
5 0.267188 0.197917 0.025000 0.041667
5 0.101562 0.176042 0.025000 0.035417
5 0.311719 0.243750 0.023438 0.037500
5 0.539062 0.709375 0.021875 0.031250
5 0.322656 0.377083 0.023438 0.033333
5 0.808594 0.639583 0.032813 0.020833
5 0.648438 0.680208 0.021875 0.039583
5 0.393750 0.256250 0.021875 0.020833
5 0.457813 0.292708 0.018750 0.022917
5 0.696094 0.583333 0.017188 0.025000
5 0.363281 0.352083 0.020313 0.020833
5 0.140625 0.179167 0.015625 0.025000
5 0.421094 0.655208 0.014063 0.022917
5 0.510156 0.785417 0.017188 0.020833
5 0.935937 0.489583 0.015625 0.020833
