5 0.819531 0.615625 0.029687 0.043750
5 0.312500 0.811458 0.031250 0.052083
5 0.437500 0.128125 0.031250 0.043750
5 0.218750 0.480208 0.028125 0.031250
5 0.014063 0.935417 0.028125 0.029167
5 0.651563 0.658333 0.025000 0.033333
5 0.340625 0.281250 0.021875 0.033333
5 0.155469 0.063542 0.017188 0.047917
5 0.434375 0.661458 0.021875 0.035417
5 0.312500 0.077083 0.015625 0.037500
5 0.385156 0.217708 0.020313 0.027083
5 0.520312 0.206250 0.018750 0.025000
5 0.353906 0.703125 0.020313 0.022917
5 0.109375 0.456250 0.018750 0.025000
5 0.253125 0.162500 0.018750 0.025000
5 0.818750 0.767708 0.015625 0.027083
5 0.307812 0.277083 0.021875 0.020833
5 0.760156 0.110417 0.014063 0.029167
5 0.006250 0.404167 0.012500 0.029167
5 0.324219 0.954167 0.017188 0.020833
5 0.314844 0.529167 0.017188 0.020833
5 0.828125 0.718750 0.018750 0.016667
5 0.306250 0.178125 0.015625 0.018750
