5 0.057813 0.092708 0.046875 0.156250
5 0.103125 0.475000 0.065625 0.054167
5 0.393750 0.301042 0.056250 0.064583
5 0.720313 0.197917 0.046875 0.087500
5 0.471875 0.771875 0.043750 0.047917
5 0.200000 0.285417 0.037500 0.045833
5 0.227344 0.433333 0.039062 0.054167
5 0.779687 0.393750 0.031250 0.045833
5 0.085938 0.323958 0.034375 0.035417
5 0.356250 0.827083 0.028125 0.041667
5 0.653906 0.467708 0.035937 0.035417
5 0.547656 0.469792 0.039062 0.031250
5 0.153906 0.618750 0.029687 0.033333
5 0.807813 0.804167 0.025000 0.041667
5 0.427344 0.966667 0.029687 0.033333
5 0.128125 0.563542 0.028125 0.031250
5 0.218750 0.857292 0.025000 0.027083
5 0.338281 0.744792 0.026562 0.022917
5 0.575000 0.792708 0.021875 0.027083
5 0.292969 0.931250 0.020313 0.029167
5 0.988281 0.703125 0.023438 0.018750
5 0.559375 0.646875 0.015625 0.027083
5 0.594531 0.436458 0.017188 0.022917
