5 0.132812 0.738021 0.160938 0.138542
5 0.288672 0.576562 0.055469 0.065625
5 0.258203 0.067187 0.030469 0.078125
5 0.812500 0.372396 0.048438 0.055208
5 0.319922 0.725521 0.046094 0.044792
5 0.814063 0.918229 0.035937 0.051042
5 0.486719 0.038021 0.040625 0.046875
5 0.025391 0.609375 0.050781 0.033333
5 0.421094 0.666667 0.028125 0.050000
5 0.320312 0.226562 0.039062 0.042708
5 0.551562 0.612500 0.029687 0.056250
5 0.510547 0.757812 0.039844 0.034375
5 0.240234 0.660417 0.047656 0.047917
5 0.450391 0.453646 0.032031 0.032292
5 0.041406 0.502083 0.034375 0.033333
5 0.324609 0.475000 0.027344 0.033333
5 0.647656 0.319271 0.035937 0.028125
5 0.278906 0.765625 0.026562 0.033333
5 0.014844 0.452604 0.029687 0.028125
5 0.536328 0.156771 0.022656 0.036458
5 0.623437 0.042708 0.023438 0.035417
5 0.769531 0.928125 0.023438 0.033333
5 0.087109 0.514062 0.025781 0.023958
5 0.607031 0.371875 0.020313 0.025000
5 0.769922 0.340104 0.021094 0.023958
5 0.876563 0.976042 0.021875 0.022917
5 0.416406 0.207813 0.021875 0.019792
