5 0.791406 0.553125 0.067187 0.160417
5 0.518750 0.560417 0.062500 0.079167
5 0.589063 0.907292 0.040625 0.110417
5 0.135156 0.854167 0.039062 0.095833
5 0.475781 0.643750 0.035937 0.050000
5 0.209375 0.951042 0.028125 0.047917
5 0.207813 0.039583 0.040625 0.037500
5 0.358594 0.848958 0.020313 0.039583
5 0.627344 0.343750 0.023438 0.033333
5 0.660937 0.987500 0.025000 0.025000
5 0.860938 0.914583 0.015625 0.029167
5 0.758594 0.870833 0.017188 0.025000
5 0.007812 0.108333 0.015625 0.029167
5 0.423438 0.362500 0.015625 0.025000
5 0.960156 0.989583 0.017188 0.020833
5 0.395313 0.988542 0.012500 0.022917
