5 0.646094 0.596875 0.076563 0.047917
5 0.246875 0.340625 0.031250 0.089583
5 0.276562 0.758333 0.050000 0.045833
5 0.342969 0.491667 0.042188 0.058333
5 0.152344 0.016667 0.060937 0.033333
5 0.957812 0.669792 0.031250 0.060417
5 0.610156 0.656250 0.048438 0.033333
5 0.882812 0.228125 0.040625 0.035417
5 0.842969 0.036458 0.032813 0.043750
5 0.553125 0.181250 0.028125 0.045833
5 0.053906 0.336458 0.032813 0.035417
5 0.640625 0.429167 0.025000 0.041667
5 0.457031 0.290625 0.032813 0.031250
5 0.676562 0.354167 0.034375 0.025000
5 0.105469 0.105208 0.023438 0.035417
5 0.412500 0.516667 0.021875 0.033333
5 0.634375 0.381250 0.021875 0.025000
5 0.944531 0.465625 0.017188 0.022917
5 0.504687 0.325000 0.015625 0.025000
