4 0.098437 0.857812 0.131250 0.171875
4 0.310547 0.106250 0.105469 0.145833
4 0.348828 0.583854 0.102344 0.138542
4 0.560937 0.457292 0.115625 0.208333
4 0.664062 0.212500 0.098437 0.147917
4 0.585938 0.207813 0.085938 0.109375
4 0.196094 0.946354 0.075000 0.107292
4 0.847656 0.719792 0.057813 0.081250
4 0.281250 0.930729 0.050000 0.103125
4 0.371484 0.867188 0.066406 0.084375
4 0.488672 0.256771 0.077344 0.076042
4 0.730078 0.531771 0.033594 0.048958
4 0.544531 0.541146 0.029687 0.040625
4 0.179297 0.740104 0.022656 0.040625
4 0.284766 0.614062 0.033594 0.032292
4 0.503125 0.929688 0.017188 0.040625
4 0.055469 0.894271 0.023438 0.028125
4 0.431641 0.744792 0.030469 0.016667
