4 0.249609 0.218750 0.119531 0.287500
4 0.072266 0.234375 0.135156 0.175000
4 0.518359 0.183333 0.139844 0.181250
4 0.776953 0.091146 0.124219 0.182292
4 0.680859 0.688542 0.128906 0.154167
4 0.596094 0.884375 0.082812 0.160417
4 0.607422 0.416667 0.085156 0.141667
4 0.910547 0.139063 0.077344 0.178125
4 0.178516 0.343229 0.050781 0.086458
4 0.491797 0.842708 0.060156 0.045833
4 0.510938 0.174479 0.039062 0.059375
4 0.156641 0.113542 0.035156 0.047917
4 0.762109 0.053646 0.030469 0.055208
4 0.579688 0.111979 0.025000 0.061458
4 0.803125 0.059896 0.025000 0.030208
4 0.721484 0.501563 0.019531 0.030208
4 0.653906 0.715104 0.020313 0.023958
