4 0.789453 0.563542 0.163281 0.237500
4 0.866016 0.074479 0.136719 0.148958
4 0.179688 0.461979 0.115625 0.151042
4 0.239453 0.108333 0.105469 0.216667
4 0.610938 0.610938 0.107813 0.142708
4 0.361719 0.866146 0.115625 0.161458
4 0.332031 0.048438 0.085938 0.096875
4 0.596094 0.309896 0.051562 0.096875
4 0.398047 0.400000 0.042969 0.097917
4 0.477344 0.948958 0.057813 0.079167
4 0.903906 0.668750 0.042188 0.058333
4 0.426953 0.949479 0.028906 0.057292
4 0.460547 0.327604 0.047656 0.051042
4 0.476953 0.518750 0.032031 0.052083
4 0.675000 0.402083 0.020313 0.047917
4 0.441797 0.707292 0.024219 0.033333
