4 0.570312 0.133333 0.137500 0.181250
4 0.719922 0.927083 0.100781 0.145833
4 0.915625 0.360938 0.128125 0.155208
4 0.831641 0.560937 0.085156 0.167708
4 0.843750 0.094792 0.084375 0.131250
4 0.157422 0.298958 0.080469 0.122917
4 0.217188 0.966146 0.095312 0.067708
4 0.230078 0.882812 0.085156 0.073958
4 0.233203 0.198958 0.047656 0.070833
4 0.739062 0.585938 0.046875 0.063542
4 0.653125 0.878125 0.040625 0.056250
4 0.642188 0.983854 0.034375 0.032292
4 0.299219 0.852604 0.020313 0.036458
4 0.956641 0.176563 0.019531 0.030208
4 0.201172 0.221354 0.022656 0.030208
4 0.889453 0.388542 0.021094 0.022917
4 0.733203 0.967187 0.019531 0.026042
