4 0.735938 0.701562 0.207813 0.236458
4 0.240234 0.191667 0.150781 0.241667
4 0.142969 0.696875 0.125000 0.189583
4 0.855859 0.336458 0.111719 0.150000
4 0.423047 0.158333 0.111719 0.143750
4 0.629687 0.385937 0.059375 0.098958
4 0.371094 0.805208 0.060937 0.079167
4 0.426172 0.458333 0.047656 0.093750
4 0.217578 0.902604 0.089844 0.063542
4 0.555078 0.455208 0.050781 0.047917
4 0.346875 0.360938 0.025000 0.053125
4 0.142187 0.073958 0.025000 0.047917
4 0.546484 0.260937 0.032031 0.051042
4 0.589063 0.077083 0.023438 0.033333
4 0.607812 0.881250 0.023438 0.045833
