4 0.801562 0.823958 0.159375 0.197917
4 0.207813 0.178125 0.100000 0.156250
4 0.387500 0.839583 0.059375 0.087500
4 0.464062 0.566667 0.068750 0.079167
4 0.694531 0.626042 0.042188 0.060417
4 0.292187 0.661458 0.053125 0.085417
4 0.534375 0.325000 0.046875 0.058333
4 0.881250 0.017708 0.059375 0.035417
4 0.619531 0.756250 0.035937 0.041667
4 0.353906 0.761458 0.035937 0.039583
4 0.098437 0.177083 0.025000 0.041667
4 0.432812 0.634375 0.031250 0.039583
4 0.991406 0.443750 0.017188 0.075000
4 0.437500 0.738542 0.018750 0.043750
4 0.463281 0.900000 0.020313 0.041667
4 0.533594 0.619792 0.020313 0.039583
