4 0.152344 0.360417 0.114062 0.262500
4 0.840625 0.175000 0.056250 0.091667
4 0.696094 0.956250 0.048438 0.087500
4 0.717187 0.768750 0.034375 0.058333
4 0.939844 0.702083 0.039062 0.033333
4 0.756250 0.842708 0.028125 0.052083
4 0.894531 0.830208 0.026562 0.035417
4 0.893750 0.238542 0.034375 0.039583
4 0.628906 0.568750 0.020313 0.041667
4 0.172656 0.158333 0.039062 0.041667
4 0.550781 0.519792 0.023438 0.035417
4 0.992188 0.080208 0.015625 0.043750
4 0.692969 0.238542 0.017188 0.035417
4 0.906250 0.284375 0.025000 0.047917
4 0.709375 0.671875 0.021875 0.031250
4 0.869531 0.638542 0.017188 0.035417
4 0.536719 0.272917 0.017188 0.029167
4 0.926562 0.216667 0.018750 0.037500
4 0.285938 0.044792 0.018750 0.027083
