4 0.123438 0.828125 0.150000 0.185417
4 0.762500 0.721875 0.137500 0.156250
4 0.546875 0.591667 0.184375 0.108333
4 0.767969 0.143750 0.085938 0.175000
4 0.864062 0.505208 0.159375 0.118750
4 0.185156 0.043750 0.151562 0.087500
4 0.700781 0.246875 0.070312 0.097917
4 0.639062 0.186458 0.046875 0.077083
4 0.668750 0.308333 0.056250 0.058333
4 0.268750 0.783333 0.040625 0.041667
4 0.772656 0.372917 0.032813 0.041667
4 0.971094 0.573958 0.023438 0.039583
4 0.233594 0.517708 0.023438 0.031250
4 0.855469 0.987500 0.026562 0.025000
