4 0.198437 0.176042 0.159375 0.197917
4 0.792188 0.821875 0.100000 0.156250
4 0.612500 0.160417 0.059375 0.087500
4 0.535937 0.433333 0.068750 0.079167
4 0.305469 0.373958 0.042188 0.060417
4 0.707812 0.338542 0.053125 0.085417
4 0.465625 0.675000 0.046875 0.058333
4 0.118750 0.982292 0.059375 0.035417
4 0.380469 0.243750 0.035937 0.041667
4 0.646094 0.238542 0.035937 0.039583
4 0.901563 0.822917 0.025000 0.041667
4 0.567187 0.365625 0.031250 0.039583
4 0.008594 0.556250 0.017188 0.075000
4 0.562500 0.261458 0.018750 0.043750
4 0.536719 0.100000 0.020313 0.041667
4 0.466406 0.380208 0.020313 0.039583
