4 0.876563 0.171875 0.150000 0.185417
4 0.237500 0.278125 0.137500 0.156250
4 0.453125 0.408333 0.184375 0.108333
4 0.232031 0.856250 0.085938 0.175000
4 0.135937 0.494792 0.159375 0.118750
4 0.814844 0.956250 0.151562 0.087500
4 0.299219 0.753125 0.070312 0.097917
4 0.360938 0.813542 0.046875 0.077083
4 0.331250 0.691667 0.056250 0.058333
4 0.731250 0.216667 0.040625 0.041667
4 0.227344 0.627083 0.032813 0.041667
4 0.028906 0.426042 0.023438 0.039583
4 0.766406 0.482292 0.023438 0.031250
4 0.144531 0.012500 0.026562 0.025000
