1 0.289844 0.875521 0.184375 0.198958
1 0.107031 0.346875 0.129688 0.154167
1 0.464453 0.629687 0.174219 0.132292
1 0.707422 0.399479 0.171094 0.113542
1 0.437891 0.190625 0.116406 0.114583
1 0.728125 0.695312 0.090625 0.105208
1 0.322266 0.199479 0.075781 0.101042
1 0.824219 0.713021 0.070312 0.105208
1 0.725781 0.151042 0.089063 0.075000
1 0.263672 0.116667 0.069531 0.075000
1 0.896484 0.975521 0.050781 0.048958
1 0.977734 0.349479 0.044531 0.071875
1 0.278125 0.450000 0.045312 0.047917
1 0.225781 0.361979 0.053125 0.042708
1 0.698438 0.049479 0.035937 0.053125
1 0.515625 0.453125 0.035937 0.054167
1 0.189844 0.671875 0.046875 0.037500
1 0.860156 0.453125 0.023438 0.058333
1 0.155859 0.091667 0.036719 0.041667
1 0.917969 0.364063 0.021875 0.030208
1 0.306250 0.945833 0.021875 0.033333
1 0.826562 0.867188 0.023438 0.028125
1 0.838281 0.826042 0.021875 0.027083
