1 0.721875 0.840625 0.160938 0.262500
1 0.416797 0.373437 0.260156 0.190625
1 0.916797 0.277083 0.166406 0.202083
1 0.565625 0.744792 0.100000 0.135417
1 0.819141 0.079167 0.052344 0.093750
1 0.408594 0.582812 0.084375 0.107292
1 0.231641 0.347917 0.041406 0.079167
1 0.886328 0.481771 0.041406 0.063542
1 0.393359 0.264583 0.038281 0.056250
1 0.905859 0.264062 0.041406 0.036458
1 0.151172 0.338542 0.042969 0.041667
1 0.138672 0.412500 0.033594 0.041667
1 0.523438 0.166146 0.051562 0.032292
1 0.679297 0.441146 0.035156 0.036458
1 0.135547 0.106771 0.041406 0.028125
1 0.322266 0.264062 0.028906 0.051042
1 0.841406 0.768229 0.043750 0.038542
1 0.946484 0.661458 0.025781 0.029167
