1 0.573828 0.380208 0.200781 0.179167
1 0.171875 0.881250 0.126562 0.154167
1 0.776953 0.871354 0.164844 0.113542
1 0.492188 0.692187 0.121875 0.121875
1 0.376953 0.716146 0.078906 0.103125
1 0.767188 0.622917 0.109375 0.081250
1 0.312500 0.638542 0.076563 0.077083
1 0.926562 0.301042 0.035937 0.062500
1 0.744141 0.524479 0.038281 0.057292
1 0.291406 0.886979 0.048438 0.044792
1 0.350000 0.968750 0.040625 0.043750
1 0.930078 0.910417 0.024219 0.056250
1 0.203906 0.624479 0.037500 0.046875
1 0.585938 0.950000 0.029687 0.047917
1 0.967187 0.352083 0.028125 0.039583
1 0.191406 0.121354 0.028125 0.032292
1 0.951172 0.439063 0.025781 0.036458
1 0.985547 0.814583 0.028906 0.029167
