1 0.279297 0.616667 0.211719 0.358333
1 0.489453 0.760938 0.241406 0.188542
1 0.436328 0.446875 0.128906 0.118750
1 0.099219 0.676562 0.107813 0.121875
1 0.778125 0.357292 0.073438 0.106250
1 0.099219 0.303125 0.056250 0.116667
1 0.600391 0.660937 0.058594 0.115625
1 0.837500 0.455729 0.103125 0.082292
1 0.331641 0.860938 0.089844 0.076042
1 0.266406 0.925521 0.062500 0.084375
1 0.706641 0.252604 0.049219 0.082292
1 0.271484 0.446354 0.063281 0.067708
1 0.765234 0.505729 0.039844 0.084375
1 0.819922 0.757292 0.063281 0.072917
1 0.598047 0.348438 0.050781 0.082292
1 0.702344 0.689063 0.031250 0.065625
1 0.120703 0.493229 0.032031 0.048958
1 0.720313 0.418229 0.045312 0.038542
1 0.405859 0.865104 0.032031 0.046875
1 0.573438 0.219271 0.026562 0.053125
1 0.675000 0.142187 0.035937 0.044792
1 0.277344 0.372917 0.028125 0.035417
1 0.170313 0.167708 0.023438 0.035417
