1 0.888281 0.476042 0.223438 0.239583
1 0.210156 0.451562 0.148438 0.271875
1 0.312109 0.096354 0.196094 0.192708
1 0.377344 0.753125 0.137500 0.193750
1 0.097656 0.921354 0.101562 0.157292
1 0.660156 0.356771 0.084375 0.113542
1 0.857422 0.040104 0.071094 0.080208
1 0.898047 0.306771 0.053906 0.073958
1 0.753125 0.018750 0.064062 0.037500
1 0.062500 0.550000 0.040625 0.054167
1 0.574609 0.685417 0.046094 0.043750
1 0.859375 0.497917 0.035937 0.070833
1 0.319922 0.153125 0.022656 0.035417
1 0.723437 0.293229 0.021875 0.034375
1 0.487109 0.674479 0.024219 0.028125
1 0.842969 0.177604 0.023438 0.030208
