1 0.337891 0.657813 0.277344 0.267708
1 0.641016 0.578125 0.314844 0.212500
1 0.271484 0.184896 0.341406 0.192708
1 0.627734 0.916667 0.205469 0.166667
1 0.757422 0.333333 0.178906 0.189583
1 0.785156 0.750000 0.075000 0.112500
1 0.023828 0.830208 0.047656 0.125000
1 0.071875 0.234375 0.054688 0.112500
1 0.034766 0.091667 0.069531 0.089583
1 0.880469 0.856771 0.078125 0.059375
1 0.946875 0.872917 0.037500 0.077083
1 0.360547 0.813542 0.036719 0.050000
1 0.187500 0.201563 0.029687 0.046875
1 0.680469 0.148438 0.037500 0.042708
1 0.661719 0.576042 0.035937 0.045833
1 0.103906 0.538021 0.031250 0.044792
1 0.501563 0.842708 0.031250 0.039583
1 0.826953 0.235417 0.027344 0.050000
1 0.151953 0.850000 0.024219 0.045833
1 0.819531 0.841667 0.029687 0.037500
1 0.201563 0.708854 0.023438 0.038542
