1 0.325391 0.246875 0.235156 0.166667
1 0.852344 0.534375 0.195312 0.279167
1 0.791016 0.858333 0.158594 0.166667
1 0.401562 0.620313 0.209375 0.213542
1 0.772656 0.127083 0.089063 0.135417
1 0.144141 0.603125 0.074219 0.137500
1 0.076953 0.499479 0.071094 0.103125
1 0.453906 0.780208 0.060937 0.102083
1 0.266797 0.817187 0.053906 0.105208
1 0.809375 0.275521 0.057813 0.134375
1 0.033203 0.152083 0.066406 0.075000
1 0.212891 0.717708 0.077344 0.104167
1 0.437109 0.149479 0.064844 0.080208
1 0.752344 0.951042 0.064062 0.062500
1 0.528516 0.970833 0.055469 0.058333
1 0.617969 0.482292 0.039062 0.056250
1 0.576562 0.408333 0.053125 0.052083
1 0.802344 0.731250 0.032813 0.060417
1 0.474609 0.312500 0.039844 0.033333
1 0.324609 0.933333 0.030469 0.043750
1 0.440625 0.046354 0.023438 0.046875
