1 0.535937 0.425521 0.265625 0.230208
1 0.436719 0.217188 0.126562 0.192708
1 0.967187 0.663021 0.065625 0.142708
1 0.909375 0.552083 0.073438 0.112500
1 0.879297 0.202604 0.074219 0.084375
1 0.701562 0.369271 0.048438 0.088542
1 0.318359 0.115625 0.041406 0.079167
1 0.719922 0.085417 0.055469 0.054167
1 0.500781 0.070833 0.034375 0.085417
1 0.803125 0.376042 0.045312 0.064583
1 0.775000 0.641667 0.029687 0.064583
1 0.484766 0.538021 0.036719 0.036458
1 0.657813 0.058854 0.040625 0.028125
1 0.844531 0.314063 0.032813 0.036458
1 0.691406 0.526042 0.028125 0.033333
1 0.255078 0.342187 0.022656 0.038542
1 0.352344 0.713021 0.037500 0.019792
1 0.902734 0.435417 0.027344 0.033333
