1 0.275391 0.582812 0.197656 0.169792
1 0.105469 0.273438 0.185938 0.126042
1 0.931250 0.148958 0.096875 0.170833
1 0.389844 0.734896 0.090625 0.142708
1 0.885156 0.489063 0.070312 0.092708
1 0.733203 0.734375 0.108594 0.093750
1 0.574219 0.538021 0.082812 0.094792
1 0.164453 0.726042 0.103906 0.075000
1 0.400781 0.036458 0.078125 0.072917
1 0.158984 0.106250 0.071094 0.097917
1 0.647266 0.883333 0.055469 0.087500
1 0.362891 0.353125 0.046094 0.060417
1 0.125391 0.661979 0.055469 0.046875
1 0.212500 0.788021 0.051562 0.053125
1 0.869141 0.044792 0.053906 0.064583
1 0.173828 0.553646 0.041406 0.067708
1 0.590625 0.275521 0.032813 0.055208
1 0.542578 0.777604 0.038281 0.067708
1 0.776953 0.572396 0.041406 0.044792
1 0.642188 0.345833 0.021875 0.077083
1 0.910937 0.338542 0.035937 0.037500
1 0.323047 0.220833 0.028906 0.041667
1 0.615234 0.655208 0.028906 0.037500
1 0.216406 0.268229 0.025000 0.042708
1 0.344141 0.828125 0.024219 0.043750
1 0.052734 0.395313 0.019531 0.044792
1 0.395313 0.618750 0.021875 0.041667
1 0.707031 0.884896 0.026562 0.032292
1 0.366797 0.211979 0.027344 0.021875
1 0.487500 0.911979 0.025000 0.028125
