1 0.773047 0.278646 0.224219 0.344792
1 0.571875 0.720313 0.195312 0.196875
1 0.927734 0.440625 0.144531 0.195833
1 0.706250 0.910417 0.139063 0.179167
1 0.585938 0.312500 0.123438 0.127083
1 0.765625 0.760417 0.120313 0.158333
1 0.940625 0.127083 0.118750 0.106250
1 0.778906 0.559375 0.153125 0.135417
1 0.782031 0.104688 0.060937 0.065625
1 0.883203 0.540104 0.033594 0.046875
1 0.625781 0.132292 0.031250 0.052083
1 0.367188 0.944792 0.028125 0.041667
1 0.681250 0.559375 0.025000 0.045833
1 0.803125 0.842708 0.029687 0.031250
1 0.346875 0.346875 0.032813 0.027083
