1 0.575391 0.683333 0.308594 0.275000
1 0.125000 0.621354 0.250000 0.196875
1 0.750391 0.164062 0.157031 0.171875
1 0.463281 0.172396 0.098437 0.101042
1 0.437109 0.346354 0.074219 0.123958
1 0.200000 0.141146 0.043750 0.109375
1 0.155469 0.753646 0.062500 0.096875
1 0.846875 0.161458 0.056250 0.077083
1 0.268359 0.476562 0.042969 0.057292
1 0.700391 0.907292 0.030469 0.072917
1 0.793750 0.863021 0.043750 0.036458
1 0.445703 0.835938 0.039844 0.055208
1 0.381641 0.756250 0.035156 0.043750
1 0.211719 0.425521 0.032813 0.046875
1 0.805859 0.945833 0.027344 0.047917
1 0.300781 0.145833 0.023438 0.050000
1 0.864844 0.243229 0.023438 0.040625
1 0.941797 0.558333 0.027344 0.035417
