1 0.606250 0.293750 0.306250 0.212500
1 0.883203 0.123958 0.233594 0.191667
1 0.917578 0.443750 0.164844 0.164583
1 0.192578 0.835938 0.164844 0.182292
1 0.299609 0.569271 0.138281 0.128125
1 0.190234 0.498958 0.125781 0.150000
1 0.596875 0.900521 0.089063 0.169792
1 0.467969 0.858333 0.129688 0.112500
1 0.781641 0.875521 0.082031 0.182292
1 0.305078 0.826042 0.066406 0.118750
1 0.176172 0.665104 0.058594 0.071875
1 0.885156 0.744271 0.048438 0.082292
1 0.053906 0.490104 0.051562 0.073958
1 0.616797 0.698438 0.041406 0.067708
1 0.779687 0.719271 0.042188 0.051042
1 0.660156 0.438021 0.042188 0.048958
1 0.909766 0.113542 0.039844 0.039583
1 0.141797 0.388542 0.032031 0.047917
1 0.462891 0.541667 0.025781 0.056250
1 0.359375 0.253125 0.029687 0.045833
1 0.742188 0.117708 0.029687 0.039583
1 0.276562 0.013021 0.045312 0.026042
1 0.800000 0.425000 0.026562 0.039583
1 0.484766 0.388021 0.028906 0.040625
1 0.092578 0.800521 0.028906 0.036458
1 0.583594 0.423958 0.037500 0.025000
