1 0.502344 0.596354 0.206250 0.238542
1 0.155469 0.131771 0.248438 0.165625
1 0.222656 0.759375 0.203125 0.154167
1 0.708203 0.465625 0.147656 0.202083
1 0.376563 0.369271 0.123438 0.155208
1 0.309766 0.224479 0.069531 0.113542
1 0.705859 0.601042 0.077344 0.083333
1 0.445312 0.440625 0.060937 0.091667
1 0.600000 0.135417 0.050000 0.060417
1 0.547266 0.270833 0.036719 0.056250
1 0.095312 0.273958 0.045312 0.035417
1 0.646094 0.928125 0.032813 0.031250
1 0.027734 0.082812 0.027344 0.038542
1 0.762500 0.084375 0.034375 0.029167
1 0.323437 0.333854 0.026562 0.032292
