1 0.645703 0.403125 0.169531 0.247917
1 0.733594 0.772917 0.101562 0.172917
1 0.172266 0.558854 0.160156 0.176042
1 0.552734 0.163021 0.152344 0.134375
1 0.351953 0.305208 0.113281 0.095833
1 0.074219 0.407813 0.050000 0.080208
1 0.677344 0.659896 0.064062 0.065625
1 0.158594 0.918229 0.042188 0.055208
1 0.451172 0.433333 0.035156 0.058333
1 0.389453 0.863021 0.032031 0.051042
1 0.393750 0.395833 0.034375 0.045833
1 0.436719 0.938021 0.023438 0.073958
1 0.706250 0.955208 0.029687 0.029167
1 0.891406 0.964583 0.031250 0.041667
1 0.046484 0.293229 0.030469 0.038542
1 0.126172 0.781771 0.025781 0.036458
1 0.017969 0.819792 0.020313 0.035417
1 0.479687 0.073438 0.018750 0.030208
1 0.108594 0.016146 0.025000 0.032292
