1 0.791797 0.117188 0.194531 0.234375
1 0.734766 0.418229 0.164844 0.169792
1 0.388672 0.215104 0.114844 0.159375
1 0.287500 0.163021 0.100000 0.159375
1 0.084375 0.175000 0.073438 0.137500
1 0.207422 0.390104 0.055469 0.113542
1 0.395703 0.347396 0.063281 0.105208
1 0.692187 0.513021 0.076563 0.065625
1 0.025781 0.073438 0.051562 0.103125
1 0.471094 0.545312 0.060937 0.082292
1 0.153516 0.288021 0.077344 0.103125
1 0.557813 0.044792 0.035937 0.056250
1 0.264844 0.504167 0.037500 0.050000
1 0.743750 0.292187 0.032813 0.061458
1 0.406641 0.593229 0.033594 0.036458
1 0.658984 0.457813 0.021094 0.028125
