1 0.518359 0.872396 0.183594 0.198958
1 0.109766 0.543229 0.164844 0.196875
1 0.320312 0.348958 0.132812 0.156250
1 0.687109 0.616667 0.175781 0.133333
1 0.919922 0.373958 0.160156 0.114583
1 0.647656 0.179167 0.120313 0.118750
1 0.178125 0.794792 0.103125 0.114583
1 0.956250 0.669271 0.087500 0.105208
1 0.532031 0.194792 0.078125 0.104167
1 0.933203 0.125521 0.089844 0.076042
1 0.471094 0.114583 0.073438 0.075000
1 0.209375 0.473438 0.040625 0.057292
1 0.112109 0.038021 0.032031 0.076042
1 0.495703 0.446875 0.046094 0.050000
1 0.441016 0.360938 0.052344 0.046875
1 0.905078 0.025521 0.035156 0.051042
1 0.733984 0.439063 0.035156 0.055208
1 0.412891 0.671875 0.047656 0.037500
1 0.362500 0.095312 0.037500 0.044792
1 0.537891 0.940104 0.022656 0.036458
1 0.142969 0.195312 0.026562 0.030208
1 0.954688 0.978125 0.018750 0.031250
1 0.332422 0.225000 0.027344 0.022917
