1 0.562500 0.768750 0.307812 0.218750
1 0.602344 0.200000 0.376563 0.193750
1 0.112891 0.277604 0.225781 0.188542
1 0.181641 0.639583 0.200781 0.258333
1 0.356641 0.107292 0.130469 0.214583
1 0.181250 0.868750 0.126562 0.120833
1 0.234766 0.277083 0.092969 0.135417
1 0.897656 0.717187 0.087500 0.173958
1 0.684375 0.342708 0.060937 0.102083
1 0.432031 0.651042 0.042188 0.054167
1 0.980469 0.208854 0.039062 0.065625
1 0.817969 0.082292 0.040625 0.056250
1 0.252734 0.649479 0.041406 0.048958
1 0.489063 0.471354 0.029687 0.063542
1 0.967187 0.464583 0.043750 0.056250
1 0.908984 0.375521 0.035156 0.046875
1 0.980078 0.853125 0.039844 0.039583
1 0.954688 0.914062 0.031250 0.042708
1 0.383203 0.597396 0.046094 0.038542
1 0.764062 0.023958 0.028125 0.047917
