1 0.909766 0.247917 0.180469 0.304167
1 0.233594 0.611458 0.220312 0.254167
1 0.075781 0.301563 0.151562 0.146875
1 0.721484 0.935417 0.085156 0.129167
1 0.751563 0.576042 0.110937 0.087500
1 0.580859 0.397396 0.083594 0.092708
1 0.135937 0.165625 0.056250 0.114583
1 0.676562 0.732812 0.053125 0.092708
1 0.360547 0.239583 0.063281 0.070833
1 0.352734 0.891667 0.057031 0.085417
1 0.980859 0.141146 0.038281 0.053125
1 0.431641 0.664062 0.032031 0.053125
1 0.241406 0.186979 0.026562 0.063542
1 0.564844 0.641667 0.040625 0.066667
1 0.785547 0.406771 0.039844 0.046875
1 0.580469 0.135937 0.029687 0.051042
1 0.635547 0.197396 0.016406 0.076042
1 0.290625 0.018750 0.035937 0.037500
1 0.389453 0.608854 0.028906 0.036458
1 0.876953 0.026042 0.028906 0.052083
1 0.628906 0.508333 0.028125 0.037500
1 0.828125 0.428125 0.025000 0.043750
