1 0.508203 0.564063 0.172656 0.198958
1 0.910937 0.904167 0.178125 0.191667
1 0.725781 0.378646 0.137500 0.157292
1 0.572656 0.816667 0.106250 0.116667
1 0.941406 0.230208 0.076563 0.102083
1 0.192578 0.706250 0.060156 0.118750
1 0.882031 0.148438 0.075000 0.076042
1 0.029687 0.503125 0.059375 0.064583
1 0.612109 0.496875 0.041406 0.060417
1 0.522656 0.058854 0.034375 0.076042
1 0.187109 0.597917 0.057031 0.043750
1 0.846094 0.393750 0.054688 0.045833
1 0.899219 0.482292 0.045312 0.050000
1 0.811328 0.703646 0.047656 0.038542
1 0.772656 0.123958 0.037500 0.045833
1 0.286328 0.877604 0.025781 0.042708
1 0.550391 0.216667 0.028906 0.031250
1 0.018750 0.011979 0.037500 0.023958
1 0.929688 0.976562 0.021875 0.036458
1 0.217578 0.790104 0.028906 0.028125
1 0.740234 0.253646 0.027344 0.023958
1 0.383203 0.057813 0.022656 0.026042
1 0.266797 0.511458 0.021094 0.025000
