1 0.491406 0.271875 0.354687 0.497917
1 0.414062 0.706771 0.164062 0.188542
1 0.287500 0.813021 0.162500 0.119792
1 0.226172 0.927083 0.116406 0.145833
1 0.749609 0.247917 0.091406 0.137500
1 0.342187 0.039583 0.120313 0.079167
1 0.961328 0.204687 0.077344 0.092708
1 0.676172 0.102083 0.064844 0.091667
1 0.116797 0.023958 0.105469 0.047917
1 0.625000 0.873958 0.079687 0.093750
1 0.651563 0.980729 0.092188 0.038542
1 0.766797 0.728646 0.038281 0.113542
1 0.688281 0.752083 0.059375 0.066667
1 0.206250 0.309375 0.059375 0.047917
1 0.389844 0.902083 0.034375 0.066667
1 0.125391 0.572917 0.044531 0.054167
1 0.857812 0.922396 0.067187 0.038542
