1 0.381639 0.777328 0.241275 0.319838
1 0.069803 0.353239 0.139605 0.127530
1 0.372534 0.160931 0.092564 0.115385
1 0.231411 0.563765 0.068285 0.119433
1 0.135053 0.545547 0.057663 0.143725
1 0.572079 0.907895 0.057663 0.107287
1 0.433991 0.568826 0.072838 0.093117
1 0.801973 0.857287 0.068285 0.058704
1 0.442337 0.115385 0.056146 0.080972
1 0.741275 0.113360 0.040971 0.072874
1 0.641123 0.972672 0.044006 0.054656
1 0.416540 0.831984 0.034901 0.060729
1 0.364188 0.492915 0.033384 0.062753
1 0.796662 0.706478 0.033384 0.048583
1 0.438543 0.277328 0.036419 0.052632
1 0.060698 0.696356 0.030349 0.060729
1 0.056146 0.047571 0.033384 0.042510
1 0.578149 0.674089 0.036419 0.040486
1 0.723824 0.908907 0.030349 0.044534
1 0.810319 0.600202 0.033384 0.042510
1 0.317147 0.265182 0.030349 0.044534
1 0.559939 0.218623 0.027314 0.040486
