1 0.607143 0.451439 0.330189 0.208633
1 0.761456 0.385791 0.223720 0.289568
1 0.416442 0.256295 0.153639 0.142086
1 0.308625 0.053957 0.123989 0.107914
1 0.283019 0.857914 0.086253 0.097122
1 0.946765 0.502698 0.071429 0.098921
1 0.718329 0.743705 0.037736 0.073741
1 0.241240 0.581835 0.056604 0.037770
1 0.357817 0.147482 0.039084 0.043165
1 0.392183 0.822842 0.024259 0.088129
1 0.977089 0.014388 0.045822 0.028777
1 0.301213 0.242806 0.047170 0.064748
1 0.636792 0.924460 0.044474 0.032374
1 0.516846 0.207734 0.025606 0.052158
1 0.095687 0.620504 0.026954 0.035971
