1 0.530859 0.544792 0.166406 0.172917
1 0.818359 0.835938 0.164844 0.219792
1 0.296094 0.226562 0.126562 0.148958
1 0.539844 0.852083 0.092188 0.131250
1 0.934766 0.092188 0.130469 0.084375
1 0.316797 0.040625 0.080469 0.081250
1 0.477734 0.254167 0.061719 0.083333
1 0.180469 0.598437 0.045312 0.061458
1 0.613281 0.037500 0.051562 0.075000
1 0.971094 0.273438 0.057813 0.040625
1 0.705469 0.127604 0.037500 0.046875
1 0.730859 0.318750 0.058594 0.039583
1 0.878516 0.431250 0.060156 0.037500
1 0.902344 0.286458 0.034375 0.037500
1 0.584766 0.728125 0.050781 0.027083
1 0.980469 0.693229 0.039062 0.036458
1 0.754687 0.500521 0.028125 0.036458
1 0.641016 0.223438 0.028906 0.034375
1 0.823828 0.406771 0.038281 0.036458
1 0.876953 0.326042 0.025781 0.029167
1 0.641797 0.397917 0.028906 0.027083
1 0.580469 0.429167 0.021875 0.025000
1 0.776172 0.009896 0.027344 0.019792
1 0.466406 0.178125 0.020313 0.029167
