1 0.307951 0.794065 0.066038 0.102518
1 0.220350 0.034173 0.084906 0.068345
1 0.803235 0.498201 0.072776 0.068345
1 0.756065 0.695144 0.056604 0.080935
1 0.023585 0.590827 0.047170 0.062950
1 0.204852 0.661871 0.043127 0.064748
1 0.119272 0.179856 0.030997 0.053957
1 0.048518 0.425360 0.040431 0.048561
1 0.826146 0.579137 0.035040 0.043165
1 0.501348 0.485612 0.021563 0.032374
1 0.448113 0.138489 0.025606 0.028777
1 0.086253 0.359712 0.021563 0.028777
1 0.457547 0.413669 0.030997 0.017986
1 0.374663 0.991906 0.035040 0.016187
1 0.352426 0.857914 0.020216 0.025180
1 0.477763 0.020683 0.022911 0.023381
1 0.006739 0.503597 0.013477 0.025180
