1 0.339735 0.583039 0.125828 0.141343
1 0.739735 0.444346 0.099338 0.146643
1 0.667550 0.560954 0.116556 0.075972
1 0.599338 0.652827 0.051656 0.075972
1 0.317881 0.977032 0.055629 0.045936
1 0.485430 0.406360 0.038411 0.049470
1 0.032450 0.825088 0.025166 0.045936
1 0.539073 0.437279 0.031788 0.033569
1 0.007947 0.691696 0.015894 0.033569
1 0.730464 0.606890 0.022517 0.022968
1 0.088742 0.940813 0.018543 0.026502
1 0.643709 0.007067 0.034437 0.014134
1 0.774834 0.497350 0.021192 0.019435
1 0.954305 0.487633 0.019868 0.017668
1 0.539735 0.373675 0.019868 0.015901
