1 0.356534 0.148674 0.090909 0.195076
1 0.709517 0.825758 0.120739 0.159091
1 0.852273 0.476326 0.076705 0.138258
1 0.438920 0.293561 0.113636 0.087121
1 0.875710 0.922348 0.072443 0.053030
1 0.295455 0.022727 0.048295 0.045455
1 0.759943 0.644886 0.039773 0.054924
1 0.566761 0.571023 0.031250 0.047348
1 0.368608 0.730114 0.029830 0.043561
1 0.919744 0.444129 0.024148 0.043561
1 0.515625 0.343750 0.025568 0.047348
1 0.031960 0.647727 0.024148 0.037879
1 0.359375 0.339962 0.025568 0.039773
1 0.893466 0.795455 0.025568 0.034091
1 0.551136 0.255682 0.019886 0.041667
1 0.622159 0.193182 0.019886 0.037879
1 0.479403 0.369318 0.018466 0.026515
