1 0.719922 0.195312 0.172656 0.246875
1 0.127734 0.396875 0.183594 0.145833
1 0.695312 0.471875 0.096875 0.100000
1 0.196094 0.117188 0.092188 0.076042
1 0.543750 0.689583 0.075000 0.077083
1 0.588281 0.785937 0.037500 0.092708
1 0.743359 0.564063 0.041406 0.071875
1 0.894922 0.322396 0.057031 0.048958
1 0.330469 0.497917 0.050000 0.052083
1 0.639062 0.551562 0.035937 0.038542
1 0.183203 0.484896 0.041406 0.030208
1 0.571094 0.983854 0.032813 0.032292
1 0.794141 0.475521 0.052344 0.026042
1 0.869922 0.754687 0.032031 0.030208
