1 0.780859 0.389583 0.321094 0.452083
1 0.617578 0.139583 0.125781 0.147917
1 0.607422 0.947396 0.160156 0.096875
1 0.391797 0.150000 0.105469 0.108333
1 0.065625 0.831250 0.078125 0.114583
1 0.697266 0.790104 0.094531 0.090625
1 0.276953 0.325521 0.061719 0.094792
1 0.764844 0.873437 0.093750 0.076042
1 0.961328 0.196354 0.053906 0.086458
1 0.898047 0.087500 0.049219 0.054167
1 0.498437 0.454167 0.059375 0.047917
1 0.432812 0.725000 0.043750 0.052083
1 0.896094 0.142708 0.067187 0.029167
1 0.252734 0.701562 0.052344 0.044792
1 0.933984 0.966667 0.042969 0.066667
1 0.663672 0.345313 0.047656 0.038542
