1 0.757031 0.755208 0.260937 0.489583
1 0.497656 0.872917 0.192188 0.254167
1 0.103125 0.889583 0.150000 0.220833
1 0.734375 0.447917 0.140625 0.175000
1 0.586719 0.653125 0.114062 0.231250
1 0.942187 0.906250 0.115625 0.141667
1 0.591406 0.166667 0.107813 0.137500
1 0.273438 0.772917 0.115625 0.104167
1 0.921875 0.250000 0.090625 0.091667
1 0.228906 0.421875 0.054688 0.122917
1 0.969531 0.181250 0.060937 0.116667
1 0.592969 0.434375 0.064062 0.089583
1 0.453125 0.308333 0.059375 0.091667
1 0.817187 0.917708 0.046875 0.089583
1 0.532031 0.386458 0.051562 0.072917
1 0.652344 0.367708 0.054688 0.039583
1 0.175000 0.502083 0.056250 0.041667
1 0.305469 0.326042 0.039062 0.072917
1 0.366406 0.368750 0.035937 0.050000
1 0.661719 0.073958 0.039062 0.031250
1 0.542188 0.917708 0.028125 0.039583
