1 0.392857 0.548561 0.330189 0.208633
1 0.238544 0.614209 0.223720 0.289568
1 0.583558 0.743705 0.153639 0.142086
1 0.691375 0.946043 0.123989 0.107914
1 0.716981 0.142086 0.086253 0.097122
1 0.053235 0.497302 0.071429 0.098921
1 0.281671 0.256295 0.037736 0.073741
1 0.758760 0.418165 0.056604 0.037770
1 0.642183 0.852518 0.039084 0.043165
1 0.607817 0.177158 0.024259 0.088129
1 0.022911 0.985612 0.045822 0.028777
1 0.698787 0.757194 0.047170 0.064748
1 0.363208 0.075540 0.044474 0.032374
1 0.483154 0.792266 0.025606 0.052158
1 0.904313 0.379496 0.026954 0.035971
