1 0.711590 0.104317 0.123989 0.179856
1 0.738544 0.524281 0.105121 0.134892
1 0.785714 0.194245 0.078167 0.086331
1 0.254043 0.956835 0.049865 0.086331
1 0.634771 0.182554 0.059299 0.106115
1 0.563342 0.734712 0.051213 0.080935
1 0.944070 0.160072 0.033693 0.071942
1 0.362534 0.454137 0.035040 0.052158
1 0.165094 0.073741 0.036388 0.039568
1 0.526280 0.375000 0.036388 0.034173
1 0.863208 0.268885 0.030997 0.030576
1 0.221024 0.806655 0.021563 0.037770
1 0.075472 0.574640 0.016173 0.034173
1 0.811321 0.021583 0.024259 0.017986
