1 0.676136 0.422348 0.107955 0.212121
1 0.516335 0.527462 0.103693 0.149621
1 0.076705 0.933712 0.102273 0.132576
1 0.318182 0.142045 0.079545 0.140152
1 0.457386 0.875000 0.093750 0.136364
1 0.332386 0.826705 0.059659 0.085227
1 0.639205 0.607955 0.071023 0.075758
1 0.588778 0.397727 0.069602 0.113636
1 0.744318 0.594697 0.051136 0.060606
1 0.153409 0.367424 0.042614 0.060606
1 0.039062 0.334280 0.044034 0.047348
1 0.117898 0.480114 0.028409 0.054924
1 0.722301 0.026515 0.046875 0.037879
1 0.745028 0.526515 0.049716 0.041667
1 0.970170 0.832386 0.028409 0.043561
1 0.918324 0.434659 0.024148 0.039773
1 0.099432 0.580492 0.019886 0.028409
