1 0.900781 0.664583 0.104688 0.112500
1 0.760156 0.546875 0.064062 0.127083
1 0.446875 0.452083 0.078125 0.125000
1 0.782031 0.669792 0.064062 0.093750
1 0.321094 0.440625 0.045312 0.068750
1 0.700000 0.711458 0.062500 0.056250
1 0.780469 0.870833 0.035937 0.075000
1 0.344531 0.945833 0.060937 0.083333
1 0.090625 0.385417 0.037500 0.054167
1 0.459375 0.644792 0.043750 0.060417
1 0.484375 0.786458 0.031250 0.039583
1 0.603906 0.443750 0.023438 0.058333
1 0.346094 0.675000 0.026562 0.041667
1 0.685937 0.496875 0.031250 0.031250
1 0.218750 0.929167 0.025000 0.033333
1 0.292969 0.578125 0.026562 0.027083
1 0.466406 0.154167 0.023438 0.033333
1 0.496094 0.692708 0.023438 0.031250
1 0.867188 0.842708 0.028125 0.027083
1 0.992188 0.923958 0.015625 0.022917
1 0.394531 0.941667 0.017188 0.020833
