1 0.478693 0.289773 0.142045 0.128788
1 0.518466 0.642992 0.107955 0.104167
1 0.207386 0.552083 0.088068 0.081439
1 0.301847 0.320076 0.063920 0.071970
1 0.522727 0.439394 0.048295 0.053030
1 0.919744 0.486742 0.035511 0.083333
1 0.066051 0.977273 0.035511 0.045455
1 0.483665 0.727273 0.032670 0.041667
1 0.705966 0.350379 0.031250 0.041667
1 0.793324 0.059659 0.032670 0.035985
1 0.348722 0.428030 0.024148 0.037879
1 0.853693 0.482008 0.019886 0.047348
1 0.865057 0.582386 0.028409 0.032197
1 0.836648 0.690341 0.019886 0.039773
1 0.336648 0.256629 0.011364 0.039773
