1 0.784522 0.077935 0.078907 0.155870
1 0.842944 0.505061 0.119879 0.091093
1 0.957511 0.536437 0.063733 0.105263
1 0.773141 0.724696 0.074355 0.064777
1 0.728376 0.137652 0.045524 0.064777
1 0.824734 0.627530 0.037936 0.044534
1 0.833080 0.852227 0.033384 0.044534
1 0.509863 0.263158 0.036419 0.040486
1 0.247344 0.895749 0.030349 0.046559
1 0.519727 0.933198 0.025797 0.044534
1 0.719272 0.059717 0.027314 0.038462
1 0.861912 0.954453 0.030349 0.034413
1 0.880880 0.397773 0.025797 0.030364
1 0.609256 0.115385 0.019727 0.036437
1 0.497724 0.151822 0.015175 0.028340
