1 0.264062 0.201042 0.368750 0.310417
1 0.141406 0.863542 0.282813 0.272917
1 0.584375 0.512500 0.268750 0.200000
1 0.361719 0.741667 0.176563 0.208333
1 0.647656 0.897917 0.126562 0.204167
1 0.037500 0.648958 0.075000 0.168750
1 0.558594 0.720833 0.160938 0.150000
1 0.918750 0.471875 0.162500 0.168750
1 0.402344 0.557292 0.057813 0.102083
1 0.824219 0.628125 0.073438 0.152083
1 0.111719 0.905208 0.048438 0.077083
1 0.496875 0.070833 0.056250 0.079167
1 0.646094 0.027083 0.064062 0.054167
1 0.165625 0.543750 0.053125 0.062500
1 0.513281 0.984375 0.054688 0.031250
1 0.211719 0.023958 0.032813 0.047917
