1 0.610897 0.739316 0.126923 0.141880
1 0.169872 0.474359 0.124359 0.169231
1 0.390385 0.433333 0.106410 0.162393
1 0.834615 0.772650 0.097436 0.102564
1 0.478205 0.503419 0.056410 0.094017
1 0.318590 0.714530 0.050000 0.054701
1 0.272436 0.050427 0.039744 0.066667
1 0.149359 0.829915 0.037179 0.039316
1 0.101923 0.115385 0.034615 0.059829
1 0.350000 0.978632 0.038462 0.042735
1 0.269872 0.764103 0.032051 0.037607
1 0.793590 0.695726 0.023077 0.037607
1 0.860897 0.457265 0.024359 0.039316
1 0.153846 0.694017 0.020513 0.037607
1 0.266026 0.708547 0.024359 0.029060
1 0.304487 0.986325 0.019231 0.027350
1 0.147436 0.164103 0.017949 0.027350
1 0.641667 0.994017 0.052564 0.011966
