1 0.880054 0.725719 0.123989 0.138489
1 0.971024 0.457734 0.057951 0.134892
1 0.184636 0.755396 0.048518 0.071942
1 0.155660 0.828237 0.036388 0.059353
1 0.200135 0.357014 0.047170 0.041367
1 0.223046 0.287770 0.052561 0.043165
1 0.041779 0.104317 0.037736 0.039568
1 0.095013 0.880396 0.030997 0.037770
1 0.505391 0.874101 0.024259 0.035971
1 0.485175 0.778777 0.032345 0.028777
1 0.384097 0.687050 0.021563 0.057554
1 0.324124 0.366007 0.022911 0.034173
1 0.924528 0.555755 0.018868 0.035971
1 0.733154 0.690647 0.021563 0.032374
1 0.568059 0.812050 0.022911 0.019784
