1 0.615903 0.644784 0.285714 0.275180
1 0.261456 0.545863 0.153639 0.217626
1 0.289757 0.938849 0.126685 0.122302
1 0.791105 0.480216 0.086253 0.129496
1 0.101078 0.674460 0.051213 0.071942
1 0.756065 0.188849 0.045822 0.089928
1 0.975067 0.051259 0.049865 0.055755
1 0.958221 0.584532 0.045822 0.057554
1 0.524933 0.866007 0.044474 0.048561
1 0.029650 0.713129 0.040431 0.048561
1 0.383423 0.017086 0.068733 0.034173
1 0.013477 0.857014 0.026954 0.055755
1 0.008760 0.280576 0.017520 0.071942
1 0.654987 0.420863 0.024259 0.046763
