1 0.669137 0.240108 0.160377 0.160072
1 0.088275 0.584532 0.136119 0.140288
1 0.538410 0.585432 0.071429 0.152878
1 0.065364 0.964029 0.074124 0.071942
1 0.024259 0.699640 0.048518 0.057554
1 0.946765 0.019784 0.033693 0.039568
1 0.351752 0.174460 0.037736 0.039568
1 0.676550 0.719424 0.032345 0.039568
1 0.417116 0.664568 0.033693 0.041367
1 0.378032 0.241906 0.033693 0.041367
1 0.330863 0.473022 0.020216 0.050360
1 0.076146 0.484712 0.020216 0.026978
1 0.231132 0.508094 0.022911 0.023381
1 0.681267 0.096223 0.022911 0.019784
