1 0.222656 0.216667 0.157812 0.187500
1 0.578906 0.365625 0.114062 0.110417
1 0.449219 0.051042 0.126562 0.102083
1 0.673438 0.489583 0.075000 0.100000
1 0.418750 0.200000 0.100000 0.100000
1 0.106250 0.373958 0.087500 0.085417
1 0.818750 0.118750 0.087500 0.062500
1 0.921094 0.275000 0.057813 0.095833
1 0.110937 0.473958 0.043750 0.077083
1 0.275781 0.666667 0.039062 0.058333
1 0.275781 0.340625 0.032813 0.056250
1 0.459375 0.345833 0.034375 0.058333
1 0.149219 0.722917 0.035937 0.050000
1 0.120313 0.809375 0.031250 0.043750
1 0.392188 0.477083 0.040625 0.037500
1 0.642969 0.284375 0.026562 0.039583
1 0.452344 0.554167 0.032813 0.029167
1 0.111719 0.071875 0.020313 0.043750
1 0.710156 0.348958 0.026562 0.031250
1 0.483594 0.011458 0.029687 0.022917
1 0.494531 0.407292 0.026562 0.031250
1 0.831250 0.297917 0.021875 0.029167
1 0.010156 0.868750 0.020313 0.025000
1 0.621094 0.202083 0.017188 0.029167
1 0.146094 0.883333 0.017188 0.025000
1 0.322656 0.415625 0.017188 0.022917
