1 0.568733 0.115108 0.142857 0.082734
1 0.102426 0.742806 0.086253 0.093525
1 0.357143 0.924460 0.051213 0.151079
1 0.775606 0.879496 0.057951 0.111511
1 0.924528 0.314748 0.061995 0.057554
1 0.382749 0.178957 0.048518 0.084532
1 0.457547 0.268885 0.087601 0.052158
1 0.132749 0.037770 0.041779 0.075540
1 0.861186 0.983813 0.035040 0.032374
1 0.326146 0.429856 0.037736 0.032374
1 0.670485 0.639388 0.028302 0.048561
1 0.714960 0.484712 0.028302 0.037770
1 0.799191 0.330036 0.029650 0.030576
1 0.543127 0.247302 0.026954 0.037770
1 0.621294 0.302158 0.021563 0.025180
