1 0.471024 0.779676 0.160377 0.170863
1 0.030997 0.540468 0.061995 0.142086
1 0.234501 0.388489 0.070081 0.093525
1 0.397574 0.627698 0.075472 0.057554
1 0.159704 0.459532 0.052561 0.080935
1 0.128032 0.027878 0.040431 0.055755
1 0.628032 0.649281 0.040431 0.053957
1 0.716307 0.980216 0.057951 0.039568
1 0.274259 0.667266 0.039084 0.061151
1 0.667116 0.797662 0.035040 0.044964
1 0.778302 0.957734 0.033693 0.037770
1 0.702156 0.939748 0.032345 0.037770
1 0.342318 0.851619 0.021563 0.030576
1 0.808625 0.384892 0.016173 0.028777
