1 0.935984 0.229317 0.128032 0.282374
1 0.685310 0.768885 0.200809 0.167266
1 0.907682 0.624101 0.184636 0.158273
1 0.379380 0.335432 0.082210 0.095324
1 0.826146 0.100719 0.075472 0.107914
1 0.340970 0.630396 0.086253 0.113309
1 0.334906 0.515288 0.071429 0.084532
1 0.971698 0.027878 0.056604 0.055755
1 0.084906 0.686151 0.048518 0.059353
1 0.727089 0.084532 0.039084 0.071942
1 0.135445 0.524281 0.030997 0.073741
1 0.599730 0.957734 0.035040 0.037770
1 0.981132 0.449640 0.037736 0.057554
1 0.783693 0.669065 0.028302 0.028777
1 0.006739 0.695144 0.013477 0.052158
1 0.922507 0.317446 0.022911 0.026978
