1 0.288410 0.895683 0.123989 0.179856
1 0.261456 0.475719 0.105121 0.134892
1 0.214286 0.805755 0.078167 0.086331
1 0.745957 0.043165 0.049865 0.086331
1 0.365229 0.817446 0.059299 0.106115
1 0.436658 0.265288 0.051213 0.080935
1 0.055930 0.839928 0.033693 0.071942
1 0.637466 0.545863 0.035040 0.052158
1 0.834906 0.926259 0.036388 0.039568
1 0.473720 0.625000 0.036388 0.034173
1 0.136792 0.731115 0.030997 0.030576
1 0.778976 0.193345 0.021563 0.037770
1 0.924528 0.425360 0.016173 0.034173
1 0.188679 0.978417 0.024259 0.017986
