1 0.463612 0.453237 0.177898 0.208633
1 0.776280 0.367806 0.164420 0.098921
1 0.583558 0.611511 0.129380 0.111511
1 0.438005 0.750899 0.091644 0.127698
1 0.724394 0.761691 0.084906 0.091727
1 0.639488 0.318345 0.082210 0.075540
1 0.673854 0.482014 0.080863 0.093525
1 0.845687 0.251799 0.095687 0.079137
1 0.580863 0.778777 0.064690 0.079137
1 0.890836 0.591727 0.045822 0.068345
1 0.035714 0.774281 0.039084 0.034173
1 0.585580 0.424460 0.033693 0.032374
1 0.197439 0.702338 0.036388 0.037770
1 0.838949 0.954137 0.033693 0.030576
1 0.299191 0.591727 0.026954 0.032374
1 0.749326 0.490108 0.021563 0.030576
1 0.903639 0.402878 0.017520 0.032374
1 0.836253 0.991007 0.030997 0.017986
