1 0.828167 0.761691 0.268194 0.206835
1 0.227763 0.375000 0.153639 0.224820
1 0.368598 0.467626 0.136119 0.147482
1 0.562668 0.873201 0.090296 0.098921
1 0.270216 0.682554 0.068733 0.091727
1 0.966981 0.248201 0.066038 0.075540
1 0.613881 0.165468 0.082210 0.064748
1 0.443396 0.803957 0.083558 0.050360
1 0.773585 0.947842 0.037736 0.089928
1 0.322776 0.743705 0.066038 0.059353
1 0.595687 0.340827 0.051213 0.044964
1 0.477089 0.124101 0.051213 0.028777
1 0.952156 0.142986 0.028302 0.073741
1 0.900270 0.890288 0.032345 0.039568
1 0.360512 0.187950 0.039084 0.037770
1 0.677898 0.981115 0.026954 0.037770
1 0.805256 0.558453 0.025606 0.034173
1 0.642183 0.906475 0.030997 0.025180
