1 0.389103 0.260684 0.126923 0.141880
1 0.830128 0.525641 0.124359 0.169231
1 0.609615 0.566667 0.106410 0.162393
1 0.165385 0.227350 0.097436 0.102564
1 0.521795 0.496581 0.056410 0.094017
1 0.681410 0.285470 0.050000 0.054701
1 0.727564 0.949573 0.039744 0.066667
1 0.850641 0.170085 0.037179 0.039316
1 0.898077 0.884615 0.034615 0.059829
1 0.650000 0.021368 0.038462 0.042735
1 0.730128 0.235897 0.032051 0.037607
1 0.206410 0.304274 0.023077 0.037607
1 0.139103 0.542735 0.024359 0.039316
1 0.846154 0.305983 0.020513 0.037607
1 0.733974 0.291453 0.024359 0.029060
1 0.695513 0.013675 0.019231 0.027350
1 0.852564 0.835897 0.017949 0.027350
1 0.358333 0.005983 0.052564 0.011966
