1 0.752695 0.455935 0.222372 0.275180
1 0.736523 0.724820 0.117251 0.158273
1 0.264825 0.912770 0.141509 0.124101
1 0.741240 0.214928 0.051213 0.142086
1 0.778302 0.850719 0.057951 0.115108
1 0.034367 0.313849 0.047170 0.091727
1 0.037062 0.965827 0.060647 0.068345
1 0.983827 0.879496 0.032345 0.075540
1 0.266173 0.563849 0.036388 0.062950
1 0.910377 0.813849 0.055256 0.044964
1 0.086927 0.120504 0.047170 0.068345
1 0.210243 0.020683 0.045822 0.041367
1 0.055256 0.811151 0.032345 0.039568
1 0.575472 0.491906 0.035040 0.044964
1 0.958221 0.704137 0.051213 0.041367
1 0.119272 0.837230 0.028302 0.059353
1 0.165094 0.708633 0.033693 0.035971
1 0.638140 0.055755 0.030997 0.039568
1 0.555256 0.044065 0.026954 0.048561
1 0.519542 0.163669 0.022911 0.046763
1 0.723046 0.375899 0.030997 0.032374
1 0.989892 0.532374 0.020216 0.043165
1 0.568733 0.620504 0.029650 0.043165
1 0.201482 0.358813 0.028302 0.030576
1 0.138140 0.089029 0.025606 0.030576
1 0.652291 0.714928 0.018868 0.037770
