1 0.630769 0.694017 0.082051 0.058120
1 0.614103 0.488034 0.053846 0.087179
1 0.037821 0.471795 0.075641 0.082051
1 0.022436 0.661538 0.044872 0.054701
1 0.140385 0.775214 0.047436 0.049573
1 0.798077 0.694872 0.039744 0.042735
1 0.717308 0.380342 0.037179 0.039316
1 0.241026 0.085470 0.023077 0.041026
1 0.371795 0.546154 0.020513 0.029060
1 0.665385 0.408547 0.023077 0.023932
1 0.087179 0.423932 0.017949 0.037607
1 0.008974 0.011111 0.017949 0.022222
1 0.644872 0.607692 0.015385 0.022222
1 0.808333 0.587179 0.014103 0.022222
1 0.709615 0.250427 0.016667 0.018803
1 0.523077 0.788889 0.015385 0.018803
