1 0.763477 0.389388 0.195418 0.282374
1 0.551213 0.774281 0.242588 0.221223
1 0.871294 0.187950 0.144205 0.138489
1 0.338275 0.788669 0.123989 0.145683
1 0.168464 0.538669 0.105121 0.142086
1 0.975067 0.060252 0.049865 0.120504
1 0.129380 0.964928 0.083558 0.070144
1 0.616577 0.446043 0.063342 0.068345
1 0.167116 0.409173 0.064690 0.059353
1 0.913747 0.393885 0.075472 0.079137
1 0.604447 0.959532 0.039084 0.080935
1 0.212264 0.221223 0.060647 0.053957
1 0.704852 0.711331 0.051213 0.055755
1 0.283019 0.963129 0.061995 0.073741
1 0.216981 0.034173 0.037736 0.068345
1 0.093666 0.386691 0.044474 0.046763
1 0.428571 0.783273 0.035040 0.048561
1 0.042453 0.991007 0.055256 0.017986
