1 0.660265 0.416961 0.125828 0.141343
1 0.260265 0.555654 0.099338 0.146643
1 0.332450 0.439046 0.116556 0.075972
1 0.400662 0.347173 0.051656 0.075972
1 0.682119 0.022968 0.055629 0.045936
1 0.514570 0.593640 0.038411 0.049470
1 0.967550 0.174912 0.025166 0.045936
1 0.460927 0.562721 0.031788 0.033569
1 0.992053 0.308304 0.015894 0.033569
1 0.269536 0.393110 0.022517 0.022968
1 0.911258 0.059187 0.018543 0.026502
1 0.356291 0.992933 0.034437 0.014134
1 0.225166 0.502650 0.021192 0.019435
1 0.045695 0.512367 0.019868 0.017668
1 0.460265 0.626325 0.019868 0.015901
