1 0.474394 0.083633 0.129380 0.167266
1 0.128032 0.863309 0.105121 0.125899
1 0.314016 0.939748 0.110512 0.120504
1 0.306604 0.808453 0.074124 0.098921
1 0.583558 0.090827 0.070081 0.102518
1 0.977089 0.239209 0.045822 0.093525
1 0.917116 0.149281 0.049865 0.104317
1 0.721024 0.481115 0.037736 0.080935
1 0.531671 0.681655 0.049865 0.061151
1 0.728437 0.651978 0.039084 0.059353
1 0.599057 0.819245 0.055256 0.041367
1 0.695418 0.737410 0.024259 0.061151
1 0.727763 0.406475 0.026954 0.046763
1 0.652291 0.686151 0.026954 0.070144
1 0.639488 0.067446 0.036388 0.034173
1 0.805930 0.392086 0.032345 0.032374
1 0.354447 0.660072 0.024259 0.039568
1 0.407682 0.780576 0.030997 0.028777
1 0.666442 0.606115 0.022911 0.046763
1 0.780997 0.426259 0.017520 0.050360
1 0.323450 0.684353 0.024259 0.026978
1 0.336927 0.728417 0.021563 0.032374
1 0.418464 0.656475 0.030997 0.032374
1 0.237197 0.193345 0.021563 0.016187
1 0.557951 0.990108 0.016173 0.019784
