1 0.121094 0.226562 0.242188 0.290625
1 0.540625 0.836458 0.170313 0.175000
1 0.912500 0.504167 0.075000 0.106250
1 0.727344 0.769792 0.103125 0.091667
1 0.395703 0.786979 0.077344 0.088542
1 0.659375 0.583854 0.057813 0.073958
1 0.261328 0.569792 0.067969 0.070833
1 0.828516 0.071354 0.060156 0.044792
1 0.751563 0.926562 0.042188 0.067708
1 0.146484 0.512500 0.044531 0.041667
1 0.665234 0.040104 0.030469 0.046875
1 0.960547 0.597917 0.055469 0.027083
1 0.908984 0.983854 0.041406 0.032292
1 0.522656 0.281771 0.034375 0.036458
