1 0.431267 0.884892 0.142857 0.082734
1 0.897574 0.257194 0.086253 0.093525
1 0.642857 0.075540 0.051213 0.151079
1 0.224394 0.120504 0.057951 0.111511
1 0.075472 0.685252 0.061995 0.057554
1 0.617251 0.821043 0.048518 0.084532
1 0.542453 0.731115 0.087601 0.052158
1 0.867251 0.962230 0.041779 0.075540
1 0.138814 0.016187 0.035040 0.032374
1 0.673854 0.570144 0.037736 0.032374
1 0.329515 0.360612 0.028302 0.048561
1 0.285040 0.515288 0.028302 0.037770
1 0.200809 0.669964 0.029650 0.030576
1 0.456873 0.752698 0.026954 0.037770
1 0.378706 0.697842 0.021563 0.025180
