1 0.332031 0.512500 0.339062 0.458333
1 0.383594 0.262500 0.317188 0.383333
1 0.142187 0.812500 0.190625 0.308333
1 0.828125 0.556250 0.125000 0.225000
1 0.589844 0.614583 0.160938 0.212500
1 0.644531 0.912500 0.082812 0.108333
1 0.195312 0.953125 0.106250 0.093750
1 0.752344 0.300000 0.073438 0.087500
1 0.620313 0.430208 0.071875 0.072917
1 0.671094 0.379167 0.054688 0.066667
1 0.680469 0.985417 0.085938 0.029167
1 0.956250 0.737500 0.034375 0.066667
1 0.745313 0.171875 0.040625 0.039583
1 0.803906 0.121875 0.035937 0.047917
1 0.975000 0.382292 0.028125 0.056250
