1 0.552564 0.510256 0.148718 0.278632
1 0.405769 0.602564 0.108974 0.241026
1 0.298718 0.930769 0.102564 0.138462
1 0.685897 0.412821 0.079487 0.042735
1 0.115385 0.430769 0.046154 0.071795
1 0.758974 0.872650 0.053846 0.042735
1 0.396795 0.917094 0.042308 0.066667
1 0.731410 0.082051 0.034615 0.030769
1 0.128205 0.509402 0.030769 0.030769
1 0.187821 0.244444 0.024359 0.034188
1 0.797436 0.684615 0.030769 0.032479
1 0.305128 0.650427 0.017949 0.035897
1 0.250000 0.529060 0.017949 0.029060
1 0.064744 0.258120 0.019231 0.027350
1 0.044231 0.847009 0.016667 0.029060
1 0.107051 0.203419 0.016667 0.027350
