1 0.222372 0.330036 0.218329 0.167266
1 0.927224 0.518885 0.145553 0.163669
1 0.732480 0.141187 0.246631 0.134892
1 0.335580 0.164568 0.132075 0.149281
1 0.128706 0.420863 0.082210 0.082734
1 0.660377 0.696043 0.064690 0.097122
1 0.592992 0.544065 0.067385 0.077338
1 0.043801 0.358813 0.087601 0.048561
1 0.973046 0.232914 0.053908 0.070144
1 0.535714 0.667266 0.057951 0.071942
1 0.688679 0.611511 0.048518 0.071942
1 0.491240 0.403777 0.044474 0.070144
1 0.141509 0.961331 0.045822 0.052158
1 0.714286 0.533273 0.056604 0.041367
1 0.233154 0.853417 0.032345 0.044964
1 0.799191 0.864209 0.024259 0.055755
1 0.487871 0.527878 0.029650 0.048561
1 0.213612 0.811151 0.033693 0.021583
1 0.007412 0.849820 0.014825 0.041367
1 0.580863 0.466727 0.018868 0.034173
