1 0.578516 0.199479 0.207031 0.186458
1 0.705859 0.441667 0.150781 0.081250
1 0.077344 0.226562 0.154688 0.117708
1 0.139063 0.630208 0.160938 0.091667
1 0.481641 0.638021 0.097656 0.084375
1 0.467969 0.378646 0.064062 0.080208
1 0.621875 0.686458 0.068750 0.066667
1 0.703906 0.614062 0.056250 0.067708
1 0.127344 0.717708 0.059375 0.062500
1 0.413281 0.894271 0.035937 0.046875
1 0.989453 0.948438 0.021094 0.071875
1 0.434766 0.459896 0.032031 0.042708
1 0.043750 0.042708 0.053125 0.041667
1 0.572656 0.921354 0.034375 0.036458
