1 0.259434 0.674460 0.192722 0.165468
1 0.130728 0.360612 0.105121 0.152878
1 0.415094 0.730216 0.142857 0.093525
1 0.348383 0.943345 0.084906 0.113309
1 0.394205 0.461331 0.119946 0.095324
1 0.954852 0.446043 0.063342 0.118705
1 0.338275 0.370504 0.067385 0.075540
1 0.208895 0.460432 0.040431 0.043165
1 0.353100 0.588129 0.035040 0.039568
1 0.032345 0.381295 0.032345 0.035971
1 0.454178 0.638489 0.032345 0.032374
1 0.847035 0.177158 0.030997 0.034173
1 0.890836 0.986511 0.037736 0.026978
1 0.055256 0.773381 0.021563 0.032374
1 0.414420 0.589928 0.022911 0.028777
1 0.864555 0.273381 0.022911 0.025180
1 0.097709 0.009892 0.025606 0.019784
