1 0.361186 0.882194 0.075472 0.131295
1 0.830189 0.232914 0.102426 0.102518
1 0.589623 0.151079 0.095687 0.089928
1 0.467655 0.232014 0.080863 0.104317
1 0.421833 0.962230 0.072776 0.075540
1 0.107143 0.327338 0.076819 0.089928
1 0.675876 0.251799 0.074124 0.071942
1 0.797170 0.020683 0.063342 0.041367
1 0.250000 0.124101 0.036388 0.053957
1 0.452830 0.725719 0.048518 0.037770
1 0.493935 0.147482 0.036388 0.046763
1 0.020889 0.350719 0.028302 0.032374
1 0.130728 0.010791 0.040431 0.021583
1 0.107817 0.457734 0.024259 0.034173
1 0.314016 0.177158 0.024259 0.034173
1 0.020216 0.990108 0.040431 0.019784
1 0.791779 0.657374 0.025606 0.023381
1 0.701482 0.086331 0.020216 0.032374
1 0.892183 0.669964 0.018868 0.026978
1 0.440701 0.291367 0.018868 0.017986
