1 0.569531 0.623437 0.271875 0.403125
1 0.590234 0.114583 0.207031 0.229167
1 0.296094 0.398438 0.201563 0.080208
1 0.784375 0.163542 0.092188 0.133333
1 0.054688 0.136458 0.109375 0.154167
1 0.958594 0.142708 0.082812 0.116667
1 0.533984 0.346354 0.086719 0.103125
1 0.858203 0.032813 0.157031 0.065625
1 0.198828 0.073438 0.125781 0.078125
1 0.213672 0.866667 0.080469 0.087500
1 0.314844 0.090104 0.081250 0.078125
1 0.957031 0.508333 0.076563 0.079167
1 0.412891 0.546875 0.078906 0.095833
1 0.959766 0.049479 0.080469 0.055208
1 0.191016 0.330729 0.064844 0.084375
1 0.343750 0.285417 0.059375 0.072917
1 0.503516 0.706250 0.057031 0.066667
1 0.565625 0.843229 0.062500 0.044792
1 0.355859 0.027604 0.042969 0.055208
1 0.059375 0.409375 0.048438 0.056250
1 0.099609 0.234375 0.046094 0.052083
1 0.551172 0.448958 0.035156 0.050000
1 0.389062 0.782813 0.037500 0.051042
1 0.926562 0.593750 0.037500 0.035417
1 0.493359 0.903125 0.053906 0.027083
1 0.177734 0.237500 0.044531 0.029167
1 0.233594 0.271354 0.046875 0.026042
1 0.881250 0.491146 0.042188 0.023958
1 0.076172 0.319792 0.035156 0.029167
