1 0.469872 0.672650 0.106410 0.111111
1 0.082692 0.416239 0.139744 0.097436
1 0.147436 0.881197 0.087179 0.097436
1 0.252564 0.755556 0.076923 0.140171
1 0.507051 0.282906 0.060256 0.097436
1 0.512821 0.882051 0.071795 0.085470
1 0.233333 0.631624 0.056410 0.076923
1 0.060897 0.315385 0.057692 0.066667
1 0.466026 0.031624 0.070513 0.063248
1 0.691667 0.382051 0.032051 0.076923
1 0.746795 0.073504 0.042308 0.047863
1 0.166667 0.728205 0.028205 0.058120
1 0.600000 0.052137 0.048718 0.032479
1 0.167949 0.067521 0.028205 0.035897
1 0.272436 0.159829 0.021795 0.022222
1 0.489744 0.128205 0.015385 0.020513
