1 0.607143 0.564748 0.146900 0.161871
1 0.702156 0.389388 0.059299 0.098921
1 0.092318 0.094424 0.087601 0.098921
1 0.680593 0.948741 0.102426 0.062950
1 0.207547 0.685252 0.053908 0.082734
1 0.677224 0.806655 0.047170 0.080935
1 0.615903 0.370504 0.078167 0.082734
1 0.085580 0.852518 0.044474 0.061151
1 0.303235 0.575540 0.043127 0.035971
1 0.306604 0.384892 0.028302 0.050360
1 0.978437 0.462230 0.032345 0.050360
1 0.278302 0.226619 0.047170 0.032374
1 0.976415 0.696942 0.022911 0.048561
1 0.977089 0.785971 0.029650 0.028777
1 0.651617 0.136691 0.025606 0.035971
1 0.548518 0.453237 0.035040 0.025180
1 0.461590 0.464928 0.028302 0.023381
1 0.977763 0.339928 0.028302 0.021583
