1 0.447436 0.489744 0.148718 0.278632
1 0.594231 0.397436 0.108974 0.241026
1 0.701282 0.069231 0.102564 0.138462
1 0.314103 0.587179 0.079487 0.042735
1 0.884615 0.569231 0.046154 0.071795
1 0.240385 0.127350 0.055128 0.042735
1 0.603205 0.082906 0.042308 0.066667
1 0.268590 0.917949 0.034615 0.030769
1 0.871795 0.490598 0.030769 0.030769
1 0.812179 0.755556 0.024359 0.034188
1 0.202564 0.315385 0.030769 0.032479
1 0.694872 0.349573 0.017949 0.035897
1 0.750000 0.470940 0.017949 0.029060
1 0.935256 0.741880 0.019231 0.027350
1 0.955769 0.152991 0.016667 0.029060
1 0.892949 0.796581 0.016667 0.027350
