1 0.912109 0.206771 0.175781 0.184375
1 0.095703 0.531250 0.191406 0.241667
1 0.516016 0.906250 0.086719 0.112500
1 0.268359 0.431771 0.111719 0.107292
1 0.446094 0.162500 0.079687 0.112500
1 0.195703 0.252604 0.061719 0.076042
1 0.295703 0.594792 0.047656 0.081250
1 0.456641 0.645312 0.052344 0.053125
1 0.025781 0.853125 0.051562 0.050000
1 0.497266 0.256771 0.060156 0.036458
1 0.596875 0.983854 0.065625 0.032292
1 0.841016 0.602083 0.033594 0.041667
1 0.398047 0.462500 0.030469 0.041667
1 0.567187 0.367708 0.042188 0.033333
1 0.245703 0.573958 0.032031 0.033333
1 0.852344 0.843750 0.029687 0.037500
