1 0.698003 0.446785 0.114809 0.130820
1 0.482529 0.899113 0.053245 0.095344
1 0.851913 0.604213 0.063228 0.073171
1 0.600666 0.348115 0.073211 0.062084
1 0.381032 0.782705 0.073211 0.053215
1 0.534942 0.417960 0.048253 0.073171
1 0.965890 0.754989 0.034942 0.059867
1 0.930948 0.349224 0.034942 0.059867
1 0.469218 0.763858 0.036606 0.050998
1 0.531614 0.835920 0.044925 0.035477
1 0.376872 0.211752 0.024958 0.064302
1 0.929285 0.028825 0.028286 0.035477
1 0.810316 0.388027 0.033278 0.031042
1 0.726290 0.585366 0.034942 0.031042
1 0.710483 0.645233 0.019967 0.031042
1 0.809484 0.718404 0.024958 0.026608
1 0.768719 0.603104 0.019967 0.031042
1 0.519135 0.188470 0.013311 0.039911
1 0.896007 0.701774 0.014975 0.024390
1 0.558236 0.487805 0.014975 0.022173
