1 0.342318 0.623201 0.274933 0.228417
1 0.548518 0.604317 0.118598 0.122302
1 0.403639 0.178957 0.103774 0.062950
1 0.772237 0.042266 0.067385 0.084532
1 0.674528 0.885791 0.068733 0.102518
1 0.975741 0.178957 0.048518 0.095324
1 0.719677 0.978417 0.080863 0.043165
1 0.978437 0.025180 0.043127 0.050360
1 0.439353 0.031475 0.043127 0.048561
1 0.861860 0.418165 0.047170 0.044964
1 0.668464 0.622302 0.045822 0.046763
1 0.588949 0.422662 0.026954 0.046763
1 0.649596 0.335432 0.035040 0.034173
1 0.370620 0.489209 0.018868 0.071942
