1 0.051213 0.274281 0.102426 0.163669
1 0.716981 0.464029 0.083558 0.147482
1 0.346361 0.740108 0.097035 0.138489
1 0.029650 0.519784 0.059299 0.133094
1 0.319407 0.054856 0.075472 0.109712
1 0.929245 0.329137 0.071429 0.089928
1 0.184636 0.693345 0.078167 0.084532
1 0.851752 0.393885 0.053908 0.079137
1 0.448787 0.716727 0.053908 0.048561
1 0.369272 0.167266 0.048518 0.053957
1 0.536388 0.892086 0.024259 0.061151
1 0.954178 0.614209 0.035040 0.048561
1 0.027628 0.139388 0.025606 0.034173
1 0.409704 0.848022 0.035040 0.019784
1 0.123989 0.362410 0.026954 0.026978
1 0.128032 0.672662 0.029650 0.032374
1 0.442722 0.894784 0.017520 0.019784
