1 0.384097 0.355216 0.285714 0.275180
1 0.738544 0.454137 0.153639 0.217626
1 0.710243 0.061151 0.126685 0.122302
1 0.208895 0.519784 0.086253 0.129496
1 0.898922 0.325540 0.051213 0.071942
1 0.243935 0.811151 0.045822 0.089928
1 0.024933 0.948741 0.049865 0.055755
1 0.041779 0.415468 0.045822 0.057554
1 0.475067 0.133993 0.044474 0.048561
1 0.970350 0.286871 0.040431 0.048561
1 0.616577 0.982914 0.068733 0.034173
1 0.986523 0.142986 0.026954 0.055755
1 0.991240 0.719424 0.017520 0.071942
1 0.345013 0.579137 0.024259 0.046763
