1 0.289844 0.779167 0.251563 0.275000
1 0.690625 0.670833 0.156250 0.216667
1 0.300781 0.600000 0.185938 0.120833
1 0.919531 0.890625 0.104688 0.177083
1 0.878125 0.384375 0.075000 0.131250
1 0.472656 0.737500 0.120313 0.120833
1 0.825000 0.636458 0.090625 0.097917
1 0.919531 0.210417 0.060937 0.091667
1 0.617188 0.183333 0.053125 0.112500
1 0.031250 0.737500 0.062500 0.066667
1 0.523438 0.544792 0.059375 0.077083
1 0.350781 0.493750 0.039062 0.054167
1 0.110156 0.073958 0.042188 0.047917
1 0.914844 0.522917 0.029687 0.050000
1 0.307812 0.269792 0.037500 0.031250
1 0.671094 0.012500 0.042188 0.025000
1 0.292187 0.407292 0.025000 0.043750
1 0.401562 0.686458 0.028125 0.052083
1 0.800781 0.323958 0.029687 0.031250
1 0.471875 0.095833 0.025000 0.037500
1 0.558594 0.775000 0.023438 0.041667
