1 0.775606 0.063849 0.160377 0.127698
1 0.915094 0.562050 0.099730 0.091727
1 0.975067 0.066547 0.049865 0.133094
1 0.298518 0.254496 0.036388 0.095324
1 0.890836 0.813849 0.043127 0.059353
1 0.223720 0.145683 0.032345 0.050360
1 0.956873 0.864209 0.029650 0.044964
1 0.977089 0.627698 0.026954 0.043165
1 0.904987 0.371403 0.028302 0.030576
1 0.950135 0.365108 0.021563 0.035971
1 0.719003 0.391187 0.025606 0.030576
1 0.873315 0.267986 0.021563 0.032374
1 0.398922 0.377698 0.018868 0.025180
1 0.818733 0.114209 0.020216 0.023381
1 0.709569 0.319245 0.020216 0.019784
