1 0.236523 0.610612 0.195418 0.282374
1 0.448787 0.225719 0.242588 0.221223
1 0.128706 0.812050 0.144205 0.138489
1 0.661725 0.211331 0.123989 0.145683
1 0.831536 0.461331 0.105121 0.142086
1 0.024933 0.939748 0.049865 0.120504
1 0.870620 0.035072 0.083558 0.070144
1 0.383423 0.553957 0.063342 0.068345
1 0.832884 0.590827 0.064690 0.059353
1 0.086253 0.606115 0.075472 0.079137
1 0.395553 0.040468 0.039084 0.080935
1 0.787736 0.778777 0.060647 0.053957
1 0.295148 0.288669 0.051213 0.055755
1 0.716981 0.036871 0.061995 0.073741
1 0.783019 0.965827 0.037736 0.068345
1 0.906334 0.613309 0.044474 0.046763
1 0.571429 0.216727 0.035040 0.048561
1 0.957547 0.008993 0.055256 0.017986
