1 0.536388 0.546763 0.177898 0.208633
1 0.223720 0.632194 0.164420 0.098921
1 0.416442 0.388489 0.129380 0.111511
1 0.561995 0.249101 0.091644 0.127698
1 0.275606 0.238309 0.084906 0.091727
1 0.360512 0.681655 0.082210 0.075540
1 0.326146 0.517986 0.080863 0.093525
1 0.154313 0.748201 0.095687 0.079137
1 0.419137 0.221223 0.064690 0.079137
1 0.109164 0.408273 0.045822 0.068345
1 0.964286 0.225719 0.039084 0.034173
1 0.414420 0.575540 0.033693 0.032374
1 0.802561 0.297662 0.036388 0.037770
1 0.161051 0.045863 0.033693 0.030576
1 0.700809 0.408273 0.026954 0.032374
1 0.250674 0.509892 0.021563 0.030576
1 0.096361 0.597122 0.017520 0.032374
1 0.163747 0.008993 0.030997 0.017986
