1 0.463068 0.230114 0.207386 0.244318
1 0.429688 0.600379 0.120739 0.200758
1 0.691051 0.889205 0.080966 0.111742
1 0.379972 0.500947 0.080966 0.047348
1 0.946023 0.383523 0.062500 0.062500
1 0.443182 0.431818 0.056818 0.064394
1 0.264915 0.204545 0.044034 0.106061
1 0.344460 0.934659 0.038352 0.073864
1 0.911222 0.017045 0.080966 0.034091
1 0.355824 0.283144 0.046875 0.077652
1 0.188920 0.985795 0.056818 0.028409
1 0.212358 0.298295 0.029830 0.032197
1 0.194602 0.201705 0.022727 0.043561
1 0.192472 0.410038 0.021307 0.039773
1 0.397727 0.981061 0.019886 0.037879
1 0.037642 0.089962 0.026989 0.032197
1 0.552557 0.450758 0.022727 0.026515
