1 0.349219 0.084375 0.295312 0.168750
1 0.681250 0.803125 0.143750 0.272917
1 0.589063 0.096875 0.131250 0.193750
1 0.548438 0.590625 0.140625 0.139583
1 0.478906 0.676042 0.126562 0.122917
1 0.419531 0.840625 0.095312 0.102083
1 0.239063 0.354167 0.062500 0.100000
1 0.488281 0.180208 0.064062 0.102083
1 0.907813 0.775000 0.056250 0.066667
1 0.241406 0.487500 0.029687 0.070833
1 0.528906 0.385417 0.035937 0.041667
1 0.823438 0.734375 0.031250 0.043750
1 0.340625 0.400000 0.043750 0.037500
1 0.557031 0.468750 0.029687 0.037500
