1 0.183962 0.486511 0.149596 0.311151
1 0.704852 0.133094 0.169811 0.266187
1 0.479111 0.380396 0.101078 0.257194
1 0.417116 0.813849 0.114555 0.206835
1 0.278976 0.933453 0.142857 0.100719
1 0.187332 0.099820 0.094340 0.120504
1 0.528976 0.713129 0.066038 0.138489
1 0.617251 0.714928 0.037736 0.095324
1 0.182615 0.734712 0.039084 0.062950
1 0.454178 0.165468 0.032345 0.079137
1 0.259434 0.045863 0.033693 0.044964
1 0.236523 0.278777 0.036388 0.043165
1 0.241914 0.711331 0.033693 0.030576
1 0.747978 0.013489 0.040431 0.026978
1 0.473046 0.567446 0.024259 0.034173
1 0.201482 0.125899 0.028302 0.025180
1 0.620620 0.119604 0.017520 0.034173
