1 0.713810 0.167406 0.073211 0.068736
1 0.892679 0.647450 0.061564 0.088692
1 0.776206 0.813747 0.054908 0.079823
1 0.523295 0.660754 0.068220 0.053215
1 0.337770 0.647450 0.076539 0.093126
1 0.784526 0.035477 0.041597 0.070953
1 0.764559 0.236142 0.051581 0.064302
1 0.029950 0.219512 0.059900 0.044346
1 0.293677 0.254989 0.044925 0.048780
1 0.812812 0.160754 0.041597 0.046563
1 0.020799 0.445676 0.041597 0.039911
1 0.618968 0.228381 0.033278 0.039911
1 0.320300 0.413525 0.028286 0.037694
1 0.929285 0.513304 0.024958 0.037694
1 0.042429 0.638581 0.024958 0.031042
1 0.885191 0.488914 0.023295 0.024390
1 0.355241 0.481153 0.021631 0.026608
1 0.506656 0.739468 0.018303 0.028825
1 0.336106 0.579823 0.016639 0.028825
1 0.909318 0.568736 0.021631 0.024390
1 0.825291 0.614191 0.016639 0.031042
1 0.826955 0.730599 0.019967 0.019956
1 0.991681 0.452328 0.016639 0.022173
1 0.131448 0.461197 0.016639 0.017738
