1 0.528976 0.220324 0.160377 0.170863
1 0.969003 0.459532 0.061995 0.142086
1 0.765499 0.611511 0.070081 0.093525
1 0.602426 0.372302 0.075472 0.057554
1 0.840296 0.540468 0.052561 0.080935
1 0.871968 0.972122 0.040431 0.055755
1 0.371968 0.350719 0.040431 0.053957
1 0.283693 0.019784 0.057951 0.039568
1 0.725741 0.332734 0.039084 0.061151
1 0.332884 0.202338 0.035040 0.044964
1 0.221698 0.042266 0.033693 0.037770
1 0.297844 0.060252 0.032345 0.037770
1 0.657682 0.148381 0.021563 0.030576
1 0.191375 0.615108 0.016173 0.028777
