1 0.266846 0.458633 0.153639 0.291367
1 0.899596 0.575540 0.125337 0.197842
1 0.250674 0.159173 0.132075 0.239209
1 0.517520 0.927158 0.080863 0.106115
1 0.060647 0.905576 0.061995 0.055755
1 0.695418 0.497302 0.040431 0.080935
1 0.387466 0.646583 0.057951 0.077338
1 0.769542 0.060252 0.035040 0.059353
1 0.628706 0.588129 0.033693 0.050360
1 0.324798 0.576439 0.029650 0.030576
1 0.989892 0.802158 0.020216 0.039568
1 0.488544 0.539568 0.022911 0.039568
1 0.689353 0.728417 0.020216 0.035971
1 0.359838 0.346223 0.021563 0.034173
1 0.746631 0.670863 0.021563 0.025180
