1 0.448437 0.283854 0.159375 0.148958
1 0.726953 0.482292 0.094531 0.093750
1 0.084375 0.489063 0.100000 0.069792
1 0.358203 0.449479 0.094531 0.057292
1 0.366016 0.049479 0.075781 0.086458
1 0.119531 0.066146 0.051562 0.063542
1 0.350000 0.667188 0.067187 0.069792
1 0.488672 0.453125 0.061719 0.043750
1 0.638281 0.184896 0.051562 0.046875
1 0.173437 0.505729 0.034375 0.071875
1 0.598437 0.319792 0.050000 0.037500
1 0.718750 0.586458 0.031250 0.056250
1 0.322656 0.896875 0.031250 0.054167
1 0.709766 0.355208 0.036719 0.031250
1 0.466016 0.770312 0.042969 0.028125
1 0.311719 0.010417 0.059375 0.020833
1 0.560937 0.461458 0.032813 0.031250
1 0.757031 0.382812 0.039062 0.028125
1 0.555078 0.284896 0.030469 0.032292
1 0.519141 0.017708 0.025781 0.035417
1 0.394141 0.733333 0.027344 0.031250
1 0.430078 0.081250 0.027344 0.025000
1 0.064453 0.685937 0.046094 0.028125
1 0.310547 0.541667 0.025781 0.022917
1 0.873828 0.861458 0.025781 0.029167
1 0.748828 0.682813 0.027344 0.023958
1 0.535547 0.497396 0.032031 0.017708
1 0.494141 0.516667 0.022656 0.022917
1 0.180469 0.129688 0.017188 0.023958
1 0.523828 0.558854 0.019531 0.021875
1 0.544922 0.754167 0.019531 0.020833
1 0.290625 0.414062 0.017188 0.023958
1 0.462109 0.161979 0.019531 0.019792
1 0.640234 0.285938 0.028906 0.017708
1 0.714844 0.742188 0.018750 0.023958
1 0.320703 0.418750 0.014844 0.020833
1 0.408984 0.191146 0.022656 0.017708
1 0.722656 0.702083 0.018750 0.016667
1 0.276172 0.228646 0.014844 0.019792
1 0.667188 0.781771 0.021875 0.013542
