1 0.043247 0.811741 0.086495 0.202429
1 0.097117 0.612348 0.054628 0.103239
1 0.396813 0.545547 0.065250 0.070850
1 0.539454 0.557692 0.059181 0.074899
1 0.299697 0.363360 0.050076 0.074899
1 0.280728 0.436235 0.048558 0.062753
1 0.268589 0.738866 0.036419 0.044534
1 0.441578 0.360324 0.030349 0.044534
1 0.547800 0.223684 0.027314 0.038462
1 0.113050 0.382591 0.025797 0.028340
1 0.199545 0.531377 0.022762 0.030364
1 0.163126 0.682186 0.028832 0.028340
1 0.357360 0.235830 0.022762 0.026316
1 0.610015 0.415992 0.021244 0.022267
1 0.566009 0.343117 0.015175 0.030364
1 0.245068 0.514170 0.016692 0.024291
