1 0.728437 0.421763 0.192722 0.383094
1 0.359164 0.154676 0.176550 0.179856
1 0.159030 0.911871 0.123989 0.176259
1 0.233154 0.638489 0.102426 0.122302
1 0.340970 0.748201 0.107817 0.082734
1 0.512129 0.057554 0.083558 0.093525
1 0.475741 0.593525 0.061995 0.115108
1 0.578841 0.831835 0.068733 0.080935
1 0.793127 0.216727 0.098383 0.062950
1 0.476415 0.437050 0.057951 0.061151
1 0.041105 0.049460 0.082210 0.066547
1 0.551887 0.573741 0.049865 0.046763
1 0.065364 0.209532 0.028302 0.084532
1 0.176550 0.432554 0.040431 0.048561
1 0.846361 0.312950 0.045822 0.039568
1 0.047170 0.117806 0.040431 0.052158
1 0.243935 0.193345 0.029650 0.030576
1 0.616577 0.749101 0.036388 0.034173
