1 0.119946 0.274281 0.123989 0.138489
1 0.028976 0.542266 0.057951 0.134892
1 0.815364 0.244604 0.048518 0.071942
1 0.844340 0.171763 0.036388 0.059353
1 0.799865 0.642986 0.047170 0.041367
1 0.776954 0.712230 0.052561 0.043165
1 0.958221 0.895683 0.037736 0.039568
1 0.904987 0.119604 0.030997 0.037770
1 0.494609 0.125899 0.024259 0.035971
1 0.514825 0.221223 0.032345 0.028777
1 0.615903 0.312950 0.021563 0.057554
1 0.675876 0.633993 0.022911 0.034173
1 0.075472 0.444245 0.018868 0.035971
1 0.266846 0.309353 0.021563 0.032374
1 0.431941 0.187950 0.022911 0.019784
