1 0.525606 0.916367 0.129380 0.167266
1 0.871968 0.136691 0.105121 0.125899
1 0.685984 0.060252 0.110512 0.120504
1 0.693396 0.191547 0.074124 0.098921
1 0.416442 0.909173 0.070081 0.102518
1 0.022911 0.760791 0.045822 0.093525
1 0.082884 0.850719 0.049865 0.104317
1 0.278976 0.518885 0.037736 0.080935
1 0.468329 0.318345 0.049865 0.061151
1 0.271563 0.348022 0.039084 0.059353
1 0.400943 0.180755 0.055256 0.041367
1 0.304582 0.262590 0.024259 0.061151
1 0.272237 0.593525 0.026954 0.046763
1 0.347709 0.313849 0.026954 0.070144
1 0.360512 0.932554 0.036388 0.034173
1 0.194070 0.607914 0.032345 0.032374
1 0.645553 0.339928 0.024259 0.039568
1 0.592318 0.219424 0.030997 0.028777
1 0.333558 0.393885 0.022911 0.046763
1 0.219003 0.573741 0.017520 0.050360
1 0.676550 0.315647 0.024259 0.026978
1 0.663073 0.271583 0.021563 0.032374
1 0.581536 0.343525 0.030997 0.032374
1 0.762803 0.806655 0.021563 0.016187
1 0.442049 0.009892 0.016173 0.019784
