1 0.773900 0.049595 0.069803 0.099190
1 0.682853 0.535425 0.063733 0.151822
1 0.779211 0.221660 0.053111 0.111336
1 0.540212 0.466599 0.066768 0.074899
1 0.411988 0.548583 0.068285 0.052632
1 0.895296 0.084008 0.042489 0.054656
1 0.585736 0.219636 0.039454 0.046559
1 0.911988 0.013158 0.048558 0.026316
1 0.569803 0.661943 0.028832 0.048583
1 0.522003 0.844130 0.024279 0.036437
1 0.847496 0.431174 0.025797 0.032389
1 0.698786 0.199393 0.034901 0.026316
1 0.719272 0.355263 0.024279 0.026316
1 0.399848 0.718623 0.022762 0.028340
1 0.685888 0.716599 0.021244 0.028340
1 0.464340 0.753036 0.015175 0.032389
1 0.685129 0.397773 0.016692 0.026316
