1 0.171159 0.793165 0.132075 0.165468
1 0.871294 0.513489 0.098383 0.152878
1 0.873315 0.049460 0.083558 0.098921
1 0.520216 0.693345 0.061995 0.120504
1 0.036388 0.855216 0.072776 0.055755
1 0.828167 0.301259 0.079515 0.073741
1 0.528976 0.364209 0.044474 0.102518
1 0.014825 0.464928 0.029650 0.109712
1 0.912399 0.629496 0.035040 0.075540
1 0.506739 0.778777 0.032345 0.035971
1 0.818059 0.637590 0.029650 0.044964
1 0.846361 0.809353 0.035040 0.035971
1 0.541779 0.845324 0.029650 0.028777
1 0.814016 0.228417 0.021563 0.043165
1 0.768194 0.651978 0.021563 0.030576
1 0.466981 0.443345 0.022911 0.026978
1 0.469003 0.509892 0.018868 0.030576
1 0.801887 0.696043 0.016173 0.028777
1 0.464286 0.757194 0.014825 0.025180
1 0.115903 0.673561 0.010782 0.034173
1 0.006065 0.232914 0.012129 0.026978
