1 0.113881 0.515288 0.227763 0.311151
1 0.397574 0.402878 0.134771 0.179856
1 0.442049 0.198741 0.115903 0.160072
1 0.476415 0.628597 0.101078 0.134892
1 0.869272 0.952338 0.107817 0.095324
1 0.727089 0.811151 0.076819 0.147482
1 0.934636 0.848022 0.063342 0.156475
1 0.977089 0.410971 0.045822 0.235612
1 0.263477 0.421763 0.082210 0.088129
1 0.907008 0.210432 0.134771 0.061151
1 0.388814 0.545863 0.047170 0.066547
1 0.276280 0.592626 0.048518 0.059353
1 0.978437 0.717626 0.043127 0.053957
1 0.861860 0.044065 0.030997 0.044964
