1 0.058203 0.610417 0.116406 0.137500
1 0.430469 0.570833 0.142187 0.179167
1 0.244531 0.480729 0.090625 0.128125
1 0.827734 0.295312 0.113281 0.088542
1 0.373047 0.400521 0.097656 0.094792
1 0.330469 0.706250 0.071875 0.077083
1 0.361719 0.028646 0.065625 0.057292
1 0.208594 0.591667 0.060937 0.054167
1 0.677344 0.021875 0.067187 0.043750
1 0.156641 0.144792 0.053906 0.056250
1 0.651172 0.529687 0.050781 0.061458
1 0.422656 0.309375 0.071875 0.060417
1 0.607812 0.779167 0.060937 0.072917
1 0.610547 0.438021 0.035156 0.076042
1 0.164453 0.709375 0.055469 0.062500
1 0.686328 0.869792 0.042969 0.045833
1 0.055859 0.422396 0.038281 0.042708
1 0.608203 0.315104 0.025781 0.055208
1 0.759766 0.648438 0.032031 0.040625
1 0.726172 0.748958 0.046094 0.031250
1 0.409375 0.988021 0.040625 0.023958
1 0.942187 0.684375 0.032813 0.033333
1 0.010937 0.976042 0.021875 0.047917
1 0.298047 0.867188 0.047656 0.028125
1 0.958203 0.613021 0.028906 0.034375
1 0.413672 0.441146 0.039844 0.028125
1 0.567578 0.769271 0.032031 0.028125
1 0.514062 0.822396 0.029687 0.026042
1 0.510547 0.541146 0.024219 0.032292
1 0.030859 0.777083 0.032031 0.020833
1 0.954297 0.541667 0.032031 0.020833
1 0.898438 0.785417 0.025000 0.022917
1 0.611328 0.243750 0.017969 0.022917
1 0.170703 0.484375 0.019531 0.020833
1 0.419922 0.700000 0.025781 0.014583
1 0.264453 0.793750 0.016406 0.018750
