1 0.378551 0.512311 0.115057 0.198864
1 0.757102 0.362689 0.125000 0.142045
1 0.120739 0.551136 0.059659 0.109848
1 0.192472 0.148674 0.063920 0.115530
1 0.380682 0.290720 0.088068 0.096591
1 0.928977 0.717803 0.051136 0.068182
1 0.265625 0.571970 0.036932 0.060606
1 0.911222 0.212121 0.041193 0.049242
1 0.894176 0.308712 0.026989 0.071970
1 0.642045 0.149621 0.028409 0.045455
1 0.543324 0.942235 0.026989 0.043561
1 0.328835 0.821023 0.026989 0.039773
1 0.279830 0.343750 0.031250 0.032197
1 0.803977 0.170455 0.022727 0.045455
1 0.051136 0.512311 0.028409 0.032197
