1 0.736523 0.243705 0.173854 0.339928
1 0.305930 0.395683 0.126685 0.201439
1 0.531671 0.934353 0.114555 0.131295
1 0.062668 0.946942 0.125337 0.106115
1 0.566712 0.589928 0.098383 0.115108
1 0.790431 0.956835 0.068733 0.086331
1 0.615903 0.345324 0.053908 0.082734
1 0.413073 0.239209 0.079515 0.136691
1 0.437332 0.895683 0.082210 0.061151
1 0.757412 0.772482 0.037736 0.059353
1 0.628706 0.491906 0.044474 0.044964
1 0.523585 0.222122 0.036388 0.044964
1 0.620620 0.198741 0.033693 0.052158
1 0.647574 0.697842 0.030997 0.043165
1 0.817385 0.473022 0.030997 0.032374
1 0.154987 0.987410 0.043127 0.025180
1 0.692722 0.904676 0.024259 0.035971
1 0.869946 0.251799 0.030997 0.028777
1 0.907682 0.274281 0.020216 0.048561
1 0.535040 0.306655 0.024259 0.037770
1 0.448787 0.438849 0.029650 0.032374
1 0.899596 0.197842 0.039084 0.021583
1 0.751348 0.038669 0.025606 0.030576
