1 0.364063 0.356250 0.320312 0.260417
1 0.944531 0.846875 0.110937 0.193750
1 0.851172 0.700521 0.091406 0.113542
1 0.579688 0.253125 0.110937 0.093750
1 0.499219 0.075521 0.059375 0.073958
1 0.101562 0.113021 0.068750 0.069792
1 0.353125 0.691667 0.076563 0.058333
1 0.616797 0.408854 0.049219 0.082292
1 0.778516 0.443229 0.049219 0.053125
1 0.105859 0.496354 0.072656 0.036458
1 0.180859 0.390104 0.050781 0.063542
1 0.800000 0.052604 0.056250 0.032292
1 0.219531 0.486458 0.048438 0.058333
1 0.455469 0.860938 0.057813 0.038542
