1 0.605121 0.169065 0.159030 0.291367
1 0.383423 0.732914 0.095687 0.178058
1 0.640836 0.958633 0.114555 0.082734
1 0.690027 0.385791 0.067385 0.163669
1 0.355121 0.221223 0.084906 0.151079
1 0.047844 0.030576 0.095687 0.061151
1 0.063342 0.515288 0.045822 0.070144
1 0.855121 0.722122 0.055256 0.044964
1 0.020889 0.851619 0.041779 0.052158
1 0.907682 0.469424 0.030997 0.097122
1 0.304582 0.435252 0.040431 0.082734
1 0.828841 0.508094 0.035040 0.052158
1 0.180593 0.751799 0.037736 0.046763
1 0.977089 0.395683 0.035040 0.035971
1 0.918464 0.358813 0.025606 0.048561
1 0.704178 0.032374 0.028302 0.035971
1 0.798518 0.055755 0.028302 0.035971
1 0.480458 0.410971 0.044474 0.044964
1 0.448113 0.535072 0.022911 0.037770
1 0.537062 0.591727 0.033693 0.053957
