1 0.301997 0.553215 0.114809 0.130820
1 0.517471 0.100887 0.053245 0.095344
1 0.148087 0.395787 0.063228 0.073171
1 0.399334 0.651885 0.073211 0.062084
1 0.618968 0.217295 0.073211 0.053215
1 0.465058 0.582040 0.048253 0.073171
1 0.034110 0.245011 0.034942 0.059867
1 0.069052 0.650776 0.034942 0.059867
1 0.530782 0.236142 0.036606 0.050998
1 0.468386 0.164080 0.044925 0.035477
1 0.623128 0.788248 0.024958 0.064302
1 0.070715 0.971175 0.028286 0.035477
1 0.189684 0.611973 0.033278 0.031042
1 0.273710 0.414634 0.034942 0.031042
1 0.289517 0.353659 0.019967 0.033259
1 0.190516 0.281596 0.024958 0.026608
1 0.231281 0.396896 0.019967 0.031042
1 0.480865 0.811530 0.013311 0.039911
1 0.103993 0.298226 0.014975 0.024390
1 0.441764 0.512195 0.014975 0.022173
