1 0.206676 0.550189 0.223011 0.153409
1 0.930398 0.623106 0.113636 0.189394
1 0.589489 0.149621 0.079545 0.113636
1 0.667614 0.336174 0.090909 0.119318
1 0.305398 0.744318 0.119318 0.094697
1 0.832386 0.933712 0.079545 0.113636
1 0.943182 0.965909 0.085227 0.068182
1 0.257812 0.291667 0.078125 0.056818
1 0.412642 0.837121 0.063920 0.068182
1 0.979403 0.725379 0.041193 0.037879
1 0.907670 0.793561 0.036932 0.053030
1 0.325284 0.357008 0.031250 0.039773
1 0.963068 0.244318 0.022727 0.041667
1 0.381392 0.702652 0.032670 0.026515
1 0.296875 0.850379 0.025568 0.026515
1 0.249290 0.672348 0.024148 0.026515
1 0.346591 0.805871 0.019886 0.024621
