1 0.242969 0.244792 0.260937 0.489583
1 0.502344 0.127083 0.192188 0.254167
1 0.896875 0.110417 0.150000 0.220833
1 0.265625 0.552083 0.140625 0.175000
1 0.413281 0.346875 0.114062 0.231250
1 0.057813 0.093750 0.115625 0.141667
1 0.408594 0.833333 0.107813 0.137500
1 0.726562 0.227083 0.115625 0.104167
1 0.078125 0.750000 0.090625 0.091667
1 0.771094 0.578125 0.054688 0.122917
1 0.030469 0.818750 0.060937 0.116667
1 0.407031 0.565625 0.064062 0.089583
1 0.546875 0.691667 0.059375 0.091667
1 0.182812 0.082292 0.046875 0.089583
1 0.467969 0.613542 0.051562 0.072917
1 0.347656 0.632292 0.054688 0.039583
1 0.825000 0.497917 0.056250 0.041667
1 0.694531 0.673958 0.039062 0.072917
1 0.633594 0.631250 0.035937 0.050000
1 0.338281 0.926042 0.039062 0.031250
1 0.457813 0.082292 0.028125 0.039583
