1 0.621449 0.487689 0.115057 0.198864
1 0.242898 0.637311 0.125000 0.142045
1 0.879261 0.448864 0.059659 0.109848
1 0.807528 0.851326 0.063920 0.115530
1 0.619318 0.709280 0.088068 0.096591
1 0.071023 0.282197 0.051136 0.068182
1 0.734375 0.428030 0.036932 0.060606
1 0.088778 0.787879 0.041193 0.049242
1 0.105824 0.691288 0.026989 0.071970
1 0.357955 0.850379 0.028409 0.045455
1 0.456676 0.057765 0.026989 0.043561
1 0.671165 0.178977 0.026989 0.039773
1 0.720170 0.656250 0.031250 0.032197
1 0.196023 0.829545 0.022727 0.045455
1 0.948864 0.487689 0.028409 0.032197
