1 0.286190 0.832594 0.073211 0.068736
1 0.107321 0.352550 0.061564 0.088692
1 0.223794 0.186253 0.054908 0.079823
1 0.476705 0.339246 0.068220 0.053215
1 0.662230 0.352550 0.076539 0.093126
1 0.215474 0.964523 0.041597 0.070953
1 0.235441 0.763858 0.051581 0.064302
1 0.970050 0.780488 0.059900 0.044346
1 0.706323 0.745011 0.044925 0.048780
1 0.187188 0.839246 0.041597 0.046563
1 0.979201 0.554324 0.041597 0.039911
1 0.381032 0.771619 0.033278 0.039911
1 0.679700 0.586475 0.028286 0.037694
1 0.070715 0.486696 0.024958 0.037694
1 0.957571 0.361419 0.024958 0.031042
1 0.114809 0.511086 0.023295 0.024390
1 0.644759 0.518847 0.021631 0.026608
1 0.493344 0.260532 0.018303 0.028825
1 0.090682 0.431264 0.021631 0.024390
1 0.663894 0.420177 0.016639 0.028825
1 0.174709 0.385809 0.016639 0.031042
1 0.173045 0.269401 0.019967 0.019956
1 0.008319 0.547672 0.016639 0.022173
1 0.868552 0.538803 0.016639 0.017738
