1 0.289844 0.137500 0.257812 0.275000
1 0.754297 0.733333 0.249219 0.233333
1 0.570703 0.457292 0.141406 0.220833
1 0.316406 0.383333 0.121875 0.141667
1 0.608203 0.858854 0.089844 0.107292
1 0.141406 0.280208 0.065625 0.097917
1 0.662500 0.571875 0.067187 0.070833
1 0.848047 0.519271 0.064844 0.051042
1 0.743359 0.384896 0.086719 0.044792
1 0.533203 0.793750 0.042969 0.066667
1 0.614453 0.300000 0.035156 0.081250
1 0.545312 0.969792 0.056250 0.035417
1 0.763281 0.098437 0.046875 0.034375
1 0.753906 0.288021 0.054688 0.053125
1 0.762891 0.233333 0.030469 0.041667
