1 0.838949 0.598921 0.152291 0.158273
1 0.708895 0.236511 0.134771 0.142086
1 0.551887 0.689748 0.109164 0.127698
1 0.627358 0.054856 0.090296 0.109712
1 0.050539 0.911871 0.082210 0.097122
1 0.235849 0.666367 0.115903 0.052158
1 0.716307 0.875000 0.060647 0.062950
1 0.952156 0.264388 0.047170 0.075540
1 0.016173 0.739209 0.032345 0.079137
1 0.294474 0.062950 0.036388 0.068345
1 0.060647 0.657374 0.043127 0.088129
1 0.667790 0.734712 0.036388 0.052158
1 0.235849 0.213129 0.040431 0.055755
1 0.177224 0.271583 0.036388 0.050360
1 0.048518 0.107914 0.037736 0.046763
1 0.070081 0.285072 0.029650 0.044964
1 0.402965 0.039568 0.026954 0.035971
1 0.229111 0.619604 0.026954 0.026978
1 0.648922 0.329137 0.020216 0.032374
1 0.450135 0.727518 0.029650 0.019784
1 0.772237 0.178058 0.018868 0.028777
