1 0.271563 0.578237 0.192722 0.383094
1 0.640836 0.845324 0.176550 0.179856
1 0.840970 0.088129 0.123989 0.176259
1 0.766846 0.361511 0.102426 0.122302
1 0.659030 0.251799 0.107817 0.082734
1 0.487871 0.942446 0.083558 0.093525
1 0.524259 0.406475 0.061995 0.115108
1 0.421159 0.168165 0.068733 0.080935
1 0.206873 0.783273 0.098383 0.062950
1 0.523585 0.562950 0.057951 0.061151
1 0.958895 0.950540 0.082210 0.066547
1 0.448113 0.426259 0.049865 0.046763
1 0.934636 0.790468 0.028302 0.084532
1 0.823450 0.567446 0.040431 0.048561
1 0.153639 0.687050 0.045822 0.039568
1 0.952830 0.882194 0.040431 0.052158
1 0.756065 0.806655 0.029650 0.030576
1 0.383423 0.250899 0.036388 0.034173
