1 0.160156 0.147917 0.189062 0.212500
1 0.925781 0.933333 0.064062 0.108333
1 0.227344 0.788542 0.082812 0.077083
1 0.496094 0.502083 0.054688 0.075000
1 0.214062 0.269792 0.050000 0.072917
1 0.312500 0.165625 0.059375 0.031250
1 0.394531 0.582292 0.035937 0.047917
1 0.169531 0.629167 0.023438 0.054167
1 0.020313 0.222917 0.040625 0.029167
1 0.746875 0.298958 0.031250 0.035417
1 0.324219 0.433333 0.029687 0.033333
1 0.186719 0.732292 0.029687 0.031250
1 0.500781 0.627083 0.029687 0.025000
1 0.443750 0.344792 0.025000 0.027083
1 0.310156 0.518750 0.017188 0.033333
1 0.178125 0.905208 0.018750 0.027083
