1 0.778205 0.706838 0.120513 0.217094
1 0.327564 0.375214 0.060256 0.070085
1 0.406410 0.385470 0.041026 0.070085
1 0.264103 0.975214 0.058974 0.049573
1 0.475641 0.433333 0.041026 0.049573
1 0.232692 0.598291 0.037179 0.064957
1 0.933333 0.723077 0.028205 0.047863
1 0.014103 0.658120 0.028205 0.034188
1 0.016026 0.898291 0.032051 0.029060
1 0.316026 0.629915 0.034615 0.029060
1 0.990385 0.274359 0.019231 0.063248
1 0.482692 0.577778 0.026923 0.030769
1 0.557051 0.858120 0.026923 0.027350
1 0.417308 0.960684 0.029487 0.020513
1 0.007692 0.586325 0.015385 0.034188
