1 0.886119 0.484712 0.227763 0.311151
1 0.602426 0.597122 0.134771 0.179856
1 0.557951 0.801259 0.115903 0.160072
1 0.523585 0.371403 0.101078 0.134892
1 0.130728 0.047662 0.107817 0.095324
1 0.272911 0.188849 0.076819 0.147482
1 0.065364 0.151978 0.063342 0.156475
1 0.022911 0.589029 0.045822 0.235612
1 0.736523 0.578237 0.082210 0.088129
1 0.092992 0.789568 0.134771 0.061151
1 0.611186 0.454137 0.047170 0.066547
1 0.723720 0.407374 0.048518 0.059353
1 0.021563 0.282374 0.043127 0.053957
1 0.138140 0.955935 0.030997 0.044964
