1 0.643466 0.851326 0.090909 0.195076
1 0.290483 0.174242 0.120739 0.159091
1 0.147727 0.523674 0.076705 0.138258
1 0.561080 0.706439 0.113636 0.087121
1 0.124290 0.077652 0.072443 0.053030
1 0.704545 0.977273 0.048295 0.045455
1 0.240057 0.355114 0.039773 0.054924
1 0.433239 0.428977 0.031250 0.047348
1 0.631392 0.269886 0.029830 0.043561
1 0.080256 0.555871 0.024148 0.043561
1 0.484375 0.656250 0.025568 0.047348
1 0.968040 0.352273 0.024148 0.037879
1 0.640625 0.660038 0.025568 0.039773
1 0.106534 0.204545 0.025568 0.034091
1 0.448864 0.744318 0.019886 0.041667
1 0.377841 0.806818 0.019886 0.037879
1 0.520597 0.630682 0.018466 0.026515
