1 0.186356 0.562084 0.099834 0.139690
1 0.183860 0.390244 0.104825 0.124169
1 0.570715 0.799335 0.059900 0.064302
1 0.645591 0.643016 0.049917 0.070953
1 0.471714 0.597561 0.064892 0.068736
1 0.089018 0.706208 0.054908 0.050998
1 0.055740 0.212860 0.051581 0.066519
1 0.073211 0.384701 0.049917 0.042129
1 0.205491 0.302661 0.041597 0.082040
1 0.099002 0.251663 0.028286 0.059867
1 0.271215 0.232816 0.046589 0.044346
1 0.282862 0.124169 0.029950 0.048780
1 0.663062 0.077605 0.024958 0.035477
1 0.857737 0.366962 0.024958 0.033259
1 0.470882 0.147450 0.023295 0.028825
1 0.291181 0.197339 0.016639 0.035477
1 0.280366 0.309313 0.018303 0.033259
1 0.175541 0.108647 0.021631 0.026608
1 0.612313 0.858093 0.019967 0.026608
1 0.855241 0.925721 0.016639 0.028825
1 0.868552 0.736142 0.016639 0.026608
1 0.168053 0.215078 0.019967 0.022173
1 0.443428 0.830377 0.014975 0.019956
