1 0.457031 0.654687 0.207813 0.257292
1 0.064062 0.373958 0.128125 0.141667
1 0.629687 0.717708 0.098437 0.127083
1 0.703906 0.244792 0.110937 0.112500
1 0.834766 0.638021 0.074219 0.076042
1 0.025391 0.892188 0.050781 0.084375
1 0.262109 0.948438 0.063281 0.076042
1 0.327734 0.152604 0.064844 0.080208
1 0.967578 0.649479 0.064844 0.067708
1 0.279297 0.613542 0.071094 0.064583
1 0.247266 0.428125 0.055469 0.064583
1 0.742578 0.765625 0.049219 0.066667
1 0.022266 0.680208 0.044531 0.077083
1 0.649609 0.628125 0.089844 0.066667
1 0.961719 0.344271 0.048438 0.065625
1 0.669531 0.355208 0.064062 0.052083
1 0.789453 0.229167 0.041406 0.056250
1 0.860938 0.369271 0.051562 0.048958
1 0.722656 0.591667 0.042188 0.041667
1 0.320312 0.655208 0.050000 0.029167
1 0.247656 0.547396 0.031250 0.040625
1 0.887500 0.432812 0.029687 0.038542
1 0.956641 0.563542 0.042969 0.037500
1 0.933203 0.723958 0.038281 0.031250
1 0.323828 0.015625 0.049219 0.031250
1 0.983203 0.164583 0.033594 0.025000
1 0.177734 0.645833 0.035156 0.022917
