1 0.778125 0.439583 0.225000 0.195833
1 0.178906 0.498437 0.117188 0.161458
1 0.535937 0.229167 0.085938 0.158333
1 0.861328 0.658854 0.132031 0.126042
1 0.274219 0.864583 0.095312 0.100000
1 0.730469 0.157292 0.078125 0.093750
1 0.791016 0.951042 0.096094 0.052083
1 0.969922 0.837500 0.060156 0.068750
1 0.055859 0.574479 0.053906 0.036458
1 0.528906 0.978125 0.035937 0.043750
1 0.809375 0.765104 0.037500 0.038542
1 0.242969 0.972396 0.029687 0.044792
1 0.143750 0.305729 0.034375 0.036458
1 0.055469 0.518229 0.031250 0.032292
1 0.367969 0.852083 0.028125 0.037500
1 0.563281 0.809375 0.034375 0.027083
1 0.294531 0.079687 0.039062 0.021875
