1 0.474359 0.570940 0.151282 0.170940
1 0.585256 0.196581 0.085897 0.232479
1 0.558974 0.396581 0.112821 0.105983
1 0.155769 0.751282 0.088462 0.114530
1 0.601923 0.529060 0.055128 0.097436
1 0.572436 0.976068 0.055128 0.047863
1 0.639103 0.806838 0.039744 0.058120
1 0.012821 0.226496 0.025641 0.080342
1 0.974359 0.981197 0.051282 0.037607
1 0.219231 0.457265 0.025641 0.059829
1 0.285897 0.155556 0.028205 0.037607
1 0.231410 0.160684 0.034615 0.023932
1 0.682051 0.649573 0.035897 0.027350
1 0.937821 0.842735 0.021795 0.034188
1 0.341026 0.123077 0.023077 0.030769
1 0.601282 0.744444 0.023077 0.029060
1 0.487179 0.794017 0.017949 0.029060
