1 0.736523 0.243705 0.173854 0.339928
1 0.306604 0.396583 0.128032 0.203237
1 0.531671 0.934353 0.114555 0.131295
1 0.063342 0.946942 0.126685 0.106115
1 0.566712 0.590827 0.101078 0.120504
1 0.790431 0.956835 0.071429 0.086331
1 0.616577 0.345324 0.055256 0.082734
1 0.413073 0.241007 0.079515 0.136691
1 0.438005 0.895683 0.086253 0.061151
1 0.756739 0.772482 0.039084 0.059353
1 0.629380 0.491906 0.043127 0.044964
1 0.522237 0.223022 0.036388 0.046763
1 0.620620 0.198741 0.033693 0.052158
1 0.648248 0.698741 0.035040 0.044964
1 0.817385 0.473921 0.030997 0.034173
1 0.154987 0.987410 0.043127 0.025180
1 0.692049 0.903777 0.025606 0.037770
1 0.869272 0.251799 0.032345 0.028777
1 0.448113 0.438849 0.030997 0.032374
1 0.535040 0.306655 0.024259 0.037770
1 0.907008 0.270683 0.021563 0.041367
1 0.751348 0.038669 0.025606 0.030576
