1 0.473720 0.082734 0.128032 0.165468
1 0.128032 0.861511 0.105121 0.125899
1 0.314690 0.938849 0.111860 0.122302
1 0.306604 0.807554 0.074124 0.100719
1 0.583558 0.089928 0.070081 0.100719
1 0.977089 0.239209 0.045822 0.093525
1 0.918464 0.148381 0.049865 0.102518
1 0.721024 0.480216 0.040431 0.079137
1 0.531671 0.678957 0.049865 0.062950
1 0.339623 0.667266 0.056604 0.061151
1 0.729111 0.650180 0.040431 0.059353
1 0.600404 0.818345 0.057951 0.043165
1 0.696092 0.736511 0.025606 0.059353
1 0.728437 0.406475 0.028302 0.046763
1 0.652291 0.685252 0.026954 0.068345
1 0.640162 0.066547 0.035040 0.032374
1 0.805930 0.390288 0.032345 0.032374
1 0.666442 0.603417 0.022911 0.048561
1 0.407682 0.777878 0.030997 0.030576
1 0.781671 0.424460 0.018868 0.053957
1 0.338275 0.727518 0.024259 0.034173
1 0.419137 0.654676 0.032345 0.032374
1 0.558625 0.989209 0.014825 0.021583
1 0.238544 0.192446 0.021563 0.014388
