1 0.872266 0.706250 0.192969 0.227083
1 0.140234 0.368229 0.121094 0.144792
1 0.600781 0.313542 0.115625 0.106250
1 0.525000 0.937500 0.098437 0.110417
1 0.040234 0.761458 0.080469 0.104167
1 0.666016 0.599479 0.069531 0.073958
1 0.978125 0.839583 0.043750 0.097917
1 0.409766 0.618229 0.046094 0.088542
1 0.475000 0.755729 0.057813 0.069792
1 0.673047 0.124479 0.082031 0.048958
1 0.589453 0.166667 0.061719 0.060417
1 0.406641 0.138021 0.039844 0.073958
1 0.372266 0.890104 0.042969 0.069792
1 0.537500 0.724479 0.040625 0.055208
1 0.894922 0.306250 0.044531 0.031250
1 0.347656 0.336458 0.043750 0.031250
1 0.855859 0.184896 0.032031 0.038542
1 0.392188 0.287500 0.034375 0.025000
1 0.089453 0.810937 0.021094 0.034375
