1 0.667969 0.487500 0.339062 0.458333
1 0.616406 0.737500 0.317188 0.383333
1 0.857812 0.187500 0.190625 0.308333
1 0.171875 0.443750 0.125000 0.225000
1 0.410156 0.385417 0.160938 0.212500
1 0.355469 0.087500 0.082812 0.108333
1 0.804688 0.046875 0.106250 0.093750
1 0.247656 0.700000 0.073438 0.087500
1 0.379688 0.569792 0.071875 0.072917
1 0.328906 0.620833 0.054688 0.066667
1 0.319531 0.014583 0.085938 0.029167
1 0.043750 0.262500 0.034375 0.066667
1 0.254688 0.828125 0.040625 0.039583
1 0.196094 0.878125 0.035937 0.047917
1 0.025000 0.617708 0.028125 0.056250
