1 0.317188 0.630729 0.250000 0.265625
1 0.145313 0.363021 0.126562 0.219792
1 0.168359 0.765104 0.089844 0.105208
1 0.583984 0.404167 0.072656 0.075000
1 0.232422 0.479687 0.078906 0.069792
1 0.411328 0.432292 0.069531 0.056250
1 0.310937 0.295312 0.085938 0.046875
1 0.924609 0.450521 0.050781 0.067708
1 0.635547 0.075521 0.047656 0.063542
1 0.094922 0.698958 0.039844 0.062500
1 0.102734 0.872917 0.055469 0.035417
1 0.461719 0.359375 0.050000 0.056250
1 0.180859 0.221354 0.033594 0.046875
1 0.321875 0.198958 0.054688 0.052083
1 0.585156 0.047917 0.032813 0.039583
1 0.333594 0.012500 0.046875 0.025000
1 0.332031 0.142708 0.031250 0.039583
1 0.881250 0.353646 0.034375 0.036458
1 0.335547 0.434375 0.038281 0.029167
