1 0.491240 0.828237 0.160377 0.343525
1 0.745957 0.237410 0.119946 0.133094
1 0.840296 0.404676 0.092992 0.118705
1 0.210916 0.432554 0.111860 0.149281
1 0.898922 0.535072 0.061995 0.098921
1 0.507412 0.251799 0.049865 0.075540
1 0.354447 0.395683 0.083558 0.046763
1 0.417116 0.615108 0.082210 0.035971
1 0.404987 0.316547 0.030997 0.061151
1 0.679919 0.301259 0.052561 0.041367
1 0.546496 0.540468 0.036388 0.044964
1 0.987871 0.844424 0.024259 0.048561
1 0.902291 0.800360 0.030997 0.028777
1 0.709569 0.353417 0.022911 0.030576
