1 0.393531 0.322842 0.132075 0.167266
1 0.549865 0.650180 0.072776 0.134892
1 0.180593 0.387590 0.061995 0.095324
1 0.499326 0.500000 0.066038 0.136691
1 0.541105 0.273381 0.074124 0.043165
1 0.795148 0.301259 0.037736 0.084532
1 0.274933 0.392986 0.048518 0.070144
1 0.684636 0.514388 0.056604 0.035971
1 0.929245 0.961331 0.039084 0.041367
1 0.490566 0.052158 0.032345 0.046763
1 0.409704 0.104317 0.035040 0.043165
1 0.602426 0.289568 0.021563 0.046763
1 0.347709 0.014388 0.035040 0.028777
1 0.018868 0.008993 0.037736 0.017986
1 0.610512 0.106115 0.021563 0.032374
1 0.705526 0.286871 0.014825 0.030576
1 0.609164 0.225719 0.013477 0.030576
