1 0.404326 0.619734 0.066556 0.073171
1 0.660566 0.844789 0.059900 0.070953
1 0.247088 0.280488 0.048253 0.077605
1 0.741265 0.695122 0.041597 0.090909
1 0.495840 0.185144 0.043261 0.082040
1 0.014143 0.730599 0.028286 0.104213
1 0.378536 0.140798 0.041597 0.046563
1 0.475874 0.470067 0.039933 0.039911
1 0.331947 0.643016 0.038270 0.039911
1 0.762063 0.811530 0.033278 0.039911
1 0.028286 0.486696 0.029950 0.042129
1 0.717138 0.901330 0.023295 0.050998
1 0.181364 0.743902 0.026622 0.042129
1 0.627288 0.378049 0.026622 0.037694
1 0.293677 0.344789 0.024958 0.037694
1 0.246256 0.372506 0.029950 0.026608
1 0.184692 0.580931 0.023295 0.026608
1 0.034110 0.027716 0.031614 0.019956
1 0.364393 0.562084 0.019967 0.024390
1 0.574875 0.927938 0.018303 0.024390
1 0.217970 0.140798 0.016639 0.024390
