1 0.948787 0.725719 0.102426 0.163669
1 0.283019 0.535971 0.083558 0.147482
1 0.653639 0.259892 0.097035 0.138489
1 0.970350 0.480216 0.059299 0.133094
1 0.680593 0.945144 0.075472 0.109712
1 0.070755 0.670863 0.071429 0.089928
1 0.815364 0.306655 0.078167 0.084532
1 0.148248 0.606115 0.053908 0.079137
1 0.551213 0.283273 0.053908 0.048561
1 0.630728 0.832734 0.048518 0.053957
1 0.463612 0.107914 0.024259 0.061151
1 0.045822 0.385791 0.035040 0.048561
1 0.972372 0.860612 0.025606 0.034173
1 0.590296 0.151978 0.035040 0.019784
1 0.876011 0.637590 0.026954 0.026978
1 0.871968 0.327338 0.029650 0.032374
1 0.557278 0.105216 0.017520 0.019784
