1 0.394879 0.830935 0.159030 0.291367
1 0.616577 0.267086 0.095687 0.178058
1 0.359164 0.041367 0.114555 0.082734
1 0.309973 0.614209 0.067385 0.163669
1 0.644879 0.778777 0.084906 0.151079
1 0.952156 0.969424 0.095687 0.061151
1 0.936658 0.484712 0.045822 0.070144
1 0.144879 0.277878 0.055256 0.044964
1 0.979111 0.148381 0.041779 0.052158
1 0.092318 0.530576 0.030997 0.097122
1 0.695418 0.564748 0.040431 0.082734
1 0.171159 0.491906 0.035040 0.052158
1 0.819407 0.248201 0.037736 0.046763
1 0.022911 0.604317 0.035040 0.035971
1 0.080863 0.641187 0.026954 0.048561
1 0.295822 0.967626 0.028302 0.035971
1 0.201482 0.944245 0.028302 0.035971
1 0.519542 0.589029 0.044474 0.044964
1 0.551887 0.464928 0.022911 0.037770
1 0.462938 0.408273 0.033693 0.053957
