1 0.845013 0.591727 0.159030 0.147482
1 0.186658 0.604317 0.084906 0.205036
1 0.676550 0.107914 0.083558 0.097122
1 0.279650 0.794964 0.066038 0.061151
1 0.224394 0.070144 0.055256 0.071942
1 0.766846 0.973022 0.059299 0.053957
1 0.814690 0.020683 0.101078 0.041367
1 0.327493 0.709532 0.040431 0.059353
1 0.270889 0.226619 0.026954 0.043165
1 0.527628 0.298561 0.030997 0.043165
1 0.297844 0.457734 0.026954 0.034173
1 0.473720 0.798561 0.022911 0.046763
1 0.404987 0.289568 0.033693 0.028777
1 0.007412 0.631295 0.014825 0.050360
1 0.282345 0.572842 0.022911 0.041367
1 0.303235 0.633094 0.018868 0.028777
1 0.818059 0.560252 0.026954 0.023381
