1 0.838672 0.078646 0.216406 0.157292
1 0.070703 0.912500 0.110156 0.175000
1 0.236328 0.159896 0.111719 0.153125
1 0.928516 0.278125 0.142969 0.127083
1 0.347266 0.516667 0.107031 0.110417
1 0.862891 0.574479 0.105469 0.059375
1 0.268750 0.962500 0.071875 0.075000
1 0.613281 0.929688 0.076563 0.067708
1 0.472656 0.912500 0.065625 0.070833
1 0.604688 0.623958 0.048438 0.068750
1 0.435547 0.502083 0.041406 0.058333
1 0.117188 0.238021 0.059375 0.042708
1 0.311719 0.625000 0.062500 0.052083
1 0.162109 0.875521 0.042969 0.046875
1 0.503125 0.645312 0.051562 0.048958
1 0.019922 0.137500 0.039844 0.039583
1 0.876563 0.388542 0.037500 0.041667
1 0.528125 0.709896 0.029687 0.040625
1 0.595703 0.843750 0.044531 0.037500
1 0.116016 0.180208 0.033594 0.035417
1 0.630469 0.443750 0.039062 0.029167
1 0.720703 0.629687 0.027344 0.038542
1 0.307422 0.909375 0.030469 0.029167
1 0.363281 0.863542 0.026562 0.031250
1 0.467187 0.570312 0.029687 0.023958
1 0.040625 0.171354 0.035937 0.019792
1 0.786719 0.679167 0.020313 0.029167
1 0.972266 0.516667 0.030469 0.020833
