1 0.650781 0.915625 0.295312 0.168750
1 0.318750 0.196875 0.143750 0.272917
1 0.410938 0.903125 0.131250 0.193750
1 0.451562 0.409375 0.140625 0.139583
1 0.521094 0.323958 0.126562 0.122917
1 0.580469 0.159375 0.095312 0.102083
1 0.760938 0.645833 0.062500 0.100000
1 0.511719 0.819792 0.064062 0.102083
1 0.092188 0.225000 0.056250 0.066667
1 0.758594 0.512500 0.029687 0.070833
1 0.471094 0.614583 0.035937 0.041667
1 0.176563 0.265625 0.031250 0.043750
1 0.659375 0.600000 0.043750 0.037500
1 0.442969 0.531250 0.029687 0.037500
