1 0.226100 0.950405 0.069803 0.099190
1 0.317147 0.464575 0.063733 0.151822
1 0.220789 0.778340 0.053111 0.111336
1 0.459788 0.533401 0.066768 0.074899
1 0.588012 0.451417 0.068285 0.052632
1 0.104704 0.915992 0.042489 0.054656
1 0.414264 0.780364 0.039454 0.046559
1 0.088012 0.986842 0.048558 0.026316
1 0.430197 0.338057 0.028832 0.048583
1 0.477997 0.155870 0.024279 0.036437
1 0.152504 0.568826 0.025797 0.032389
1 0.301214 0.800607 0.034901 0.026316
1 0.280728 0.644737 0.024279 0.026316
1 0.600152 0.281377 0.022762 0.028340
1 0.314112 0.283401 0.021244 0.028340
1 0.535660 0.246964 0.015175 0.032389
1 0.314871 0.602227 0.016692 0.026316
