1 0.730469 0.782292 0.370312 0.314583
1 0.853906 0.129167 0.292187 0.258333
1 0.407813 0.471875 0.271875 0.206250
1 0.630469 0.243750 0.179688 0.208333
1 0.345313 0.098958 0.121875 0.197917
1 0.957031 0.332292 0.085938 0.168750
1 0.433594 0.268750 0.164062 0.150000
1 0.077344 0.515625 0.154688 0.164583
1 0.589063 0.428125 0.062500 0.106250
1 0.378906 0.966667 0.129688 0.066667
1 0.167969 0.362500 0.073438 0.150000
1 0.879687 0.079167 0.050000 0.079167
1 0.498437 0.914583 0.059375 0.079167
1 0.827344 0.437500 0.057813 0.066667
1 0.783594 0.955208 0.035937 0.047917
1 0.162500 0.960417 0.040625 0.037500
