5 0.079687 0.093229 0.073438 0.186458
5 0.088281 0.594271 0.096875 0.115625
5 0.267188 0.628125 0.070312 0.120833
5 0.514062 0.077604 0.068750 0.101042
5 0.305078 0.122396 0.086719 0.105208
5 0.271094 0.397396 0.073438 0.057292
5 0.197266 0.396875 0.050781 0.079167
5 0.210156 0.488542 0.059375 0.087500
5 0.066406 0.719792 0.056250 0.070833
5 0.070312 0.335938 0.053125 0.096875
5 0.156641 0.225521 0.061719 0.092708
5 0.047656 0.192708 0.062500 0.079167
5 0.209375 0.118229 0.054688 0.080208
5 0.429688 0.396875 0.057813 0.072917
5 0.358594 0.307812 0.034375 0.051042
5 0.017969 0.246875 0.035937 0.060417
5 0.426172 0.053646 0.033594 0.046875
5 0.377344 0.055729 0.034375 0.034375
5 0.328516 0.431250 0.021094 0.037500
5 0.373047 0.597396 0.019531 0.038542
5 0.724219 0.377083 0.029687 0.022917
5 0.984375 0.988021 0.031250 0.023958
5 0.492188 0.867188 0.021875 0.032292
5 0.408594 0.283333 0.018750 0.033333
5 0.315625 0.066146 0.017188 0.030208
5 0.493750 0.173437 0.018750 0.023958
5 0.793750 0.526042 0.023438 0.020833
5 0.474609 0.068229 0.021094 0.019792
5 0.514453 0.771354 0.016406 0.021875
