5 0.912109 0.483854 0.175781 0.307292
5 0.209375 0.359375 0.225000 0.250000
5 0.286328 0.707812 0.138281 0.157292
5 0.801953 0.897396 0.122656 0.107292
5 0.370703 0.369792 0.074219 0.112500
5 0.164453 0.505208 0.055469 0.108333
5 0.505078 0.125521 0.091406 0.109375
5 0.364453 0.264062 0.061719 0.092708
5 0.424609 0.220312 0.044531 0.071875
5 0.839844 0.585417 0.051562 0.062500
5 0.918359 0.431250 0.080469 0.062500
5 0.819531 0.486458 0.035937 0.072917
5 0.604297 0.447917 0.060156 0.056250
5 0.764453 0.608854 0.035156 0.061458
5 0.801172 0.972917 0.046094 0.054167
5 0.650781 0.729688 0.043750 0.055208
5 0.149609 0.658854 0.024219 0.063542
5 0.620313 0.304688 0.028125 0.044792
5 0.751563 0.946875 0.029687 0.045833
5 0.750781 0.067187 0.029687 0.046875
5 0.263281 0.522396 0.028125 0.040625
5 0.857422 0.241146 0.027344 0.044792
5 0.714063 0.519271 0.026562 0.030208
5 0.413672 0.500521 0.022656 0.040625
