5 0.449219 0.416146 0.123438 0.146875
5 0.168750 0.370312 0.145313 0.148958
5 0.500391 0.235417 0.092969 0.137500
5 0.064844 0.160417 0.129688 0.118750
5 0.484375 0.054688 0.081250 0.109375
5 0.198047 0.491146 0.066406 0.076042
5 0.414062 0.278125 0.043750 0.087500
5 0.356641 0.023958 0.074219 0.047917
5 0.242578 0.208854 0.047656 0.065625
5 0.184766 0.184896 0.052344 0.061458
5 0.027734 0.263021 0.028906 0.065625
5 0.330078 0.500521 0.028906 0.042708
5 0.400781 0.948438 0.023438 0.059375
5 0.852734 0.054688 0.021094 0.042708
5 0.415625 0.188021 0.026562 0.032292
5 0.594531 0.950000 0.021875 0.033333
5 0.151172 0.196354 0.021094 0.034375
5 0.327734 0.120313 0.024219 0.028125
5 0.350391 0.541146 0.024219 0.023958
5 0.250391 0.395833 0.021094 0.022917
5 0.372656 0.956771 0.023438 0.021875
5 0.007812 0.016146 0.015625 0.032292
5 0.346484 0.098437 0.017969 0.021875
5 0.427344 0.161979 0.014063 0.021875
