5 0.514453 0.619792 0.169531 0.229167
5 0.844141 0.664583 0.089844 0.195833
5 0.187500 0.195833 0.110937 0.158333
5 0.241016 0.624479 0.105469 0.148958
5 0.929688 0.496354 0.067187 0.142708
5 0.667188 0.554167 0.060937 0.095833
5 0.257031 0.743229 0.081250 0.080208
5 0.247266 0.469271 0.057031 0.088542
5 0.360156 0.583333 0.045312 0.060417
5 0.823828 0.822917 0.032031 0.062500
5 0.573438 0.856771 0.042188 0.051042
5 0.862891 0.029687 0.044531 0.059375
5 0.289844 0.643750 0.042188 0.066667
5 0.675000 0.776042 0.054688 0.043750
5 0.978516 0.982292 0.042969 0.035417
5 0.437891 0.972917 0.027344 0.037500
5 0.888672 0.818229 0.028906 0.036458
5 0.422266 0.596354 0.025781 0.036458
5 0.694531 0.365104 0.018750 0.026042
5 0.745703 0.043750 0.019531 0.025000
