5 0.825781 0.390104 0.189062 0.313542
5 0.292187 0.709896 0.148438 0.153125
5 0.944922 0.899479 0.110156 0.192708
5 0.517578 0.105208 0.082031 0.133333
5 0.300391 0.814063 0.055469 0.119792
5 0.762109 0.394271 0.074219 0.071875
5 0.611328 0.169271 0.102344 0.080208
5 0.240234 0.931771 0.053906 0.088542
5 0.419141 0.178125 0.047656 0.077083
5 0.211328 0.575521 0.063281 0.051042
5 0.948438 0.524479 0.053125 0.057292
5 0.493750 0.193750 0.075000 0.041667
5 0.182422 0.654167 0.058594 0.075000
5 0.692578 0.541146 0.063281 0.051042
5 0.664844 0.659896 0.046875 0.053125
5 0.386328 0.882812 0.042969 0.063542
5 0.785937 0.745833 0.053125 0.045833
5 0.979688 0.292708 0.040625 0.060417
5 0.950781 0.100000 0.035937 0.039583
5 0.506250 0.936979 0.031250 0.057292
5 0.317188 0.936458 0.046875 0.041667
5 0.880078 0.634896 0.036719 0.040625
5 0.748047 0.112500 0.022656 0.056250
5 0.246094 0.786979 0.029687 0.044792
5 0.814063 0.206771 0.028125 0.038542
5 0.459375 0.151562 0.026562 0.028125
5 0.377344 0.577083 0.020313 0.039583
5 0.653516 0.382292 0.025781 0.031250
5 0.432031 0.865625 0.023438 0.033333
