5 0.282031 0.730208 0.128125 0.318750
5 0.927344 0.835417 0.145313 0.218750
5 0.760547 0.433333 0.128906 0.168750
5 0.582812 0.592708 0.092188 0.191667
5 0.398828 0.318750 0.153906 0.104167
5 0.052344 0.579688 0.059375 0.151042
5 0.787109 0.224479 0.085156 0.096875
5 0.315625 0.449479 0.068750 0.076042
5 0.117969 0.498437 0.082812 0.069792
5 0.975781 0.430729 0.048438 0.063542
5 0.126953 0.223958 0.046094 0.083333
5 0.794922 0.899479 0.044531 0.086458
5 0.944922 0.602083 0.022656 0.083333
5 0.733594 0.293750 0.032813 0.047917
5 0.684375 0.059375 0.039062 0.043750
5 0.960547 0.525521 0.028906 0.053125
5 0.779297 0.311458 0.036719 0.043750
5 0.140625 0.402083 0.025000 0.050000
5 0.378906 0.865625 0.042188 0.033333
5 0.688672 0.821875 0.028906 0.041667
5 0.933203 0.374479 0.024219 0.051042
5 0.502344 0.493750 0.018750 0.060417
5 0.588281 0.198437 0.026562 0.036458
5 0.611719 0.495312 0.020313 0.040625
5 0.036719 0.446354 0.021875 0.044792
5 0.664844 0.890625 0.020313 0.033333
5 0.826172 0.807813 0.019531 0.030208
5 0.495312 0.571354 0.015625 0.038542
