5 0.808203 0.110937 0.169531 0.221875
5 0.714063 0.600521 0.162500 0.146875
5 0.220703 0.925521 0.133594 0.148958
5 0.208984 0.677083 0.172656 0.137500
5 0.524609 0.747396 0.102344 0.219792
5 0.489063 0.534375 0.084375 0.147917
5 0.611328 0.944271 0.083594 0.111458
5 0.742578 0.333333 0.102344 0.110417
5 0.868359 0.635938 0.089844 0.111458
5 0.353125 0.076563 0.073438 0.121875
5 0.702344 0.477083 0.100000 0.079167
5 0.970703 0.551562 0.058594 0.140625
5 0.322656 0.471875 0.093750 0.125000
5 0.362109 0.208854 0.052344 0.092708
5 0.938672 0.931771 0.044531 0.101042
5 0.312109 0.802604 0.041406 0.073958
5 0.422656 0.493750 0.048438 0.060417
5 0.342969 0.866146 0.060937 0.044792
5 0.522266 0.354687 0.044531 0.059375
5 0.101953 0.361458 0.038281 0.093750
5 0.517188 0.257812 0.051562 0.048958
5 0.480078 0.392708 0.039844 0.083333
5 0.238672 0.515104 0.041406 0.046875
5 0.148047 0.736458 0.042969 0.052083
5 0.068359 0.066146 0.053906 0.046875
5 0.105469 0.567187 0.035937 0.059375
5 0.280469 0.388542 0.039062 0.052083
5 0.614844 0.485417 0.035937 0.047917
5 0.603906 0.238542 0.029687 0.047917
5 0.583203 0.755208 0.028906 0.043750
5 0.532422 0.173437 0.032031 0.036458
5 0.889453 0.982812 0.032031 0.034375
5 0.464062 0.866146 0.042188 0.038542
5 0.410547 0.596875 0.033594 0.029167
5 0.792578 0.116667 0.022656 0.050000
5 0.466797 0.659896 0.038281 0.036458
5 0.585547 0.075000 0.021094 0.041667
5 0.598828 0.846354 0.028906 0.032292
5 0.526172 0.081250 0.019531 0.035417
5 0.937500 0.282813 0.029687 0.028125
5 0.551172 0.033333 0.022656 0.029167
5 0.677344 0.197917 0.023438 0.031250
5 0.962500 0.597917 0.020313 0.033333
5 0.276172 0.786458 0.016406 0.037500
5 0.442188 0.618229 0.020313 0.030208
5 0.486719 0.988542 0.021875 0.022917
5 0.058203 0.025000 0.022656 0.020833
5 0.557422 0.111458 0.017969 0.031250
