5 0.894922 0.523438 0.210156 0.153125
5 0.213672 0.562500 0.171094 0.227083
5 0.543750 0.360938 0.112500 0.113542
5 0.610156 0.709896 0.128125 0.096875
5 0.744922 0.634896 0.091406 0.105208
5 0.324609 0.280208 0.083594 0.068750
5 0.726172 0.059375 0.058594 0.089583
5 0.806250 0.456250 0.064062 0.085417
5 0.112891 0.497917 0.049219 0.104167
5 0.987109 0.038542 0.025781 0.077083
5 0.275391 0.429167 0.038281 0.064583
5 0.532422 0.902604 0.041406 0.055208
5 0.076953 0.286458 0.032031 0.052083
5 0.016406 0.295833 0.032813 0.047917
5 0.523047 0.131250 0.035156 0.052083
5 0.905859 0.016667 0.042969 0.033333
5 0.676562 0.495312 0.028125 0.048958
5 0.435937 0.261979 0.031250 0.034375
5 0.671484 0.407292 0.027344 0.045833
5 0.700391 0.218229 0.030469 0.034375
5 0.092188 0.387500 0.023438 0.039583
5 0.050781 0.446875 0.017188 0.035417
5 0.020703 0.007812 0.041406 0.015625
5 0.626563 0.856771 0.021875 0.030208
