5 0.062109 0.510938 0.124219 0.317708
5 0.698047 0.649479 0.177344 0.221875
5 0.545312 0.239583 0.128125 0.170833
5 0.364063 0.388542 0.090625 0.193750
5 0.188281 0.104688 0.150000 0.107292
5 0.571875 0.926562 0.101562 0.134375
5 0.292969 0.958854 0.098437 0.082292
5 0.100781 0.232292 0.068750 0.072917
5 0.579688 0.039583 0.084375 0.079167
5 0.198437 0.903125 0.059375 0.091667
5 0.816406 0.443229 0.070312 0.080208
5 0.769141 0.248958 0.063281 0.066667
5 0.837891 0.958854 0.063281 0.082292
5 0.568359 0.706250 0.046094 0.087500
5 0.900391 0.907292 0.049219 0.060417
5 0.726172 0.417187 0.024219 0.084375
5 0.942578 0.857812 0.038281 0.055208
5 0.743750 0.340104 0.029687 0.055208
5 0.523438 0.097396 0.029687 0.046875
5 0.464062 0.623437 0.029687 0.042708
5 0.153516 0.651042 0.042969 0.033333
5 0.194531 0.976562 0.031250 0.046875
5 0.987500 0.842187 0.025000 0.051042
5 0.567969 0.117708 0.035937 0.041667
5 0.721094 0.188542 0.023438 0.050000
5 0.286719 0.285938 0.018750 0.061458
5 0.983984 0.500521 0.032031 0.030208
5 0.396094 0.292187 0.020313 0.042708
5 0.439063 0.690625 0.021875 0.035417
5 0.601562 0.616146 0.021875 0.032292
5 0.919531 0.308854 0.023438 0.028125
5 0.277734 0.363021 0.014844 0.038542
