5 0.094922 0.330729 0.160156 0.146875
5 0.400000 0.295833 0.150000 0.175000
5 0.580859 0.648958 0.103906 0.145833
5 0.522656 0.242708 0.071875 0.135417
5 0.247266 0.368229 0.091406 0.113542
5 0.125000 0.064062 0.098437 0.109375
5 0.683203 0.722396 0.047656 0.130208
5 0.075781 0.202083 0.082812 0.066667
5 0.316406 0.665625 0.046875 0.102083
5 0.492188 0.090625 0.054688 0.064583
5 0.015625 0.670833 0.031250 0.091667
5 0.261328 0.731771 0.041406 0.067708
5 0.664844 0.934896 0.045312 0.042708
5 0.424609 0.771875 0.028906 0.052083
5 0.645312 0.742708 0.023438 0.041667
5 0.319922 0.014583 0.027344 0.029167
5 0.342187 0.331771 0.018750 0.034375
5 0.119531 0.234375 0.025000 0.022917
5 0.291797 0.904167 0.019531 0.029167
5 0.279297 0.969792 0.017969 0.027083
