5 0.215234 0.834896 0.192969 0.196875
5 0.557031 0.583854 0.115625 0.219792
5 0.350000 0.512500 0.093750 0.152083
5 0.747656 0.309375 0.082812 0.139583
5 0.704297 0.926562 0.083594 0.146875
5 0.966406 0.077604 0.067187 0.119792
5 0.965234 0.813542 0.069531 0.112500
5 0.716016 0.029687 0.110156 0.059375
5 0.971875 0.913542 0.056250 0.064583
5 0.908594 0.261458 0.062500 0.075000
5 0.612891 0.261979 0.049219 0.069792
5 0.649219 0.878646 0.034375 0.094792
5 0.891406 0.084896 0.040625 0.051042
5 0.858984 0.432292 0.038281 0.052083
5 0.932031 0.853646 0.043750 0.044792
5 0.383594 0.145313 0.035937 0.046875
5 0.457422 0.660937 0.028906 0.069792
5 0.441016 0.562500 0.044531 0.043750
5 0.141797 0.429167 0.028906 0.041667
5 0.189453 0.485417 0.041406 0.035417
5 0.185156 0.534896 0.025000 0.038542
5 0.866406 0.015104 0.029687 0.030208
5 0.615234 0.836458 0.024219 0.043750
5 0.537891 0.339583 0.024219 0.037500
5 0.376563 0.689583 0.028125 0.033333
5 0.291797 0.729167 0.024219 0.029167
5 0.943359 0.201042 0.027344 0.025000
5 0.768750 0.101042 0.020313 0.033333
5 0.325000 0.310417 0.018750 0.025000
