5 0.281641 0.579167 0.113281 0.220833
5 0.075391 0.507292 0.088281 0.152083
5 0.472656 0.304167 0.082812 0.141667
5 0.958594 0.928125 0.082812 0.143750
5 0.428906 0.925000 0.084375 0.150000
5 0.689844 0.071875 0.064062 0.122917
5 0.899219 0.479167 0.078125 0.097917
5 0.751172 0.290104 0.078906 0.119792
5 0.694922 0.811458 0.078906 0.116667
5 0.707031 0.911458 0.075000 0.064583
5 0.844922 0.168229 0.064844 0.088542
5 0.758984 0.712500 0.061719 0.100000
5 0.969922 0.515625 0.060156 0.093750
5 0.433984 0.026042 0.097656 0.052083
5 0.634375 0.255208 0.064062 0.077083
5 0.336328 0.255729 0.049219 0.069792
5 0.373437 0.876042 0.034375 0.095833
5 0.617969 0.079167 0.042188 0.054167
5 0.871484 0.738021 0.039844 0.051042
5 0.926562 0.770833 0.032813 0.062500
5 0.017188 0.860417 0.034375 0.066667
5 0.657422 0.851562 0.044531 0.044792
5 0.879297 0.798958 0.044531 0.043750
5 0.584375 0.427083 0.037500 0.054167
5 0.106250 0.137500 0.035937 0.047917
5 0.810937 0.048958 0.035937 0.041667
5 0.180469 0.657292 0.028125 0.066667
5 0.164062 0.556771 0.043750 0.040625
5 0.339062 0.833333 0.025000 0.043750
5 0.853906 0.977604 0.025000 0.044792
5 0.899219 0.158854 0.034375 0.030208
5 0.261328 0.333333 0.024219 0.037500
5 0.012891 0.725000 0.025781 0.029167
5 0.669141 0.194792 0.028906 0.027083
5 0.099219 0.685417 0.028125 0.031250
5 0.493359 0.093750 0.021094 0.035417
5 0.593750 0.011979 0.026562 0.023958
5 0.848047 0.553125 0.036719 0.027083
5 0.802734 0.969792 0.025781 0.027083
5 0.967187 0.425000 0.025000 0.025000
5 0.947266 0.689063 0.019531 0.023958
5 0.047266 0.304167 0.017969 0.025000
5 0.880469 0.251042 0.020313 0.022917
5 0.519922 0.369271 0.016406 0.023958
