5 0.146875 0.403125 0.184375 0.314583
5 0.332813 0.836979 0.212500 0.326042
5 0.528516 0.275000 0.155469 0.306250
5 0.079687 0.408854 0.071875 0.071875
5 0.407031 0.209896 0.056250 0.076042
5 0.752734 0.879167 0.055469 0.085417
5 0.269531 0.528646 0.054688 0.059375
5 0.023438 0.559896 0.046875 0.048958
5 0.116406 0.758854 0.054688 0.042708
5 0.294141 0.295312 0.042969 0.061458
5 0.259375 0.104167 0.034375 0.039583
5 0.205469 0.643750 0.039062 0.039583
5 0.057813 0.129167 0.023438 0.056250
5 0.341406 0.097917 0.039062 0.031250
5 0.126562 0.219271 0.028125 0.038542
5 0.960547 0.770312 0.030469 0.040625
5 0.416406 0.130729 0.025000 0.038542
5 0.876563 0.762500 0.023438 0.031250
