5 0.326562 0.889583 0.159375 0.220833
5 0.144922 0.494271 0.128906 0.167708
5 0.164062 0.283333 0.084375 0.095833
5 0.869922 0.856250 0.083594 0.083333
5 0.723437 0.856250 0.095312 0.072917
5 0.424219 0.669271 0.067187 0.080208
5 0.367188 0.480208 0.065625 0.066667
5 0.873047 0.602083 0.078906 0.077083
5 0.614844 0.698438 0.071875 0.059375
5 0.192969 0.957812 0.042188 0.084375
5 0.660547 0.597917 0.041406 0.058333
5 0.332031 0.653646 0.023438 0.084375
5 0.346484 0.576042 0.028906 0.054167
5 0.058203 0.122917 0.038281 0.043750
5 0.113672 0.355208 0.030469 0.045833
5 0.801953 0.866667 0.028906 0.054167
5 0.159375 0.370833 0.035937 0.043750
5 0.314844 0.425521 0.025000 0.051042
5 0.083984 0.885417 0.028906 0.039583
5 0.903125 0.405208 0.025000 0.041667
5 0.520312 0.525521 0.023438 0.030208
5 0.009375 0.724479 0.018750 0.040625
5 0.062891 0.954688 0.019531 0.032292
5 0.220703 0.865104 0.019531 0.030208
5 0.084375 0.196875 0.017188 0.029167
5 0.738672 0.903646 0.019531 0.021875
5 0.312500 0.179688 0.020313 0.021875
5 0.264844 0.008333 0.032813 0.016667
5 0.959375 0.488542 0.015625 0.022917
5 0.305469 0.477604 0.015625 0.021875
