5 0.646094 0.208333 0.303125 0.416667
5 0.903125 0.802604 0.193750 0.342708
5 0.056250 0.709896 0.112500 0.148958
5 0.577344 0.713542 0.125000 0.091667
5 0.044922 0.371354 0.089844 0.103125
5 0.121875 0.088021 0.096875 0.090625
5 0.023438 0.277083 0.046875 0.093750
5 0.591016 0.803646 0.050781 0.080208
5 0.539062 0.403646 0.050000 0.076042
5 0.070312 0.208333 0.048438 0.066667
5 0.503906 0.313021 0.043750 0.069792
5 0.584766 0.232292 0.082031 0.043750
5 0.285547 0.364063 0.061719 0.048958
5 0.474219 0.455729 0.040625 0.057292
5 0.391797 0.610417 0.049219 0.047917
5 0.793750 0.851562 0.039062 0.073958
5 0.980469 0.535417 0.039062 0.047917
5 0.535547 0.782292 0.033594 0.043750
5 0.274609 0.215625 0.030469 0.043750
