5 0.363281 0.588542 0.312500 0.212500
5 0.250781 0.066146 0.196875 0.132292
5 0.168359 0.742188 0.088281 0.103125
5 0.048438 0.825000 0.096875 0.091667
5 0.122266 0.173958 0.064844 0.085417
5 0.220312 0.560937 0.060937 0.088542
5 0.387109 0.125521 0.041406 0.084375
5 0.537109 0.170313 0.046094 0.040625
5 0.119922 0.015104 0.050781 0.030208
5 0.353516 0.018750 0.039844 0.037500
5 0.094531 0.609896 0.026562 0.046875
5 0.103125 0.333854 0.029687 0.032292
5 0.499219 0.010937 0.031250 0.021875
5 0.542578 0.453125 0.019531 0.039583
5 0.503125 0.098958 0.023438 0.037500
5 0.087500 0.521354 0.021875 0.040625
5 0.653125 0.726042 0.021875 0.033333
