5 0.052734 0.664583 0.105469 0.185417
5 0.218359 0.329688 0.117969 0.157292
5 0.076172 0.829167 0.097656 0.185417
5 0.489063 0.285417 0.101562 0.137500
5 0.650781 0.065104 0.125000 0.130208
5 0.114453 0.280208 0.061719 0.168750
5 0.724609 0.657813 0.069531 0.107292
5 0.710938 0.855208 0.085938 0.091667
5 0.503516 0.935417 0.063281 0.118750
5 0.755469 0.338021 0.064062 0.092708
5 0.353125 0.968750 0.067187 0.062500
5 0.369922 0.717708 0.058594 0.093750
5 0.495312 0.066667 0.046875 0.085417
5 0.817578 0.286979 0.050781 0.061458
5 0.916797 0.873437 0.055469 0.053125
5 0.415234 0.411979 0.050781 0.067708
5 0.862891 0.242188 0.039844 0.055208
5 0.912109 0.229687 0.032031 0.053125
5 0.891797 0.556771 0.032031 0.057292
5 0.984766 0.970313 0.030469 0.044792
5 0.394141 0.798438 0.028906 0.028125
5 0.945312 0.694271 0.028125 0.038542
5 0.466016 0.842708 0.025781 0.027083
5 0.366406 0.041667 0.018750 0.031250
5 0.982422 0.796875 0.035156 0.027083
5 0.048438 0.045312 0.018750 0.021875
5 0.170313 0.514062 0.020313 0.019792
5 0.792969 0.566667 0.018750 0.020833
5 0.006250 0.945312 0.012500 0.026042
