5 0.218750 0.670833 0.092188 0.166667
5 0.638672 0.443750 0.077344 0.179167
5 0.509766 0.323437 0.074219 0.188542
5 0.389062 0.750000 0.107813 0.114583
5 0.300781 0.309375 0.078125 0.143750
5 0.567578 0.751042 0.071094 0.114583
5 0.164062 0.227083 0.070312 0.100000
5 0.567578 0.407813 0.064844 0.088542
5 0.496875 0.630208 0.057813 0.085417
5 0.387500 0.884896 0.057813 0.069792
5 0.809766 0.164062 0.041406 0.107292
5 0.705078 0.492708 0.050781 0.081250
5 0.117969 0.325000 0.035937 0.068750
5 0.062500 0.364583 0.032813 0.068750
5 0.219141 0.165625 0.044531 0.054167
5 0.238281 0.099479 0.042188 0.038542
5 0.444141 0.278646 0.035156 0.046875
5 0.660156 0.321875 0.032813 0.041667
5 0.407031 0.516146 0.032813 0.042708
5 0.214844 0.266667 0.025000 0.045833
5 0.423438 0.118750 0.029687 0.047917
5 0.513281 0.102083 0.034375 0.035417
5 0.391406 0.013542 0.034375 0.027083
5 0.981250 0.408333 0.037500 0.025000
5 0.781641 0.085417 0.025781 0.029167
5 0.667188 0.696875 0.020313 0.037500
5 0.613672 0.072396 0.021094 0.034375
5 0.814063 0.932292 0.021875 0.031250
5 0.173828 0.164062 0.022656 0.026042
5 0.818750 0.015625 0.012500 0.031250
5 0.889062 0.010937 0.023438 0.021875
5 0.308594 0.175521 0.017188 0.019792
5 0.612109 0.125521 0.014844 0.023958
5 0.761328 0.164062 0.016406 0.019792
