5 0.585156 0.299479 0.250000 0.192708
5 0.436719 0.755208 0.087500 0.210417
5 0.428125 0.266667 0.085938 0.087500
5 0.864453 0.703646 0.085156 0.101042
5 0.301953 0.053646 0.086719 0.107292
5 0.033984 0.039062 0.067969 0.078125
5 0.187891 0.557813 0.071094 0.123958
5 0.666797 0.771354 0.092969 0.096875
5 0.190234 0.653646 0.080469 0.061458
5 0.263672 0.469792 0.055469 0.102083
5 0.571484 0.778646 0.053906 0.082292
5 0.525391 0.890625 0.063281 0.089583
5 0.415234 0.870833 0.063281 0.077083
5 0.422656 0.563021 0.034375 0.063542
5 0.371094 0.518750 0.039062 0.050000
5 0.369141 0.581771 0.050781 0.040625
5 0.148047 0.588542 0.042969 0.045833
5 0.900781 0.510938 0.046875 0.082292
5 0.122266 0.155729 0.035156 0.053125
5 0.635156 0.618750 0.039062 0.047917
5 0.783984 0.690625 0.035156 0.045833
5 0.732031 0.948958 0.032813 0.050000
5 0.394531 0.927604 0.025000 0.061458
5 0.734766 0.696875 0.036719 0.033333
5 0.328516 0.750000 0.024219 0.043750
5 0.440625 0.980729 0.039062 0.038542
5 0.792188 0.145833 0.021875 0.037500
5 0.369531 0.331250 0.037500 0.031250
5 0.503906 0.231250 0.029687 0.033333
5 0.278125 0.732812 0.026562 0.028125
5 0.581250 0.628646 0.026562 0.028125
5 0.851562 0.536458 0.020313 0.033333
5 0.780859 0.919792 0.017969 0.031250
5 0.673828 0.714063 0.017969 0.032292
5 0.177344 0.014583 0.015625 0.029167
5 0.452344 0.484896 0.020313 0.023958
