5 0.616406 0.402083 0.179688 0.345833
5 0.420312 0.708333 0.200000 0.204167
5 0.785937 0.945833 0.190625 0.108333
5 0.544531 0.226042 0.098437 0.147917
5 0.783594 0.751042 0.101562 0.185417
5 0.226562 0.388542 0.071875 0.097917
5 0.291406 0.907292 0.064062 0.131250
5 0.547656 0.717708 0.054688 0.110417
5 0.210156 0.278125 0.039062 0.056250
5 0.116406 0.175000 0.048438 0.041667
5 0.349219 0.900000 0.032813 0.037500
5 0.794531 0.594792 0.026562 0.060417
5 0.692969 0.775000 0.029687 0.037500
5 0.965625 0.836458 0.018750 0.052083
5 0.420312 0.114583 0.021875 0.041667
5 0.237500 0.048958 0.025000 0.035417
5 0.696094 0.610417 0.020313 0.041667
5 0.042188 0.685417 0.025000 0.033333
5 0.918750 0.526042 0.028125 0.027083
