5 0.235937 0.836458 0.078125 0.081250
5 0.167187 0.460417 0.050000 0.070833
5 0.175000 0.867708 0.043750 0.064583
5 0.044531 0.863542 0.039062 0.064583
5 0.706250 0.177083 0.046875 0.070833
5 0.382812 0.761458 0.059375 0.056250
5 0.672656 0.305208 0.039062 0.047917
5 0.085938 0.666667 0.040625 0.037500
5 0.597656 0.288542 0.026562 0.047917
5 0.639844 0.465625 0.032813 0.047917
5 0.106250 0.336458 0.028125 0.035417
5 0.283594 0.906250 0.029687 0.033333
5 0.289062 0.684375 0.031250 0.035417
5 0.379688 0.600000 0.025000 0.029167
5 0.506250 0.356250 0.021875 0.029167
5 0.326562 0.862500 0.028125 0.025000
5 0.090625 0.614583 0.018750 0.033333
5 0.339062 0.442708 0.021875 0.027083
5 0.600781 0.068750 0.026562 0.020833
5 0.361719 0.856250 0.020313 0.020833
5 0.130469 0.595833 0.023438 0.016667
5 0.486719 0.400000 0.017188 0.020833
5 0.942969 0.007292 0.023438 0.014583
5 0.855469 0.840625 0.017188 0.018750
5 0.666406 0.422917 0.014063 0.020833
5 0.446875 0.732292 0.012500 0.022917
