5 0.069531 0.595833 0.067187 0.062500
5 0.313281 0.318750 0.045312 0.050000
5 0.729688 0.693750 0.053125 0.066667
5 0.355469 0.397917 0.039062 0.045833
5 0.564063 0.775000 0.034375 0.054167
5 0.689844 0.419792 0.051562 0.031250
5 0.620313 0.350000 0.037500 0.037500
5 0.217969 0.594792 0.035937 0.039583
5 0.034375 0.216667 0.028125 0.045833
5 0.360156 0.648958 0.023438 0.039583
5 0.645312 0.405208 0.025000 0.027083
5 0.513281 0.242708 0.023438 0.043750
5 0.725781 0.467708 0.023438 0.027083
5 0.496094 0.420833 0.023438 0.025000
5 0.710156 0.958333 0.023438 0.025000
5 0.634375 0.617708 0.021875 0.027083
5 0.766406 0.803125 0.026562 0.027083
5 0.783594 0.915625 0.017188 0.027083
5 0.737500 0.582292 0.018750 0.022917
5 0.474219 0.322917 0.020313 0.020833
5 0.821875 0.614583 0.018750 0.020833
5 0.389844 0.562500 0.017188 0.020833
5 0.378906 0.178125 0.014063 0.022917
