5 0.307812 0.398958 0.093750 0.139583
5 0.267188 0.614583 0.053125 0.100000
5 0.538281 0.543750 0.051562 0.100000
5 0.339844 0.536458 0.048438 0.056250
5 0.190625 0.610417 0.050000 0.041667
5 0.702344 0.244792 0.051562 0.043750
5 0.307812 0.856250 0.034375 0.062500
5 0.361719 0.445833 0.032813 0.054167
5 0.553906 0.431250 0.032813 0.045833
5 0.658594 0.358333 0.035937 0.050000
5 0.250781 0.755208 0.026562 0.035417
5 0.462500 0.802083 0.031250 0.041667
5 0.335938 0.984375 0.034375 0.031250
5 0.471094 0.440625 0.029687 0.027083
5 0.618750 0.437500 0.021875 0.033333
5 0.107813 0.143750 0.021875 0.029167
5 0.708594 0.962500 0.020313 0.029167
5 0.682031 0.497917 0.020313 0.029167
5 0.712500 0.420833 0.018750 0.029167
5 0.642188 0.726042 0.018750 0.022917
5 0.491406 0.733333 0.020313 0.020833
5 0.607031 0.326042 0.017188 0.022917
5 0.379688 0.284375 0.015625 0.022917
5 0.721094 0.684375 0.017188 0.022917
