5 0.351172 0.559896 0.091406 0.098958
5 0.323828 0.824479 0.089844 0.126042
5 0.817969 0.228125 0.060937 0.087500
5 0.543750 0.625521 0.089063 0.053125
5 0.437500 0.378125 0.064062 0.064583
5 0.068750 0.364583 0.053125 0.050000
5 0.015625 0.371354 0.031250 0.076042
5 0.773438 0.724479 0.043750 0.057292
5 0.144141 0.934896 0.030469 0.042708
5 0.373828 0.977604 0.035156 0.044792
5 0.312109 0.267708 0.027344 0.056250
5 0.226562 0.757812 0.053125 0.026042
5 0.389062 0.456250 0.018750 0.033333
5 0.306641 0.719792 0.032031 0.037500
5 0.223047 0.935417 0.030469 0.020833
5 0.470703 0.854688 0.022656 0.026042
5 0.469922 0.201563 0.016406 0.017708
