5 0.562500 0.255729 0.278125 0.155208
5 0.756641 0.718229 0.124219 0.148958
5 0.208594 0.783854 0.085938 0.115625
5 0.391016 0.700521 0.069531 0.119792
5 0.931641 0.969271 0.136719 0.061458
5 0.763281 0.913021 0.079687 0.059375
5 0.732031 0.445833 0.046875 0.070833
5 0.377734 0.540104 0.071094 0.046875
5 0.808594 0.967708 0.053125 0.064583
5 0.696875 0.115104 0.040625 0.065625
5 0.886719 0.546354 0.048438 0.048958
5 0.278516 0.690104 0.038281 0.051042
5 0.909375 0.157292 0.039062 0.052083
5 0.750391 0.848437 0.035156 0.051042
5 0.419531 0.013542 0.062500 0.027083
5 0.751953 0.966146 0.047656 0.048958
5 0.698828 0.049479 0.032031 0.042708
5 0.456250 0.550521 0.028125 0.036458
5 0.953906 0.898438 0.025000 0.032292
