5 0.772656 0.196875 0.067187 0.110417
5 0.207031 0.705208 0.035937 0.077083
5 0.161719 0.714583 0.032813 0.041667
5 0.185156 0.635417 0.032813 0.054167
5 0.386719 0.573958 0.020313 0.056250
5 0.299219 0.210417 0.026562 0.041667
5 0.630469 0.343750 0.039062 0.037500
5 0.793750 0.718750 0.018750 0.045833
5 0.273438 0.662500 0.031250 0.025000
5 0.529687 0.453125 0.034375 0.022917
5 0.735156 0.298958 0.032813 0.031250
5 0.234375 0.643750 0.018750 0.041667
5 0.929688 0.090625 0.018750 0.035417
5 0.353125 0.178125 0.021875 0.027083
5 0.964844 0.029167 0.026562 0.020833
5 0.278906 0.902083 0.020313 0.025000
5 0.327344 0.421875 0.017188 0.027083
5 0.993750 0.984375 0.012500 0.031250
5 0.544531 0.287500 0.017188 0.020833
5 0.573438 0.089583 0.015625 0.020833
5 0.775000 0.372917 0.015625 0.020833
5 0.257812 0.726042 0.015625 0.018750
