5 0.227344 0.803125 0.067187 0.110417
5 0.792969 0.294792 0.035937 0.077083
5 0.838281 0.285417 0.032813 0.041667
5 0.814844 0.364583 0.032813 0.054167
5 0.613281 0.426042 0.020313 0.056250
5 0.700781 0.789583 0.026562 0.041667
5 0.369531 0.656250 0.039062 0.037500
5 0.206250 0.281250 0.018750 0.045833
5 0.726562 0.337500 0.031250 0.025000
5 0.264844 0.701042 0.032813 0.031250
5 0.470313 0.546875 0.034375 0.022917
5 0.765625 0.356250 0.018750 0.041667
5 0.070312 0.909375 0.018750 0.035417
5 0.646875 0.821875 0.021875 0.027083
5 0.035156 0.970833 0.026562 0.020833
5 0.721094 0.097917 0.020313 0.025000
5 0.672656 0.578125 0.017188 0.027083
5 0.006250 0.015625 0.012500 0.031250
5 0.455469 0.712500 0.017188 0.020833
5 0.426563 0.910417 0.015625 0.020833
5 0.225000 0.627083 0.015625 0.020833
5 0.742188 0.273958 0.015625 0.018750
