5 0.664844 0.222917 0.045312 0.062500
5 0.468750 0.622917 0.056250 0.058333
5 0.517969 0.716667 0.042188 0.079167
5 0.621875 0.431250 0.068750 0.041667
5 0.510938 0.564583 0.040625 0.041667
5 0.510938 0.228125 0.043750 0.052083
5 0.227344 0.163542 0.029687 0.052083
5 0.380469 0.450000 0.032813 0.045833
5 0.336719 0.438542 0.032813 0.031250
5 0.382031 0.622917 0.029687 0.037500
5 0.939063 0.328125 0.028125 0.052083
5 0.081250 0.176042 0.025000 0.031250
5 0.154688 0.407292 0.021875 0.031250
5 0.553125 0.850000 0.018750 0.041667
5 0.358594 0.567708 0.023438 0.027083
5 0.473438 0.812500 0.015625 0.029167
5 0.661719 0.662500 0.017188 0.025000
5 0.522656 0.852083 0.017188 0.025000
5 0.301563 0.278125 0.015625 0.022917
5 0.989062 0.725000 0.021875 0.020833
