5 0.338281 0.763542 0.079687 0.089583
5 0.834375 0.712500 0.075000 0.125000
5 0.345313 0.470833 0.081250 0.129167
5 0.506250 0.377083 0.078125 0.075000
5 0.832812 0.946875 0.062500 0.077083
5 0.448437 0.111458 0.040625 0.102083
5 0.475000 0.659375 0.065625 0.060417
5 0.649219 0.955208 0.051562 0.089583
5 0.884375 0.476042 0.050000 0.068750
5 0.171094 0.413542 0.048438 0.089583
5 0.824219 0.426042 0.045312 0.072917
5 0.404687 0.722917 0.031250 0.050000
5 0.842187 0.615625 0.034375 0.056250
5 0.351562 0.893750 0.031250 0.050000
5 0.399219 0.239583 0.039062 0.037500
5 0.705469 0.835417 0.026562 0.054167
5 0.532031 0.501042 0.026562 0.056250
5 0.249219 0.445833 0.023438 0.070833
5 0.091406 0.572917 0.023438 0.025000
5 0.400000 0.989583 0.025000 0.020833
5 0.775781 0.863542 0.017188 0.031250
5 0.268750 0.547917 0.012500 0.029167
5 0.917969 0.715625 0.017188 0.018750
