5 0.021875 0.504167 0.043750 0.091667
5 0.381250 0.908333 0.046875 0.137500
5 0.833594 0.325000 0.089063 0.079167
5 0.700000 0.517708 0.059375 0.077083
5 0.367188 0.190625 0.053125 0.077083
5 0.638281 0.775000 0.057813 0.083333
5 0.257031 0.034375 0.032813 0.068750
5 0.887500 0.287500 0.034375 0.079167
5 0.578125 0.588542 0.043750 0.047917
5 0.789062 0.148958 0.028125 0.047917
5 0.839063 0.454167 0.031250 0.037500
5 0.796094 0.608333 0.023438 0.050000
5 0.471094 0.473958 0.026562 0.035417
5 0.436719 0.886458 0.026562 0.035417
5 0.359375 0.804167 0.034375 0.033333
5 0.334375 0.727083 0.021875 0.033333
5 0.929688 0.027083 0.025000 0.037500
5 0.879687 0.077083 0.021875 0.029167
5 0.492969 0.845833 0.026562 0.045833
5 0.275000 0.945833 0.021875 0.029167
5 0.728125 0.250000 0.018750 0.029167
5 0.167969 0.986458 0.017188 0.027083
5 0.187500 0.938542 0.018750 0.027083
5 0.889062 0.502083 0.018750 0.025000
5 0.833594 0.581250 0.017188 0.025000
5 0.875781 0.625000 0.020313 0.020833
5 0.903906 0.388542 0.017188 0.022917
5 0.420312 0.315625 0.018750 0.022917
5 0.721875 0.382292 0.015625 0.018750
