5 0.628906 0.316667 0.039062 0.045833
5 0.096875 0.128125 0.025000 0.060417
5 0.155469 0.615625 0.032813 0.047917
5 0.293750 0.368750 0.028125 0.037500
5 0.378906 0.603125 0.035937 0.035417
5 0.457031 0.778125 0.026562 0.027083
5 0.560937 0.407292 0.018750 0.039583
5 0.139844 0.451042 0.026562 0.022917
5 0.559375 0.214583 0.021875 0.033333
5 0.904687 0.245833 0.018750 0.029167
5 0.152344 0.703125 0.020313 0.027083
5 0.681250 0.011458 0.025000 0.022917
5 0.012500 0.345833 0.025000 0.029167
5 0.464844 0.464583 0.017188 0.025000
5 0.398438 0.194792 0.018750 0.022917
5 0.057813 0.250000 0.015625 0.020833
5 0.912500 0.477083 0.018750 0.020833
5 0.397656 0.819792 0.014063 0.022917
5 0.100000 0.059375 0.012500 0.022917
