5 0.586719 0.771354 0.393750 0.317708
5 0.333203 0.559375 0.158594 0.158333
5 0.869531 0.334375 0.129688 0.179167
5 0.247656 0.096354 0.093750 0.126042
5 0.660156 0.385417 0.106250 0.129167
5 0.508594 0.948958 0.075000 0.102083
5 0.296875 0.371875 0.081250 0.070833
5 0.707422 0.488021 0.060156 0.094792
5 0.801562 0.550000 0.060937 0.079167
5 0.221484 0.202604 0.061719 0.067708
5 0.761719 0.221875 0.087500 0.075000
5 0.418750 0.908854 0.065625 0.071875
5 0.469922 0.327083 0.063281 0.056250
5 0.925781 0.476562 0.079687 0.038542
5 0.028906 0.399479 0.057813 0.057292
5 0.464844 0.545312 0.034375 0.061458
5 0.297266 0.691146 0.036719 0.059375
5 0.161328 0.146354 0.044531 0.036458
