5 0.510547 0.702083 0.241406 0.260417
5 0.329688 0.857292 0.237500 0.189583
5 0.752734 0.146354 0.222656 0.276042
5 0.132812 0.624479 0.129688 0.230208
5 0.143359 0.824479 0.117969 0.155208
5 0.630469 0.301042 0.100000 0.145833
5 0.866406 0.350000 0.112500 0.114583
5 0.876563 0.925521 0.078125 0.148958
5 0.048438 0.116146 0.096875 0.107292
5 0.433594 0.028125 0.110937 0.056250
5 0.121484 0.308854 0.050781 0.073958
5 0.267578 0.424479 0.050781 0.055208
5 0.382031 0.768750 0.042188 0.054167
5 0.310937 0.038021 0.039062 0.053125
5 0.658203 0.616146 0.044531 0.053125
5 0.912891 0.818750 0.036719 0.039583
5 0.571484 0.195833 0.033594 0.039583
5 0.108984 0.895833 0.046094 0.031250
5 0.815625 0.492708 0.031250 0.039583
5 0.867188 0.578125 0.025000 0.039583
5 0.345313 0.970313 0.035937 0.026042
5 0.329688 0.153646 0.021875 0.040625
5 0.849609 0.013021 0.028906 0.026042
5 0.678516 0.215625 0.030469 0.037500
