5 0.610938 0.255729 0.292187 0.511458
5 0.134766 0.504167 0.269531 0.362500
5 0.371094 0.264583 0.078125 0.108333
5 0.274609 0.144271 0.071094 0.101042
5 0.344922 0.632292 0.063281 0.112500
5 0.942578 0.027083 0.114844 0.054167
5 0.589453 0.558333 0.067969 0.110417
5 0.404687 0.078646 0.064062 0.073958
5 0.850000 0.162500 0.057813 0.089583
5 0.782813 0.067187 0.062500 0.063542
5 0.273438 0.548438 0.064062 0.051042
5 0.267969 0.939583 0.070312 0.054167
5 0.758203 0.355729 0.052344 0.057292
5 0.878125 0.735417 0.048438 0.056250
5 0.504687 0.583333 0.054688 0.056250
5 0.335156 0.808854 0.050000 0.057292
5 0.061328 0.685417 0.049219 0.043750
5 0.767188 0.767708 0.035937 0.060417
5 0.980469 0.565625 0.039062 0.041667
