5 0.514453 0.400000 0.124219 0.245833
5 0.400781 0.145833 0.093750 0.135417
5 0.160938 0.592187 0.090625 0.069792
5 0.574609 0.525000 0.078906 0.077083
5 0.586719 0.645833 0.060937 0.097917
5 0.770703 0.622917 0.066406 0.064583
5 0.933203 0.158854 0.066406 0.059375
5 0.766406 0.715625 0.064062 0.056250
5 0.323047 0.819792 0.050781 0.039583
5 0.381250 0.538542 0.057813 0.035417
5 0.644141 0.842187 0.042969 0.038542
5 0.406250 0.306771 0.039062 0.038542
5 0.709375 0.573438 0.040625 0.040625
5 0.645703 0.905208 0.038281 0.035417
5 0.405469 0.633854 0.035937 0.038542
5 0.869531 0.984375 0.040625 0.031250
5 0.667969 0.964583 0.032813 0.043750
5 0.073438 0.986458 0.034375 0.027083
5 0.255469 0.908854 0.035937 0.023958
5 0.694922 0.841667 0.027344 0.037500
5 0.357812 0.020833 0.023438 0.033333
5 0.282031 0.607812 0.026562 0.026042
5 0.582031 0.946354 0.026562 0.019792
