5 0.606250 0.754167 0.071875 0.087500
5 0.341406 0.415625 0.057813 0.064583
5 0.085938 0.279167 0.037500 0.075000
5 0.469531 0.673958 0.048438 0.039583
5 0.088281 0.931250 0.039062 0.033333
5 0.476562 0.170833 0.040625 0.037500
5 0.314844 0.637500 0.026562 0.037500
5 0.945312 0.390625 0.028125 0.039583
5 0.931250 0.596875 0.028125 0.043750
5 0.357812 0.304167 0.021875 0.041667
5 0.947656 0.947917 0.026562 0.037500
5 0.423438 0.317708 0.025000 0.027083
5 0.335156 0.251042 0.023438 0.027083
5 0.791406 0.429167 0.017188 0.033333
5 0.780469 0.844792 0.023438 0.022917
5 0.778906 0.023958 0.020313 0.031250
5 0.466406 0.585417 0.017188 0.029167
5 0.927344 0.900000 0.020313 0.025000
5 0.909375 0.964583 0.021875 0.020833
5 0.810156 0.864583 0.020313 0.020833
5 0.350000 0.632292 0.021875 0.018750
5 0.823438 0.730208 0.018750 0.018750
5 0.637500 0.008333 0.018750 0.016667
