5 0.041406 0.278125 0.082812 0.202083
5 0.300000 0.056250 0.100000 0.112500
5 0.239063 0.619792 0.065625 0.135417
5 0.293750 0.957292 0.109375 0.085417
5 0.179688 0.767708 0.128125 0.085417
5 0.631250 0.267708 0.056250 0.081250
5 0.717187 0.947917 0.053125 0.079167
5 0.084375 0.671875 0.050000 0.072917
5 0.859375 0.303125 0.046875 0.089583
5 0.592969 0.198958 0.048438 0.056250
5 0.536719 0.409375 0.048438 0.052083
5 0.304688 0.347917 0.056250 0.066667
5 0.357031 0.667708 0.032813 0.064583
5 0.446875 0.109375 0.034375 0.047917
5 0.553906 0.571875 0.029687 0.056250
5 0.936719 0.381250 0.035937 0.045833
5 0.923438 0.466667 0.034375 0.045833
5 0.143750 0.127083 0.040625 0.033333
5 0.550781 0.267708 0.035937 0.039583
5 0.573438 0.096875 0.025000 0.052083
5 0.787500 0.532292 0.037500 0.035417
5 0.989844 0.305208 0.020313 0.052083
5 0.482031 0.163542 0.023438 0.039583
5 0.100781 0.252083 0.029687 0.029167
5 0.017188 0.620833 0.034375 0.033333
5 0.684375 0.518750 0.031250 0.025000
5 0.164062 0.652083 0.021875 0.033333
5 0.520312 0.331250 0.025000 0.029167
5 0.428906 0.393750 0.020313 0.029167
5 0.511719 0.927083 0.017188 0.033333
5 0.825000 0.542708 0.018750 0.018750
5 0.965625 0.713542 0.015625 0.018750
5 0.446875 0.873958 0.015625 0.022917
5 0.023438 0.525000 0.015625 0.020833
