5 0.639062 0.501042 0.087500 0.156250
5 0.602344 0.287500 0.045312 0.120833
5 0.070312 0.239583 0.046875 0.070833
5 0.564063 0.391667 0.040625 0.066667
5 0.665625 0.231250 0.046875 0.050000
5 0.471875 0.098958 0.037500 0.052083
5 0.346875 0.883333 0.040625 0.058333
5 0.408594 0.625000 0.032813 0.041667
5 0.573438 0.487500 0.021875 0.054167
5 0.378125 0.504167 0.028125 0.041667
5 0.406250 0.537500 0.025000 0.037500
5 0.346094 0.757292 0.020313 0.056250
5 0.476562 0.568750 0.031250 0.041667
5 0.559375 0.146875 0.025000 0.035417
5 0.357812 0.239583 0.037500 0.029167
5 0.351562 0.662500 0.025000 0.029167
5 0.906250 0.589583 0.021875 0.033333
5 0.354687 0.326042 0.021875 0.031250
5 0.009375 0.167708 0.018750 0.022917
5 0.402344 0.750000 0.017188 0.025000
5 0.392188 0.011458 0.018750 0.022917
5 0.615625 0.643750 0.015625 0.025000
5 0.226562 0.425000 0.015625 0.025000
5 0.172656 0.511458 0.014063 0.022917
5 0.004687 0.040625 0.009375 0.035417
