5 0.973437 0.322917 0.053125 0.104167
5 0.732812 0.021875 0.084375 0.043750
5 0.094531 0.050000 0.079687 0.100000
5 0.694531 0.479167 0.054688 0.079167
5 0.370312 0.409375 0.056250 0.056250
5 0.560937 0.082292 0.031250 0.043750
5 0.248438 0.383333 0.043750 0.045833
5 0.141406 0.338542 0.026562 0.039583
5 0.732812 0.802083 0.025000 0.041667
5 0.898438 0.823958 0.025000 0.035417
5 0.688281 0.756250 0.023438 0.037500
5 0.460938 0.290625 0.021875 0.031250
5 0.677344 0.622917 0.023438 0.033333
5 0.191406 0.360417 0.032813 0.020833
5 0.351562 0.319792 0.021875 0.039583
5 0.606250 0.743750 0.021875 0.020833
5 0.542188 0.707292 0.018750 0.022917
5 0.303906 0.416667 0.017188 0.025000
5 0.636719 0.647917 0.020313 0.020833
5 0.859375 0.820833 0.015625 0.025000
5 0.578906 0.344792 0.014063 0.022917
5 0.489844 0.214583 0.017188 0.020833
5 0.064062 0.510417 0.015625 0.020833
