5 0.746875 0.487500 0.239063 0.333333
5 0.486719 0.132812 0.250000 0.265625
5 0.314844 0.316146 0.084375 0.115625
5 0.649219 0.756771 0.106250 0.119792
5 0.217188 0.581771 0.078125 0.142708
5 0.543750 0.875521 0.084375 0.146875
5 0.832422 0.614062 0.067969 0.167708
5 0.455469 0.852604 0.110937 0.096875
5 0.373047 0.539583 0.078906 0.075000
5 0.522266 0.739062 0.060156 0.063542
5 0.466406 0.906771 0.089063 0.073958
5 0.450391 0.667188 0.053906 0.069792
5 0.882031 0.256250 0.053125 0.075000
5 0.097656 0.726562 0.053125 0.061458
5 0.462891 0.407813 0.066406 0.084375
5 0.654297 0.029687 0.049219 0.059375
5 0.752344 0.844792 0.056250 0.077083
5 0.979688 0.048438 0.040625 0.063542
5 0.300781 0.021875 0.054688 0.043750
5 0.392969 0.347396 0.040625 0.053125
5 0.753906 0.629167 0.042188 0.041667
5 0.740234 0.084896 0.033594 0.046875
5 0.965234 0.584375 0.049219 0.033333
5 0.511719 0.979688 0.028125 0.040625
5 0.818750 0.988021 0.053125 0.023958
5 0.860938 0.902083 0.031250 0.029167
5 0.675000 0.446875 0.023438 0.037500
