5 0.296094 0.192188 0.356250 0.309375
5 0.690625 0.166667 0.167187 0.120833
5 0.262109 0.827083 0.139844 0.081250
5 0.234375 0.608333 0.092188 0.118750
5 0.431641 0.648958 0.102344 0.108333
5 0.761719 0.037500 0.087500 0.075000
5 0.389453 0.840104 0.108594 0.094792
5 0.429688 0.969271 0.071875 0.061458
5 0.236328 0.132812 0.080469 0.057292
5 0.755469 0.467708 0.057813 0.064583
5 0.023047 0.523958 0.046094 0.056250
5 0.583984 0.375000 0.041406 0.075000
5 0.328125 0.654687 0.040625 0.044792
5 0.653125 0.090104 0.034375 0.051042
5 0.012891 0.785937 0.025781 0.061458
5 0.917188 0.595313 0.045312 0.036458
5 0.172266 0.168229 0.044531 0.040625
5 0.741797 0.348958 0.038281 0.056250
5 0.953906 0.881250 0.032813 0.045833
