5 0.659375 0.587500 0.150000 0.208333
5 0.708594 0.412500 0.151562 0.125000
5 0.514062 0.628125 0.062500 0.227083
5 0.482031 0.334375 0.089063 0.147917
5 0.952344 0.052083 0.095312 0.104167
5 0.413281 0.065625 0.079687 0.089583
5 0.369531 0.600000 0.070312 0.133333
5 0.175781 0.517708 0.064062 0.106250
5 0.100000 0.257292 0.062500 0.068750
5 0.384375 0.468750 0.084375 0.066667
5 0.932813 0.138542 0.062500 0.052083
5 0.280469 0.029167 0.092188 0.058333
5 0.307812 0.311458 0.046875 0.077083
5 0.657031 0.027083 0.095312 0.054167
5 0.739062 0.290625 0.065625 0.068750
5 0.180469 0.146875 0.045312 0.077083
5 0.413281 0.836458 0.048438 0.052083
5 0.504687 0.140625 0.037500 0.085417
5 0.398438 0.213542 0.062500 0.043750
5 0.268750 0.798958 0.043750 0.064583
5 0.851562 0.491667 0.043750 0.054167
5 0.478906 0.459375 0.039062 0.081250
5 0.281250 0.412500 0.034375 0.054167
5 0.271094 0.493750 0.032813 0.075000
5 0.335156 0.856250 0.045312 0.062500
5 0.028125 0.855208 0.056250 0.039583
5 0.040625 0.462500 0.028125 0.066667
5 0.559375 0.109375 0.031250 0.064583
5 0.090625 0.796875 0.040625 0.043750
5 0.496094 0.222917 0.032813 0.050000
5 0.506250 0.026042 0.034375 0.052083
5 0.193750 0.058333 0.037500 0.050000
5 0.366406 0.395833 0.032813 0.041667
5 0.750000 0.201042 0.034375 0.039583
5 0.241406 0.334375 0.032813 0.043750
5 0.462500 0.020833 0.028125 0.041667
5 0.717969 0.864583 0.048438 0.037500
5 0.011719 0.314583 0.023438 0.045833
5 0.412500 0.341667 0.028125 0.037500
5 0.310156 0.697917 0.029687 0.037500
5 0.117969 0.504167 0.042188 0.045833
5 0.356250 0.325000 0.028125 0.033333
5 0.611719 0.053125 0.029687 0.035417
5 0.917188 0.885417 0.021875 0.037500
5 0.115625 0.163542 0.025000 0.031250
5 0.779687 0.038542 0.025000 0.027083
5 0.325000 0.422917 0.025000 0.029167
5 0.010156 0.262500 0.020313 0.029167
5 0.581250 0.347917 0.015625 0.029167
