5 0.375000 0.709375 0.115625 0.064583
5 0.654687 0.616667 0.046875 0.091667
5 0.500000 0.248958 0.043750 0.085417
5 0.119531 0.651042 0.051562 0.052083
5 0.504687 0.505208 0.037500 0.052083
5 0.848437 0.101042 0.034375 0.056250
5 0.614062 0.455208 0.040625 0.052083
5 0.544531 0.655208 0.029687 0.052083
5 0.897656 0.251042 0.029687 0.039583
5 0.263281 0.673958 0.032813 0.035417
5 0.758594 0.536458 0.026562 0.039583
5 0.718750 0.576042 0.028125 0.039583
5 0.614844 0.026042 0.023438 0.052083
5 0.989844 0.143750 0.020313 0.041667
5 0.929688 0.430208 0.021875 0.035417
5 0.981250 0.333333 0.021875 0.045833
5 0.836719 0.282292 0.020313 0.039583
5 0.887500 0.551042 0.015625 0.022917
