5 0.463281 0.635417 0.051562 0.083333
5 0.960156 0.633333 0.057813 0.079167
5 0.588281 0.589583 0.042188 0.079167
5 0.624219 0.421875 0.045312 0.052083
5 0.821875 0.645833 0.062500 0.041667
5 0.496875 0.377083 0.034375 0.062500
5 0.921094 0.705208 0.054688 0.052083
5 0.464844 0.072917 0.032813 0.058333
5 0.490625 0.209375 0.037500 0.047917
5 0.749219 0.532292 0.035937 0.039583
5 0.550000 0.510417 0.034375 0.054167
5 0.854688 0.439583 0.028125 0.054167
5 0.140625 0.761458 0.031250 0.056250
5 0.870313 0.238542 0.040625 0.039583
5 0.738281 0.787500 0.032813 0.037500
5 0.438281 0.603125 0.029687 0.052083
5 0.481250 0.723958 0.021875 0.052083
5 0.289844 0.267708 0.026562 0.043750
5 0.439844 0.507292 0.020313 0.039583
5 0.973437 0.809375 0.018750 0.043750
5 0.601562 0.518750 0.018750 0.037500
5 0.472656 0.539583 0.026562 0.029167
5 0.875000 0.845833 0.018750 0.033333
5 0.617969 0.020833 0.026562 0.041667
5 0.511719 0.702083 0.020313 0.029167
5 0.892969 0.321875 0.023438 0.027083
5 0.796875 0.702083 0.018750 0.029167
5 0.862500 0.189583 0.018750 0.029167
5 0.410938 0.539583 0.015625 0.029167
5 0.505469 0.552083 0.017188 0.025000
5 0.433594 0.414583 0.017188 0.025000
5 0.186719 0.653125 0.017188 0.018750
5 0.864062 0.518750 0.028125 0.020833
