5 0.492188 0.580208 0.109375 0.127083
5 0.814844 0.262500 0.110937 0.112500
5 0.954688 0.378125 0.090625 0.127083
5 0.408594 0.441667 0.060937 0.079167
5 0.828125 0.726042 0.056250 0.068750
5 0.352344 0.551042 0.054688 0.093750
5 0.710156 0.902083 0.039062 0.058333
5 0.298438 0.435417 0.043750 0.062500
5 0.353125 0.454167 0.037500 0.075000
5 0.607031 0.535417 0.039062 0.062500
5 0.578906 0.353125 0.051562 0.052083
5 0.825781 0.373958 0.035937 0.047917
5 0.138281 0.421875 0.032813 0.056250
5 0.284375 0.029167 0.028125 0.058333
5 0.671875 0.208333 0.031250 0.070833
5 0.989844 0.831250 0.020313 0.054167
5 0.927344 0.487500 0.026562 0.037500
5 0.576562 0.586458 0.028125 0.043750
5 0.951562 0.560417 0.031250 0.050000
5 0.238281 0.471875 0.020313 0.039583
5 0.181250 0.116667 0.015625 0.054167
5 0.669531 0.325000 0.032813 0.025000
5 0.173437 0.691667 0.021875 0.029167
5 0.466406 0.918750 0.023438 0.025000
5 0.953125 0.295833 0.015625 0.033333
5 0.475000 0.103125 0.018750 0.027083
5 0.237500 0.540625 0.015625 0.031250
5 0.717187 0.131250 0.018750 0.025000
5 0.828906 0.217708 0.017188 0.031250
5 0.291406 0.493750 0.017188 0.020833
5 0.935937 0.959375 0.015625 0.022917
5 0.771094 0.335417 0.014063 0.025000
5 0.663281 0.119792 0.014063 0.022917
5 0.815625 0.043750 0.015625 0.020833
5 0.667969 0.025000 0.014063 0.020833
