5 0.401562 0.095833 0.031250 0.054167
5 0.371875 0.448958 0.021875 0.056250
5 0.249219 0.376042 0.029687 0.035417
5 0.816406 0.545833 0.023438 0.041667
5 0.946094 0.376042 0.023438 0.043750
5 0.553906 0.778125 0.023438 0.031250
5 0.871094 0.727083 0.017188 0.041667
5 0.850000 0.391667 0.028125 0.025000
5 0.730469 0.246875 0.023438 0.027083
5 0.281250 0.898958 0.018750 0.031250
5 0.742188 0.614583 0.015625 0.037500
5 0.334375 0.385417 0.015625 0.025000
5 0.817969 0.613542 0.017188 0.031250
5 0.121094 0.990625 0.020313 0.018750
5 0.812500 0.708333 0.015625 0.020833
5 0.916406 0.295833 0.020313 0.016667
5 0.818750 0.345833 0.012500 0.025000
5 0.208594 0.691667 0.014063 0.029167
