5 0.647656 0.620833 0.098437 0.083333
5 0.236719 0.048958 0.054688 0.097917
5 0.328906 0.463542 0.045312 0.097917
5 0.025000 0.298958 0.050000 0.089583
5 0.369531 0.241667 0.048438 0.083333
5 0.839063 0.429167 0.059375 0.062500
5 0.385156 0.742708 0.067187 0.060417
5 0.179688 0.131250 0.053125 0.058333
5 0.846875 0.729167 0.040625 0.050000
5 0.395313 0.151042 0.028125 0.077083
5 0.893750 0.972917 0.043750 0.054167
5 0.272656 0.948958 0.035937 0.047917
5 0.669531 0.331250 0.032813 0.058333
5 0.771875 0.287500 0.028125 0.037500
5 0.759375 0.772917 0.025000 0.062500
5 0.964844 0.594792 0.023438 0.052083
5 0.438281 0.221875 0.029687 0.031250
5 0.705469 0.917708 0.020313 0.039583
5 0.446094 0.875000 0.023438 0.037500
5 0.022656 0.638542 0.032813 0.056250
5 0.814063 0.362500 0.028125 0.029167
5 0.708594 0.222917 0.023438 0.037500
5 0.469531 0.610417 0.026562 0.029167
5 0.992188 0.607292 0.015625 0.043750
5 0.521875 0.409375 0.021875 0.031250
5 0.118750 0.726042 0.025000 0.031250
5 0.455469 0.558333 0.020313 0.033333
5 0.970313 0.669792 0.021875 0.031250
5 0.647656 0.553125 0.014063 0.035417
5 0.008594 0.516667 0.017188 0.025000
5 0.928906 0.691667 0.017188 0.033333
5 0.774219 0.390625 0.020313 0.022917
5 0.843750 0.487500 0.018750 0.025000
5 0.110937 0.955208 0.018750 0.027083
5 0.902344 0.550000 0.023438 0.025000
5 0.242188 0.168750 0.012500 0.029167
5 0.656250 0.968750 0.015625 0.020833
5 0.209375 0.296875 0.018750 0.018750
5 0.518750 0.914583 0.015625 0.020833
