5 0.445312 0.692708 0.062500 0.077083
5 0.406250 0.312500 0.040625 0.062500
5 0.343750 0.093750 0.034375 0.050000
5 0.788281 0.361458 0.032813 0.060417
5 0.594531 0.697917 0.039062 0.050000
5 0.500781 0.570833 0.039062 0.058333
5 0.200781 0.705208 0.032813 0.052083
5 0.046875 0.700000 0.040625 0.037500
5 0.626563 0.182292 0.028125 0.052083
5 0.201563 0.133333 0.034375 0.054167
5 0.300781 0.046875 0.023438 0.031250
5 0.209375 0.250000 0.031250 0.025000
5 0.167187 0.110417 0.025000 0.025000
5 0.457031 0.610417 0.020313 0.029167
5 0.262500 0.773958 0.018750 0.031250
5 0.354687 0.438542 0.021875 0.027083
5 0.492969 0.490625 0.017188 0.027083
5 0.832031 0.825000 0.014063 0.025000
5 0.490625 0.807292 0.025000 0.018750
