5 0.297656 0.318750 0.048438 0.087500
5 0.226562 0.445833 0.065625 0.058333
5 0.492969 0.220833 0.039062 0.054167
5 0.544531 0.857292 0.032813 0.047917
5 0.462500 0.521875 0.031250 0.043750
5 0.445312 0.126042 0.031250 0.056250
5 0.500781 0.551042 0.032813 0.031250
5 0.337500 0.261458 0.028125 0.039583
5 0.498437 0.361458 0.025000 0.039583
5 0.685937 0.904167 0.025000 0.029167
5 0.803906 0.770833 0.029687 0.029167
5 0.509375 0.421875 0.025000 0.022917
5 0.667188 0.656250 0.018750 0.029167
5 0.498437 0.719792 0.018750 0.022917
5 0.241406 0.209375 0.017188 0.022917
5 0.371094 0.236458 0.017188 0.022917
5 0.571875 0.395833 0.015625 0.020833
5 0.411719 0.131250 0.014063 0.020833
