5 0.471875 0.612500 0.103125 0.079167
5 0.253125 0.177083 0.053125 0.058333
5 0.300000 0.271875 0.040625 0.077083
5 0.646875 0.653125 0.028125 0.052083
5 0.675781 0.836458 0.029687 0.043750
5 0.786719 0.383333 0.029687 0.041667
5 0.295312 0.121875 0.031250 0.035417
5 0.166406 0.171875 0.026562 0.035417
5 0.333594 0.402083 0.020313 0.041667
5 0.170313 0.010417 0.028125 0.020833
5 0.143750 0.117708 0.021875 0.022917
5 0.684375 0.700000 0.021875 0.029167
5 0.300000 0.408333 0.018750 0.025000
5 0.444531 0.227083 0.017188 0.025000
5 0.252344 0.366667 0.014063 0.029167
5 0.415625 0.006250 0.031250 0.012500
5 0.767188 0.305208 0.015625 0.022917
5 0.871094 0.476042 0.017188 0.022917
5 0.660937 0.323958 0.015625 0.018750
5 0.514062 0.753125 0.015625 0.018750
