5 0.869531 0.710417 0.035937 0.058333
5 0.531250 0.877083 0.050000 0.041667
5 0.114062 0.646875 0.028125 0.056250
5 0.286719 0.911458 0.023438 0.047917
5 0.640625 0.759375 0.031250 0.027083
5 0.189844 0.028125 0.023438 0.035417
5 0.357031 0.261458 0.026562 0.027083
5 0.675000 0.304167 0.018750 0.033333
5 0.237500 0.180208 0.015625 0.039583
5 0.058594 0.792708 0.020313 0.027083
5 0.491406 0.261458 0.020313 0.027083
5 0.465625 0.608333 0.018750 0.025000
5 0.860938 0.575000 0.018750 0.025000
5 0.343750 0.943750 0.018750 0.025000
5 0.920312 0.417708 0.015625 0.027083
5 0.138281 0.196875 0.017188 0.022917
5 0.067187 0.651042 0.015625 0.022917
