5 0.241406 0.714583 0.085938 0.091667
5 0.603125 0.247917 0.084375 0.120833
5 0.285156 0.628125 0.048438 0.060417
5 0.200781 0.384375 0.029687 0.081250
5 0.387500 0.536458 0.050000 0.052083
5 0.716406 0.184375 0.035937 0.077083
5 0.453906 0.960417 0.039062 0.041667
5 0.441406 0.730208 0.039062 0.043750
5 0.154688 0.863542 0.062500 0.043750
5 0.150781 0.760417 0.045312 0.058333
5 0.771875 0.933333 0.025000 0.062500
5 0.174219 0.680208 0.029687 0.039583
5 0.624219 0.609375 0.026562 0.043750
5 0.849219 0.418750 0.026562 0.037500
5 0.263281 0.872917 0.026562 0.037500
5 0.173437 0.108333 0.028125 0.029167
5 0.162500 0.502083 0.021875 0.037500
5 0.542188 0.643750 0.025000 0.033333
5 0.785156 0.617708 0.023438 0.035417
5 0.582031 0.744792 0.023438 0.031250
5 0.461719 0.775000 0.020313 0.029167
5 0.435937 0.821875 0.021875 0.018750
5 0.679688 0.734375 0.018750 0.022917
5 0.128125 0.039583 0.015625 0.025000
5 0.128906 0.471875 0.020313 0.018750
5 0.116406 0.608333 0.014063 0.020833
