5 0.508594 0.419792 0.107813 0.127083
5 0.185156 0.737500 0.110937 0.112500
5 0.045312 0.621875 0.090625 0.127083
5 0.591406 0.558333 0.060937 0.079167
5 0.171875 0.273958 0.056250 0.068750
5 0.647656 0.448958 0.054688 0.093750
5 0.289844 0.097917 0.039062 0.058333
5 0.701562 0.564583 0.043750 0.062500
5 0.646875 0.545833 0.037500 0.075000
5 0.392969 0.464583 0.039062 0.062500
5 0.421094 0.646875 0.051562 0.052083
5 0.174219 0.626042 0.035937 0.047917
5 0.861719 0.578125 0.032813 0.056250
5 0.715625 0.970833 0.028125 0.058333
5 0.328125 0.791667 0.031250 0.070833
5 0.010156 0.168750 0.020313 0.054167
5 0.072656 0.512500 0.026562 0.037500
5 0.423438 0.413542 0.028125 0.043750
5 0.048438 0.439583 0.031250 0.050000
5 0.761719 0.528125 0.020313 0.039583
5 0.818750 0.883333 0.015625 0.054167
5 0.330469 0.675000 0.032813 0.025000
5 0.826562 0.308333 0.021875 0.029167
5 0.533594 0.081250 0.023438 0.025000
5 0.046875 0.704167 0.015625 0.033333
5 0.525000 0.896875 0.018750 0.027083
5 0.762500 0.460417 0.015625 0.029167
5 0.282813 0.868750 0.018750 0.025000
5 0.171094 0.782292 0.017188 0.031250
5 0.708594 0.506250 0.017188 0.020833
5 0.064062 0.040625 0.015625 0.022917
5 0.228906 0.664583 0.014063 0.025000
5 0.336719 0.880208 0.014063 0.022917
5 0.184375 0.956250 0.015625 0.020833
5 0.332031 0.975000 0.014063 0.020833
