5 0.308594 0.258854 0.235937 0.178125
5 0.475781 0.583333 0.089063 0.154167
5 0.570703 0.928125 0.103906 0.100000
5 0.518750 0.706771 0.073438 0.080208
5 0.761328 0.507292 0.071094 0.100000
5 0.385937 0.665625 0.087500 0.066667
5 0.489453 0.305729 0.074219 0.063542
5 0.810547 0.324479 0.057031 0.061458
5 0.869922 0.408333 0.053906 0.087500
5 0.640234 0.086458 0.057031 0.056250
5 0.403516 0.452604 0.046094 0.065625
5 0.467578 0.390625 0.044531 0.050000
5 0.648047 0.812500 0.041406 0.033333
5 0.379297 0.152604 0.058594 0.044792
5 0.730469 0.325521 0.031250 0.046875
5 0.768750 0.644271 0.032813 0.036458
5 0.715625 0.193750 0.032813 0.031250
5 0.712500 0.405208 0.028125 0.037500
5 0.528125 0.025000 0.028125 0.035417
5 0.851562 0.266146 0.023438 0.028125
5 0.959375 0.111458 0.025000 0.031250
