5 0.907813 0.186458 0.025000 0.056250
5 0.612500 0.311458 0.021875 0.052083
5 0.124219 0.895833 0.026562 0.045833
5 0.624219 0.150000 0.032813 0.045833
5 0.736719 0.620833 0.023438 0.041667
5 0.988281 0.279167 0.023438 0.054167
5 0.749219 0.189583 0.017188 0.045833
5 0.438281 0.609375 0.029687 0.035417
5 0.358594 0.565625 0.017188 0.039583
5 0.306250 0.200000 0.015625 0.037500
5 0.567187 0.308333 0.018750 0.029167
5 0.536719 0.080208 0.017188 0.027083
5 0.804688 0.094792 0.018750 0.022917
5 0.768750 0.809375 0.015625 0.031250
5 0.695312 0.555208 0.021875 0.022917
5 0.670312 0.054167 0.015625 0.025000
5 0.595313 0.695833 0.015625 0.020833
5 0.347656 0.155208 0.014063 0.022917
5 0.425000 0.706250 0.012500 0.025000
