5 0.966406 0.206250 0.067187 0.104167
5 0.405469 0.760417 0.057813 0.066667
5 0.347656 0.050000 0.039062 0.050000
5 0.635938 0.980208 0.050000 0.039583
5 0.887500 0.936458 0.028125 0.047917
5 0.242188 0.579167 0.028125 0.054167
5 0.531250 0.860417 0.025000 0.045833
5 0.229687 0.520833 0.028125 0.041667
5 0.535156 0.925000 0.026562 0.037500
5 0.446094 0.178125 0.020313 0.043750
5 0.775781 0.376042 0.029687 0.022917
5 0.809375 0.314583 0.018750 0.033333
5 0.632812 0.330208 0.021875 0.027083
5 0.542969 0.179167 0.020313 0.025000
5 0.687500 0.170833 0.018750 0.025000
5 0.807031 0.671875 0.017188 0.027083
5 0.456250 0.718750 0.018750 0.025000
5 0.767188 0.415625 0.018750 0.022917
5 0.461719 0.883333 0.014063 0.025000
5 0.456250 0.972917 0.015625 0.020833
