5 0.317188 0.104167 0.043750 0.045833
5 0.956250 0.415625 0.050000 0.052083
5 0.925781 0.064583 0.026562 0.054167
5 0.985156 0.869792 0.029687 0.043750
5 0.445312 0.682292 0.025000 0.043750
5 0.525000 0.393750 0.028125 0.033333
5 0.892969 0.909375 0.026562 0.052083
5 0.857812 0.728125 0.021875 0.043750
5 0.577344 0.193750 0.026562 0.037500
5 0.561719 0.663542 0.023438 0.027083
5 0.768750 0.895833 0.015625 0.037500
5 0.864844 0.438542 0.020313 0.027083
5 0.647656 0.152083 0.020313 0.025000
5 0.546094 0.741667 0.017188 0.025000
5 0.127344 0.233333 0.017188 0.020833
5 0.969531 0.653125 0.014063 0.027083
5 0.325000 0.681250 0.015625 0.020833
