5 0.402734 0.717187 0.247656 0.226042
5 0.251953 0.174479 0.130469 0.221875
5 0.111719 0.078646 0.156250 0.157292
5 0.471875 0.385937 0.137500 0.117708
5 0.582812 0.895312 0.087500 0.071875
5 0.372656 0.561979 0.067187 0.065625
5 0.379688 0.473438 0.051562 0.073958
5 0.239844 0.702083 0.062500 0.075000
5 0.764062 0.027604 0.053125 0.055208
5 0.395703 0.217708 0.032031 0.037500
5 0.219531 0.614062 0.026562 0.048958
5 0.446094 0.914062 0.029687 0.038542
5 0.384766 0.932292 0.036719 0.035417
5 0.679688 0.861979 0.029687 0.040625
5 0.512891 0.625521 0.032031 0.030208
5 0.516016 0.931250 0.027344 0.052083
5 0.068750 0.826562 0.026562 0.030208
