5 0.678906 0.282292 0.060937 0.118750
5 0.734375 0.578125 0.037500 0.068750
5 0.503906 0.328125 0.035937 0.068750
5 0.795312 0.547917 0.040625 0.050000
5 0.587500 0.196875 0.034375 0.072917
5 0.442188 0.747917 0.031250 0.037500
5 0.078125 0.244792 0.028125 0.039583
5 0.940625 0.657292 0.034375 0.031250
5 0.553125 0.604167 0.028125 0.037500
5 0.714063 0.064583 0.031250 0.058333
5 0.599219 0.079167 0.048438 0.033333
5 0.671094 0.087500 0.020313 0.050000
5 0.680469 0.583333 0.026562 0.037500
5 0.632031 0.796875 0.020313 0.039583
5 0.861719 0.033333 0.026562 0.029167
5 0.617969 0.265625 0.023438 0.027083
5 0.525781 0.659375 0.023438 0.027083
5 0.761719 0.473958 0.020313 0.027083
5 0.724219 0.195833 0.020313 0.025000
5 0.915625 0.023958 0.021875 0.022917
5 0.579688 0.831250 0.025000 0.016667
5 0.310937 0.783333 0.018750 0.020833
5 0.625000 0.494792 0.015625 0.022917
5 0.551562 0.183333 0.015625 0.020833
5 0.250781 0.965625 0.014063 0.022917
5 0.833594 0.206250 0.014063 0.020833
