5 0.532031 0.835417 0.076563 0.062500
5 0.239844 0.194792 0.064062 0.047917
5 0.627344 0.132292 0.051562 0.056250
5 0.553125 0.338542 0.056250 0.060417
5 0.552344 0.157292 0.048438 0.064583
5 0.478906 0.109375 0.045312 0.068750
5 0.301563 0.129167 0.040625 0.050000
5 0.978906 0.352083 0.042188 0.058333
5 0.280469 0.516667 0.032813 0.062500
5 0.117969 0.337500 0.032813 0.041667
5 0.933594 0.123958 0.048438 0.039583
5 0.503125 0.407292 0.034375 0.043750
5 0.270313 0.352083 0.028125 0.041667
5 0.185938 0.262500 0.028125 0.045833
5 0.636719 0.748958 0.026562 0.031250
5 0.464844 0.598958 0.023438 0.039583
5 0.591406 0.948958 0.020313 0.031250
5 0.326562 0.426042 0.018750 0.027083
5 0.657031 0.317708 0.020313 0.022917
5 0.517188 0.009375 0.025000 0.018750
5 0.322656 0.619792 0.020313 0.022917
5 0.678906 0.388542 0.017188 0.022917
5 0.402344 0.767708 0.020313 0.018750
5 0.246875 0.441667 0.018750 0.020833
5 0.468750 0.392708 0.015625 0.022917
5 0.589844 0.075000 0.014063 0.020833
5 0.959375 0.840625 0.015625 0.018750
