5 0.528125 0.387500 0.103125 0.079167
5 0.746875 0.822917 0.053125 0.058333
5 0.700000 0.728125 0.040625 0.077083
5 0.353125 0.346875 0.028125 0.052083
5 0.324219 0.163542 0.029687 0.043750
5 0.213281 0.616667 0.029687 0.041667
5 0.704688 0.878125 0.031250 0.035417
5 0.833594 0.828125 0.026562 0.035417
5 0.666406 0.597917 0.020313 0.041667
5 0.829688 0.989583 0.028125 0.020833
5 0.856250 0.882292 0.021875 0.022917
5 0.315625 0.300000 0.021875 0.029167
5 0.700000 0.591667 0.018750 0.025000
5 0.555469 0.773958 0.017188 0.022917
5 0.747656 0.633333 0.014063 0.029167
5 0.584375 0.993750 0.031250 0.012500
5 0.232813 0.694792 0.015625 0.022917
5 0.128906 0.523958 0.017188 0.022917
5 0.339062 0.676042 0.015625 0.018750
5 0.485938 0.246875 0.015625 0.018750
