5 0.692187 0.601042 0.093750 0.139583
5 0.732812 0.385417 0.053125 0.100000
5 0.461719 0.456250 0.051562 0.100000
5 0.660156 0.463542 0.048438 0.056250
5 0.809375 0.389583 0.050000 0.041667
5 0.297656 0.755208 0.051562 0.043750
5 0.692187 0.143750 0.034375 0.062500
5 0.638281 0.554167 0.032813 0.054167
5 0.446094 0.568750 0.032813 0.045833
5 0.341406 0.641667 0.035937 0.050000
5 0.749219 0.244792 0.026562 0.035417
5 0.537500 0.197917 0.031250 0.041667
5 0.664062 0.015625 0.034375 0.031250
5 0.528906 0.559375 0.029687 0.027083
5 0.381250 0.562500 0.021875 0.033333
5 0.892188 0.856250 0.021875 0.029167
5 0.291406 0.038542 0.020313 0.031250
5 0.317969 0.502083 0.020313 0.029167
5 0.287500 0.579167 0.018750 0.029167
5 0.357812 0.273958 0.018750 0.022917
5 0.508594 0.266667 0.020313 0.020833
5 0.392969 0.673958 0.017188 0.022917
5 0.620313 0.715625 0.015625 0.022917
5 0.278906 0.315625 0.017188 0.022917
