5 0.590625 0.303125 0.078125 0.110417
5 0.409375 0.929167 0.046875 0.091667
5 0.142187 0.652083 0.040625 0.050000
5 0.305469 0.569792 0.029687 0.039583
5 0.252344 0.748958 0.035937 0.031250
5 0.860938 0.980208 0.021875 0.039583
5 0.417187 0.522917 0.028125 0.029167
5 0.131250 0.917708 0.021875 0.035417
5 0.283594 0.322917 0.020313 0.033333
5 0.800781 0.936458 0.026562 0.022917
5 0.176563 0.560417 0.018750 0.025000
5 0.269531 0.218750 0.014063 0.029167
5 0.237500 0.362500 0.015625 0.025000
5 0.910937 0.865625 0.018750 0.018750
