5 0.478906 0.235417 0.048438 0.050000
5 0.139063 0.656250 0.040625 0.050000
5 0.687500 0.541667 0.050000 0.058333
5 0.196875 0.931250 0.037500 0.041667
5 0.571094 0.184375 0.032813 0.043750
5 0.660937 0.207292 0.028125 0.047917
5 0.881250 0.954167 0.025000 0.041667
5 0.653125 0.705208 0.025000 0.035417
5 0.055469 0.069792 0.023438 0.031250
5 0.617969 0.526042 0.020313 0.027083
5 0.576562 0.300000 0.021875 0.025000
5 0.371094 0.045833 0.023438 0.020833
5 0.100781 0.042708 0.014063 0.027083
5 0.760156 0.433333 0.014063 0.025000
5 0.423438 0.285417 0.015625 0.020833
