5 0.281250 0.656771 0.179688 0.219792
5 0.719141 0.580208 0.328906 0.208333
5 0.961328 0.557292 0.077344 0.125000
5 0.169922 0.870313 0.075781 0.180208
5 0.323047 0.290104 0.119531 0.138542
5 0.410547 0.870313 0.060156 0.084375
5 0.789844 0.521875 0.064062 0.054167
5 0.297266 0.834896 0.050781 0.055208
5 0.098828 0.219792 0.074219 0.045833
5 0.434375 0.271354 0.042188 0.088542
5 0.928516 0.618750 0.047656 0.033333
5 0.112500 0.647396 0.039062 0.034375
5 0.195703 0.346875 0.042969 0.033333
5 0.761719 0.946354 0.046875 0.030208
5 0.930859 0.299479 0.025781 0.046875
5 0.528516 0.709375 0.033594 0.031250
5 0.287109 0.093229 0.033594 0.032292
5 0.909766 0.491667 0.039844 0.027083
5 0.849219 0.985938 0.029687 0.028125
5 0.102344 0.308333 0.021875 0.035417
5 0.785937 0.361458 0.032813 0.022917
