5 0.469922 0.078125 0.133594 0.137500
5 0.463672 0.589063 0.071094 0.188542
5 0.921875 0.294792 0.054688 0.085417
5 0.560156 0.445312 0.054688 0.078125
5 0.835938 0.116146 0.071875 0.061458
5 0.463672 0.722917 0.049219 0.070833
5 0.365234 0.900000 0.072656 0.075000
5 0.338281 0.239583 0.056250 0.050000
5 0.369922 0.093750 0.041406 0.077083
5 0.296094 0.814063 0.051562 0.051042
5 0.269922 0.085938 0.042969 0.051042
5 0.304688 0.957812 0.042188 0.051042
5 0.929688 0.820833 0.050000 0.050000
5 0.425781 0.440104 0.034375 0.044792
5 0.772266 0.951562 0.027344 0.044792
5 0.307422 0.038542 0.036719 0.041667
5 0.203125 0.893750 0.031250 0.041667
5 0.246094 0.261458 0.029687 0.052083
5 0.865234 0.286979 0.025781 0.034375
5 0.351562 0.964583 0.018750 0.037500
5 0.403906 0.645833 0.026562 0.027083
5 0.357031 0.355208 0.031250 0.022917
5 0.439844 0.011458 0.025000 0.022917
5 0.848828 0.903125 0.022656 0.027083
5 0.518359 0.943229 0.019531 0.019792
5 0.507031 0.530729 0.023438 0.017708
5 0.507422 0.734375 0.017969 0.020833
5 0.344531 0.756250 0.017188 0.016667
