5 0.725000 0.801042 0.143750 0.152083
5 0.603125 0.893750 0.050000 0.091667
5 0.322656 0.230208 0.039062 0.089583
5 0.070312 0.048958 0.046875 0.052083
5 0.833594 0.502083 0.029687 0.083333
5 0.269531 0.314583 0.057813 0.054167
5 0.171875 0.972917 0.043750 0.054167
5 0.853125 0.681250 0.040625 0.045833
5 0.269531 0.818750 0.042188 0.079167
5 0.230469 0.178125 0.048438 0.039583
5 0.753906 0.293750 0.035937 0.050000
5 0.144531 0.215625 0.039062 0.043750
5 0.272656 0.701042 0.039062 0.035417
5 0.679688 0.132292 0.028125 0.052083
5 0.409375 0.296875 0.028125 0.039583
5 0.174219 0.697917 0.032813 0.037500
5 0.173437 0.779167 0.031250 0.037500
5 0.644531 0.234375 0.029687 0.035417
5 0.368750 0.763542 0.028125 0.035417
5 0.430469 0.197917 0.023438 0.037500
5 0.540625 0.922917 0.034375 0.029167
5 0.843750 0.596875 0.028125 0.047917
5 0.312500 0.809375 0.021875 0.035417
5 0.676562 0.031250 0.025000 0.029167
5 0.349219 0.166667 0.026562 0.025000
5 0.793750 0.406250 0.021875 0.029167
5 0.468750 0.911458 0.021875 0.027083
5 0.833594 0.400000 0.020313 0.025000
5 0.565625 0.228125 0.021875 0.022917
5 0.676562 0.468750 0.015625 0.020833
5 0.625781 0.030208 0.014063 0.022917
