5 0.274219 0.081250 0.064062 0.108333
5 0.083594 0.345833 0.060937 0.062500
5 0.228125 0.504167 0.056250 0.062500
5 0.149219 0.883333 0.067187 0.062500
5 0.285156 0.340625 0.039062 0.068750
5 0.101562 0.643750 0.043750 0.050000
5 0.380469 0.720833 0.035937 0.045833
5 0.347656 0.309375 0.045312 0.043750
5 0.616406 0.520833 0.029687 0.058333
5 0.459375 0.444792 0.034375 0.052083
5 0.529687 0.688542 0.028125 0.039583
5 0.797656 0.343750 0.032813 0.045833
5 0.014844 0.692708 0.029687 0.060417
5 0.011719 0.208333 0.023438 0.041667
5 0.057031 0.281250 0.029687 0.029167
5 0.223438 0.576042 0.025000 0.035417
5 0.740625 0.744792 0.018750 0.039583
5 0.182031 0.602083 0.023438 0.037500
5 0.651563 0.707292 0.015625 0.035417
5 0.151562 0.460417 0.025000 0.029167
5 0.090625 0.404167 0.018750 0.025000
5 0.017969 0.310417 0.020313 0.020833
5 0.382031 0.078125 0.017188 0.022917
5 0.446094 0.957292 0.010937 0.027083
