5 0.689063 0.678125 0.300000 0.241667
5 0.755469 0.345833 0.129688 0.139583
5 0.572656 0.178125 0.159375 0.108333
5 0.400781 0.580208 0.115625 0.150000
5 0.117188 0.797396 0.075000 0.165625
5 0.588281 0.819271 0.076563 0.090625
5 0.396484 0.841667 0.061719 0.122917
5 0.778516 0.082812 0.060156 0.105208
5 0.449219 0.405729 0.053125 0.055208
5 0.817187 0.232813 0.053125 0.044792
5 0.706641 0.727604 0.042969 0.055208
5 0.792188 0.866667 0.054688 0.043750
5 0.383203 0.156771 0.067969 0.046875
5 0.444922 0.115625 0.041406 0.050000
5 0.022266 0.082292 0.044531 0.043750
5 0.121875 0.670833 0.034375 0.031250
