5 0.671875 0.827083 0.065625 0.075000
5 0.250781 0.481250 0.035937 0.095833
5 0.546875 0.771875 0.043750 0.081250
5 0.310156 0.446875 0.039062 0.081250
5 0.456250 0.888542 0.043750 0.047917
5 0.368750 0.576042 0.056250 0.047917
5 0.169531 0.882292 0.039062 0.047917
5 0.391406 0.711458 0.032813 0.047917
5 0.642188 0.127083 0.028125 0.054167
5 0.265625 0.714583 0.028125 0.050000
5 0.692969 0.139583 0.051562 0.041667
5 0.501563 0.502083 0.031250 0.045833
5 0.553125 0.869792 0.040625 0.035417
5 0.402344 0.356250 0.029687 0.037500
5 0.696094 0.735417 0.023438 0.041667
5 0.306250 0.318750 0.025000 0.037500
5 0.185156 0.789583 0.020313 0.037500
5 0.268750 0.273958 0.018750 0.031250
5 0.414844 0.535417 0.017188 0.033333
5 0.645312 0.946875 0.015625 0.035417
5 0.286719 0.645833 0.029687 0.020833
5 0.632031 0.900000 0.020313 0.025000
5 0.821094 0.163542 0.020313 0.022917
5 0.661719 0.730208 0.023438 0.018750
5 0.126562 0.271875 0.018750 0.022917
5 0.596875 0.081250 0.015625 0.025000
5 0.607031 0.863542 0.014063 0.022917
5 0.684375 0.937500 0.015625 0.020833
