5 0.353906 0.403125 0.076563 0.047917
5 0.753125 0.659375 0.031250 0.089583
5 0.723437 0.241667 0.050000 0.045833
5 0.657031 0.508333 0.042188 0.058333
5 0.847656 0.983333 0.060937 0.033333
5 0.042188 0.330208 0.031250 0.060417
5 0.389844 0.343750 0.048438 0.033333
5 0.117188 0.771875 0.040625 0.035417
5 0.157031 0.963542 0.032813 0.043750
5 0.446875 0.818750 0.028125 0.045833
5 0.946094 0.663542 0.032813 0.035417
5 0.359375 0.570833 0.025000 0.041667
5 0.542969 0.709375 0.032813 0.031250
5 0.323437 0.645833 0.034375 0.025000
5 0.894531 0.894792 0.023438 0.035417
5 0.587500 0.483333 0.021875 0.033333
5 0.365625 0.618750 0.021875 0.025000
5 0.055469 0.534375 0.017188 0.022917
5 0.495312 0.675000 0.015625 0.025000
