5 0.754297 0.805729 0.205469 0.240625
5 0.160938 0.665104 0.187500 0.132292
5 0.564844 0.119271 0.134375 0.171875
5 0.294141 0.155208 0.096094 0.077083
5 0.488281 0.248438 0.053125 0.061458
5 0.747656 0.473438 0.062500 0.082292
5 0.810547 0.391667 0.050781 0.085417
5 0.307812 0.362500 0.070312 0.037500
5 0.876172 0.371875 0.052344 0.045833
5 0.245312 0.094271 0.028125 0.057292
5 0.684766 0.944271 0.024219 0.030208
5 0.325000 0.988542 0.031250 0.022917
5 0.383984 0.753646 0.030469 0.030208
5 0.400391 0.866146 0.021094 0.026042
