5 0.626953 0.623958 0.302344 0.239583
5 0.460547 0.177083 0.152344 0.168750
5 0.317578 0.841667 0.116406 0.097917
5 0.343750 0.282813 0.079687 0.076042
5 0.531641 0.397396 0.067969 0.088542
5 0.584766 0.206771 0.072656 0.096875
5 0.464844 0.707292 0.075000 0.089583
5 0.618359 0.313542 0.047656 0.083333
5 0.501953 0.893750 0.063281 0.075000
5 0.338281 0.647917 0.062500 0.085417
5 0.903125 0.608854 0.050000 0.055208
5 0.684766 0.406771 0.058594 0.048958
5 0.475000 0.439063 0.064062 0.055208
5 0.051172 0.139583 0.060156 0.054167
5 0.641016 0.093750 0.053906 0.047917
5 0.309766 0.436979 0.041406 0.076042
5 0.157422 0.967708 0.044531 0.045833
5 0.334375 0.066146 0.032813 0.063542
5 0.166797 0.753646 0.036719 0.063542
5 0.412500 0.744792 0.034375 0.058333
5 0.500781 0.526042 0.040625 0.041667
5 0.709766 0.836979 0.038281 0.044792
5 0.127344 0.023438 0.031250 0.046875
5 0.381250 0.463542 0.037500 0.035417
5 0.019922 0.888021 0.039844 0.036458
5 0.789453 0.731250 0.033594 0.039583
5 0.695312 0.765104 0.035937 0.032292
5 0.421484 0.916667 0.035156 0.027083
5 0.321875 0.154167 0.026562 0.033333
5 0.525000 0.763542 0.031250 0.029167
5 0.125000 0.551042 0.029687 0.020833
