5 0.749219 0.596875 0.064062 0.093750
5 0.106250 0.650000 0.078125 0.066667
5 0.083594 0.151042 0.051562 0.047917
5 0.826562 0.575000 0.053125 0.062500
5 0.510156 0.100000 0.048438 0.054167
5 0.191406 0.844792 0.032813 0.060417
5 0.632031 0.656250 0.045312 0.033333
5 0.039844 0.229167 0.029687 0.045833
5 0.705469 0.061458 0.029687 0.035417
5 0.203906 0.547917 0.026562 0.029167
5 0.176563 0.753125 0.021875 0.031250
5 0.598437 0.601042 0.018750 0.035417
5 0.900000 0.469792 0.018750 0.031250
5 0.566406 0.671875 0.023438 0.022917
5 0.020313 0.427083 0.018750 0.025000
5 0.533594 0.588542 0.017188 0.022917
5 0.183594 0.116667 0.017188 0.020833
5 0.212500 0.183333 0.015625 0.020833
