5 0.130469 0.289583 0.035937 0.058333
5 0.468750 0.122917 0.050000 0.041667
5 0.885938 0.353125 0.028125 0.056250
5 0.713281 0.088542 0.023438 0.047917
5 0.359375 0.240625 0.031250 0.027083
5 0.810156 0.971875 0.023438 0.035417
5 0.642969 0.738542 0.026562 0.027083
5 0.325000 0.695833 0.018750 0.033333
5 0.762500 0.819792 0.015625 0.039583
5 0.941406 0.207292 0.020313 0.027083
5 0.508594 0.738542 0.020313 0.027083
5 0.534375 0.391667 0.018750 0.025000
5 0.139063 0.425000 0.018750 0.025000
5 0.656250 0.056250 0.018750 0.025000
5 0.079687 0.582292 0.015625 0.027083
5 0.861719 0.803125 0.017188 0.022917
5 0.932813 0.348958 0.015625 0.022917
