5 0.441406 0.065625 0.060937 0.077083
5 0.987500 0.602083 0.025000 0.095833
5 0.810937 0.673958 0.040625 0.064583
5 0.078906 0.591667 0.054688 0.075000
5 0.143750 0.717708 0.034375 0.077083
5 0.041406 0.105208 0.042188 0.043750
5 0.196875 0.095833 0.034375 0.050000
5 0.592187 0.057292 0.034375 0.047917
5 0.520312 0.520833 0.028125 0.037500
5 0.267969 0.528125 0.026562 0.039583
5 0.854688 0.768750 0.025000 0.033333
5 0.780469 0.859375 0.035937 0.035417
5 0.261719 0.161458 0.020313 0.031250
5 0.831250 0.164583 0.021875 0.033333
5 0.316406 0.883333 0.023438 0.033333
5 0.573438 0.727083 0.015625 0.037500
5 0.574219 0.642708 0.023438 0.018750
5 0.492188 0.176042 0.028125 0.018750
5 0.517969 0.433333 0.017188 0.020833
5 0.651563 0.178125 0.015625 0.018750
