5 0.489844 0.521875 0.070312 0.102083
5 0.164844 0.202083 0.107813 0.054167
5 0.321094 0.438542 0.048438 0.056250
5 0.553125 0.587500 0.053125 0.075000
5 0.286719 0.265625 0.039062 0.047917
5 0.868750 0.878125 0.046875 0.047917
5 0.499219 0.432292 0.029687 0.052083
5 0.317969 0.580208 0.032813 0.047917
5 0.646875 0.738542 0.028125 0.064583
5 0.555469 0.951042 0.023438 0.047917
5 0.601562 0.720833 0.043750 0.029167
5 0.503906 0.681250 0.042188 0.037500
5 0.142187 0.127083 0.028125 0.033333
5 0.177344 0.809375 0.026562 0.035417
5 0.089844 0.242708 0.026562 0.043750
5 0.283594 0.331250 0.023438 0.033333
5 0.205469 0.335417 0.023438 0.033333
5 0.035156 0.282292 0.023438 0.031250
5 0.246875 0.472917 0.021875 0.029167
5 0.106250 0.060417 0.037500 0.029167
5 0.209375 0.450000 0.021875 0.025000
5 0.329688 0.326042 0.015625 0.031250
5 0.390625 0.594792 0.018750 0.018750
