5 0.327344 0.587500 0.110937 0.295833
5 0.366406 0.859375 0.110937 0.231250
5 0.756250 0.710417 0.112500 0.129167
5 0.732031 0.283333 0.092188 0.162500
5 0.784375 0.528125 0.059375 0.172917
5 0.921875 0.656250 0.071875 0.104167
5 0.533594 0.352083 0.076563 0.100000
5 0.887500 0.944792 0.084375 0.085417
5 0.502344 0.220833 0.067187 0.108333
5 0.879687 0.751042 0.059375 0.110417
5 0.530469 0.497917 0.042188 0.108333
5 0.618750 0.409375 0.068750 0.089583
5 0.553906 0.628125 0.048438 0.089583
5 0.385937 0.101042 0.046875 0.106250
5 0.968750 0.085417 0.062500 0.054167
5 0.578906 0.183333 0.067187 0.079167
5 0.295312 0.329167 0.050000 0.070833
5 0.026562 0.073958 0.053125 0.060417
5 0.314844 0.226042 0.045312 0.072917
5 0.307031 0.163542 0.051562 0.064583
5 0.634375 0.723958 0.056250 0.060417
5 0.603906 0.112500 0.035937 0.058333
5 0.982031 0.025000 0.035937 0.050000
5 0.498437 0.029167 0.050000 0.058333
5 0.275781 0.969792 0.057813 0.060417
5 0.768750 0.163542 0.050000 0.039583
5 0.826562 0.282292 0.034375 0.081250
5 0.709375 0.910417 0.043750 0.037500
5 0.374219 0.215625 0.035937 0.043750
5 0.528906 0.781250 0.035937 0.054167
5 0.818750 0.797917 0.034375 0.041667
5 0.833594 0.159375 0.023438 0.043750
5 0.664062 0.322917 0.031250 0.033333
5 0.738281 0.109375 0.035937 0.027083
5 0.393750 0.477083 0.021875 0.037500
5 0.572656 0.283333 0.023438 0.033333
5 0.709375 0.590625 0.021875 0.035417
5 0.017188 0.013542 0.034375 0.027083
5 0.685937 0.764583 0.021875 0.029167
5 0.990625 0.146875 0.018750 0.031250
5 0.992188 0.726042 0.015625 0.039583
5 0.310937 0.042708 0.021875 0.039583
5 0.425000 0.428125 0.025000 0.018750
5 0.810937 0.057292 0.018750 0.027083
5 0.935156 0.904167 0.023438 0.020833
5 0.555469 0.085417 0.017188 0.025000
