5 0.092188 0.813542 0.025000 0.056250
5 0.387500 0.688542 0.021875 0.052083
5 0.875781 0.104167 0.026562 0.045833
5 0.375781 0.850000 0.032813 0.045833
5 0.263281 0.379167 0.023438 0.041667
5 0.011719 0.720833 0.023438 0.054167
5 0.250781 0.810417 0.017188 0.045833
5 0.561719 0.390625 0.029687 0.035417
5 0.641406 0.434375 0.017188 0.039583
5 0.693750 0.800000 0.015625 0.037500
5 0.432812 0.690625 0.018750 0.031250
5 0.463281 0.919792 0.017188 0.027083
5 0.195312 0.905208 0.018750 0.022917
5 0.231250 0.190625 0.015625 0.031250
5 0.304688 0.444792 0.021875 0.022917
5 0.329688 0.945833 0.015625 0.025000
5 0.404687 0.304167 0.015625 0.020833
5 0.652344 0.844792 0.014063 0.022917
5 0.575000 0.293750 0.012500 0.025000
