5 0.920312 0.616667 0.059375 0.062500
5 0.929688 0.039583 0.068750 0.045833
5 0.734375 0.580208 0.034375 0.052083
5 0.104688 0.128125 0.034375 0.035417
5 0.689844 0.505208 0.026562 0.035417
5 0.253906 0.165625 0.023438 0.035417
5 0.296875 0.165625 0.018750 0.035417
5 0.963281 0.688542 0.017188 0.035417
5 0.967187 0.591667 0.018750 0.029167
5 0.310937 0.288542 0.015625 0.022917
5 0.817969 0.084375 0.017188 0.022917
5 0.931250 0.678125 0.012500 0.027083
5 0.478125 0.022917 0.015625 0.020833
5 0.596094 0.880208 0.017188 0.018750
