5 0.328125 0.172917 0.065625 0.075000
5 0.749219 0.518750 0.035937 0.095833
5 0.453125 0.228125 0.043750 0.081250
5 0.689844 0.553125 0.039062 0.081250
5 0.543750 0.111458 0.043750 0.047917
5 0.631250 0.423958 0.056250 0.047917
5 0.830469 0.117708 0.039062 0.047917
5 0.608594 0.288542 0.032813 0.047917
5 0.357812 0.872917 0.028125 0.054167
5 0.734375 0.285417 0.028125 0.050000
5 0.307031 0.860417 0.051562 0.041667
5 0.498437 0.497917 0.031250 0.045833
5 0.446875 0.130208 0.040625 0.035417
5 0.597656 0.643750 0.029687 0.037500
5 0.303906 0.264583 0.023438 0.041667
5 0.693750 0.681250 0.025000 0.037500
5 0.814844 0.210417 0.020313 0.037500
5 0.731250 0.726042 0.018750 0.031250
5 0.585156 0.464583 0.017188 0.033333
5 0.354687 0.053125 0.015625 0.035417
5 0.713281 0.354167 0.029687 0.020833
5 0.367969 0.100000 0.020313 0.025000
5 0.178906 0.836458 0.020313 0.022917
5 0.338281 0.269792 0.023438 0.018750
5 0.873437 0.728125 0.018750 0.022917
5 0.403125 0.918750 0.015625 0.025000
5 0.392969 0.136458 0.014063 0.022917
5 0.315625 0.062500 0.015625 0.020833
