5 0.291406 0.573958 0.039062 0.056250
5 0.559375 0.436458 0.031250 0.060417
5 0.178906 0.428125 0.026562 0.052083
5 0.211719 0.478125 0.032813 0.039583
5 0.510938 0.939583 0.034375 0.033333
5 0.236719 0.758333 0.029687 0.037500
5 0.269531 0.791667 0.017188 0.041667
5 0.673438 0.629167 0.021875 0.037500
5 0.186719 0.854167 0.023438 0.025000
5 0.703906 0.443750 0.020313 0.029167
5 0.385937 0.135417 0.015625 0.029167
5 0.753906 0.701042 0.017188 0.022917
5 0.325781 0.659375 0.017188 0.022917
5 0.467969 0.892708 0.017188 0.022917
5 0.078125 0.665625 0.015625 0.027083
5 0.517188 0.380208 0.015625 0.022917
5 0.540625 0.705208 0.015625 0.022917
5 0.253906 0.503125 0.014063 0.022917
5 0.753906 0.390625 0.014063 0.022917
5 0.411719 0.743750 0.020313 0.016667
