5 0.592578 0.569271 0.408594 0.305208
5 0.182422 0.156771 0.099219 0.098958
5 0.338281 0.712500 0.064062 0.122917
5 0.169531 0.252604 0.062500 0.080208
5 0.425391 0.171354 0.052344 0.084375
5 0.428906 0.324479 0.090625 0.073958
5 0.831641 0.648438 0.136719 0.098958
5 0.341016 0.595833 0.063281 0.058333
5 0.789844 0.881250 0.064062 0.050000
5 0.678125 0.648438 0.045312 0.055208
5 0.565234 0.702083 0.052344 0.043750
5 0.658203 0.708333 0.050781 0.043750
5 0.766797 0.253646 0.042969 0.053125
5 0.900000 0.755208 0.045312 0.039583
