5 0.546875 0.164583 0.046875 0.083333
5 0.402344 0.504167 0.042188 0.070833
5 0.967187 0.755208 0.028125 0.047917
5 0.497656 0.552083 0.026562 0.054167
5 0.578125 0.647917 0.021875 0.050000
5 0.538281 0.647917 0.029687 0.033333
5 0.334375 0.282292 0.031250 0.035417
5 0.012500 0.870833 0.025000 0.020833
5 0.435156 0.595833 0.023438 0.020833
5 0.360156 0.765625 0.017188 0.031250
5 0.100781 0.009375 0.026562 0.018750
5 0.659375 0.868750 0.018750 0.025000
5 0.457031 0.318750 0.017188 0.029167
5 0.414844 0.878125 0.017188 0.022917
