5 0.228125 0.167708 0.342187 0.243750
5 0.353125 0.864062 0.320312 0.261458
5 0.555078 0.187500 0.228906 0.264583
5 0.910937 0.358854 0.178125 0.144792
5 0.659375 0.359896 0.210938 0.123958
5 0.570703 0.507292 0.086719 0.133333
5 0.592187 0.750521 0.109375 0.073958
5 0.746484 0.690104 0.063281 0.101042
5 0.808203 0.837500 0.088281 0.085417
5 0.689453 0.973958 0.083594 0.052083
5 0.166016 0.611979 0.071094 0.059375
5 0.774219 0.575521 0.089063 0.059375
5 0.273828 0.325521 0.060156 0.067708
5 0.791797 0.155729 0.053906 0.076042
5 0.021484 0.348438 0.042969 0.090625
5 0.483203 0.414062 0.046094 0.063542
5 0.867578 0.116146 0.039844 0.048958
5 0.439453 0.670312 0.046094 0.059375
5 0.203906 0.772917 0.040625 0.041667
5 0.719531 0.865625 0.031250 0.052083
5 0.366406 0.584375 0.042188 0.033333
