5 0.409375 0.696875 0.078125 0.110417
5 0.590625 0.070833 0.046875 0.091667
5 0.857812 0.347917 0.040625 0.050000
5 0.694531 0.430208 0.029687 0.039583
5 0.747656 0.251042 0.035937 0.031250
5 0.139063 0.019792 0.021875 0.039583
5 0.582812 0.477083 0.028125 0.029167
5 0.868750 0.082292 0.021875 0.035417
5 0.716406 0.677083 0.020313 0.033333
5 0.199219 0.063542 0.026562 0.022917
5 0.823438 0.439583 0.018750 0.025000
5 0.730469 0.781250 0.014063 0.029167
5 0.762500 0.637500 0.015625 0.025000
5 0.089063 0.134375 0.018750 0.018750
