5 0.828906 0.247396 0.187500 0.313542
5 0.317578 0.223438 0.117969 0.134375
5 0.253906 0.623437 0.084375 0.117708
5 0.928516 0.494792 0.091406 0.077083
5 0.973828 0.089583 0.052344 0.100000
5 0.835547 0.696354 0.080469 0.076042
5 0.539062 0.921354 0.054688 0.061458
5 0.245703 0.073958 0.049219 0.050000
5 0.840234 0.484896 0.060156 0.067708
5 0.304688 0.542188 0.039062 0.048958
5 0.366016 0.812500 0.042969 0.039583
5 0.116797 0.939063 0.039844 0.038542
5 0.660937 0.402083 0.037500 0.045833
5 0.954688 0.659375 0.037500 0.037500
5 0.311328 0.795833 0.038281 0.031250
5 0.207422 0.767708 0.025781 0.047917
5 0.406641 0.683854 0.032031 0.036458
5 0.225781 0.493750 0.029687 0.033333
5 0.972266 0.340104 0.033594 0.032292
5 0.472656 0.376042 0.025000 0.037500
5 0.879297 0.634375 0.032031 0.033333
5 0.708203 0.964583 0.027344 0.035417
5 0.584766 0.614062 0.032031 0.026042
