5 0.721094 0.414583 0.067187 0.116667
5 0.654687 0.053125 0.056250 0.106250
5 0.123438 0.858333 0.037500 0.070833
5 0.078906 0.863542 0.029687 0.035417
5 0.245312 0.378125 0.028125 0.043750
5 0.106250 0.789583 0.031250 0.045833
5 0.310937 0.747917 0.018750 0.054167
5 0.325781 0.135417 0.029687 0.045833
5 0.161719 0.107292 0.026562 0.035417
5 0.575000 0.542708 0.025000 0.031250
5 0.707031 0.937500 0.017188 0.045833
5 0.675781 0.512500 0.032813 0.029167
5 0.192969 0.822917 0.029687 0.025000
5 0.881250 0.326042 0.018750 0.035417
5 0.460938 0.643750 0.034375 0.025000
5 0.302344 0.348958 0.020313 0.031250
5 0.919531 0.269792 0.029687 0.022917
5 0.154688 0.800000 0.015625 0.037500
5 0.601562 0.101042 0.021875 0.027083
5 0.990625 0.488542 0.018750 0.027083
5 0.264062 0.148958 0.028125 0.018750
5 0.261719 0.590625 0.017188 0.027083
5 0.525781 0.286458 0.017188 0.027083
5 0.216406 0.220833 0.017188 0.025000
5 0.710156 0.590625 0.017188 0.022917
5 0.931250 0.231250 0.018750 0.020833
5 0.485156 0.481250 0.017188 0.020833
5 0.982812 0.419792 0.018750 0.018750
5 0.430469 0.319792 0.014063 0.022917
