5 0.440234 0.465625 0.167969 0.214583
5 0.466797 0.861979 0.132031 0.151042
5 0.294922 0.067708 0.080469 0.135417
5 0.578516 0.530729 0.100781 0.076042
5 0.822266 0.756771 0.078906 0.144792
5 0.714063 0.412500 0.067187 0.083333
5 0.543359 0.129688 0.069531 0.067708
5 0.764062 0.214583 0.068750 0.068750
5 0.100000 0.415625 0.059375 0.064583
5 0.956641 0.835938 0.050781 0.071875
5 0.428516 0.768750 0.036719 0.064583
5 0.869531 0.854167 0.053125 0.060417
5 0.840625 0.624479 0.037500 0.059375
5 0.650781 0.207813 0.035937 0.046875
5 0.183594 0.018750 0.046875 0.037500
5 0.413281 0.070312 0.034375 0.048958
5 0.655859 0.023438 0.039844 0.046875
5 0.752344 0.956250 0.039062 0.035417
5 0.353516 0.879687 0.053906 0.026042
5 0.037891 0.627083 0.022656 0.037500
5 0.739453 0.151562 0.014844 0.040625
5 0.048047 0.780208 0.030469 0.018750
5 0.746875 0.737500 0.032813 0.018750
5 0.072656 0.729688 0.023438 0.019792
