5 0.867188 0.255208 0.181250 0.318750
5 0.336719 0.252083 0.117188 0.220833
5 0.308594 0.763542 0.107813 0.139583
5 0.752344 0.787500 0.098437 0.162500
5 0.863281 0.759375 0.082812 0.127083
5 0.306250 0.057292 0.071875 0.114583
5 0.729688 0.637500 0.065625 0.079167
5 0.021875 0.541667 0.043750 0.095833
5 0.411719 0.215625 0.039062 0.085417
5 0.758594 0.054167 0.042188 0.070833
5 0.748437 0.230208 0.040625 0.056250
5 0.704688 0.535417 0.040625 0.070833
5 0.927344 0.898958 0.035937 0.052083
5 0.732812 0.432292 0.037500 0.047917
5 0.263281 0.858333 0.035937 0.050000
5 0.181250 0.165625 0.031250 0.043750
