5 0.714063 0.761458 0.190625 0.183333
5 0.383203 0.475000 0.149219 0.131250
5 0.582422 0.447917 0.100781 0.135417
5 0.335547 0.131771 0.110156 0.113542
5 0.862500 0.216667 0.120313 0.102083
5 0.604297 0.109896 0.085156 0.078125
5 0.171094 0.346354 0.087500 0.094792
5 0.618359 0.194271 0.058594 0.086458
5 0.802734 0.406250 0.063281 0.081250
5 0.464062 0.556250 0.057813 0.104167
5 0.860938 0.517188 0.064062 0.086458
5 0.692187 0.421354 0.056250 0.078125
5 0.763672 0.929167 0.085156 0.052083
5 0.630078 0.298958 0.067969 0.064583
5 0.026562 0.518750 0.053125 0.106250
5 0.095312 0.822396 0.062500 0.094792
5 0.050000 0.414583 0.056250 0.066667
5 0.035156 0.757812 0.035937 0.088542
5 0.869141 0.275521 0.041406 0.067708
5 0.260937 0.156771 0.039062 0.063542
5 0.794922 0.981250 0.055469 0.037500
5 0.144531 0.505729 0.031250 0.059375
5 0.686719 0.856771 0.040625 0.051042
5 0.437109 0.328125 0.036719 0.052083
5 0.294531 0.217708 0.043750 0.033333
5 0.667188 0.980729 0.034375 0.038542
5 0.221094 0.010417 0.054688 0.020833
5 0.233594 0.703646 0.031250 0.030208
5 0.750391 0.317708 0.028906 0.031250
5 0.807422 0.829167 0.036719 0.027083
5 0.182812 0.775000 0.034375 0.029167
5 0.753906 0.880729 0.025000 0.032292
5 0.919922 0.122396 0.027344 0.038542
5 0.823828 0.503125 0.027344 0.025000
5 0.404297 0.760938 0.021094 0.034375
5 0.825391 0.034896 0.028906 0.021875
5 0.446094 0.794792 0.021875 0.027083
5 0.934766 0.495312 0.017969 0.026042
5 0.521094 0.332813 0.018750 0.021875
5 0.214062 0.861979 0.021875 0.019792
