5 0.359375 0.503125 0.056250 0.077083
5 0.545312 0.621875 0.043750 0.039583
5 0.046875 0.704167 0.043750 0.045833
5 0.305469 0.671875 0.035937 0.035417
5 0.462500 0.169792 0.025000 0.035417
5 0.490625 0.463542 0.025000 0.035417
5 0.094531 0.988542 0.035937 0.022917
5 0.014063 0.487500 0.028125 0.029167
5 0.232031 0.913542 0.017188 0.039583
5 0.360938 0.772917 0.015625 0.029167
5 0.161719 0.843750 0.020313 0.020833
5 0.360938 0.226042 0.015625 0.022917
5 0.427344 0.184375 0.020313 0.018750
5 0.324219 0.539583 0.014063 0.020833
