5 0.621875 0.632292 0.171875 0.235417
5 0.132031 0.611458 0.264062 0.193750
5 0.322656 0.772917 0.126562 0.241667
5 0.301563 0.226042 0.165625 0.106250
5 0.472656 0.187500 0.148438 0.095833
5 0.322656 0.087500 0.089063 0.141667
5 0.494531 0.530208 0.079687 0.122917
5 0.046094 0.077083 0.092188 0.116667
5 0.571094 0.410417 0.070312 0.087500
5 0.100000 0.338542 0.128125 0.102083
5 0.189844 0.110417 0.076563 0.083333
5 0.513281 0.763542 0.057813 0.081250
5 0.490625 0.078125 0.046875 0.127083
5 0.432812 0.443750 0.053125 0.095833
5 0.245312 0.346875 0.065625 0.068750
5 0.395313 0.339583 0.037500 0.070833
5 0.056250 0.216667 0.050000 0.066667
5 0.191406 0.765625 0.051562 0.047917
5 0.020313 0.465625 0.040625 0.077083
5 0.616406 0.294792 0.029687 0.060417
5 0.874219 0.280208 0.026562 0.081250
5 0.200000 0.445833 0.028125 0.045833
5 0.498437 0.939583 0.031250 0.045833
5 0.866406 0.171875 0.039062 0.035417
5 0.757031 0.345833 0.026562 0.045833
5 0.010156 0.258333 0.020313 0.062500
5 0.960938 0.355208 0.025000 0.043750
5 0.439844 0.640625 0.020313 0.060417
5 0.432031 0.066667 0.020313 0.066667
5 0.751563 0.142708 0.025000 0.068750
5 0.682813 0.933333 0.031250 0.037500
5 0.133594 0.800000 0.032813 0.037500
5 0.382031 0.015625 0.026562 0.031250
5 0.750781 0.263542 0.029687 0.027083
5 0.485156 0.387500 0.026562 0.025000
5 0.928125 0.796875 0.021875 0.031250
5 0.605469 0.052083 0.023438 0.029167
