5 0.225000 0.307292 0.131250 0.135417
5 0.209375 0.869792 0.168750 0.139583
5 0.916406 0.932292 0.095312 0.135417
5 0.814844 0.879167 0.089063 0.100000
5 0.425000 0.779167 0.059375 0.141667
5 0.368750 0.223958 0.075000 0.110417
5 0.846875 0.323958 0.046875 0.110417
5 0.717187 0.357292 0.068750 0.068750
5 0.722656 0.200000 0.085938 0.045833
5 0.898438 0.829167 0.046875 0.054167
5 0.960156 0.089583 0.051562 0.058333
5 0.370312 0.345833 0.040625 0.050000
5 0.404687 0.945833 0.025000 0.070833
5 0.322656 0.950000 0.032813 0.050000
5 0.444531 0.491667 0.026562 0.050000
5 0.432812 0.658333 0.018750 0.062500
5 0.985938 0.023958 0.028125 0.047917
5 0.479687 0.593750 0.028125 0.050000
5 0.489844 0.817708 0.026562 0.039583
5 0.728906 0.057292 0.035937 0.031250
5 0.325000 0.626042 0.025000 0.056250
5 0.792188 0.583333 0.021875 0.033333
5 0.594531 0.635417 0.017188 0.041667
5 0.267188 0.295833 0.021875 0.025000
5 0.917969 0.650000 0.017188 0.045833
5 0.881250 0.534375 0.018750 0.027083
5 0.609375 0.383333 0.015625 0.033333
5 0.726562 0.587500 0.018750 0.025000
5 0.887500 0.759375 0.012500 0.022917
