5 0.325781 0.714583 0.101562 0.079167
5 0.114844 0.272917 0.051562 0.058333
5 0.159375 0.370833 0.040625 0.075000
5 0.269531 0.095833 0.054688 0.037500
5 0.646094 0.492708 0.032813 0.043750
5 0.501563 0.760417 0.028125 0.050000
5 0.945312 0.493750 0.031250 0.037500
5 0.528125 0.943750 0.028125 0.041667
5 0.033594 0.097917 0.029687 0.037500
5 0.981250 0.688542 0.037500 0.027083
5 0.157812 0.219792 0.031250 0.035417
5 0.028125 0.265625 0.028125 0.035417
5 0.187500 0.504167 0.018750 0.041667
5 0.537500 0.806250 0.021875 0.029167
5 0.728906 0.587500 0.020313 0.025000
5 0.303906 0.328125 0.017188 0.022917
5 0.157812 0.505208 0.018750 0.022917
5 0.110937 0.463542 0.015625 0.027083
5 0.625000 0.415625 0.015625 0.022917
5 0.007812 0.210417 0.015625 0.020833
5 0.520312 0.431250 0.015625 0.020833
5 0.533594 0.185417 0.023438 0.012500
