5 0.030469 0.170833 0.060937 0.137500
5 0.087500 0.386458 0.075000 0.068750
5 0.153906 0.051042 0.057813 0.068750
5 0.550000 0.314583 0.028125 0.062500
5 0.044531 0.916667 0.032813 0.058333
5 0.075000 0.495833 0.040625 0.041667
5 0.181250 0.223958 0.031250 0.047917
5 0.778125 0.804167 0.056250 0.037500
5 0.480469 0.592708 0.029687 0.047917
5 0.356250 0.136458 0.034375 0.031250
5 0.433594 0.978125 0.026562 0.043750
5 0.610938 0.152083 0.025000 0.037500
5 0.184375 0.739583 0.034375 0.041667
5 0.723437 0.454167 0.015625 0.058333
5 0.238281 0.728125 0.020313 0.031250
5 0.155469 0.338542 0.020313 0.031250
5 0.626563 0.739583 0.028125 0.020833
5 0.252344 0.779167 0.020313 0.029167
5 0.754687 0.985417 0.025000 0.029167
5 0.615625 0.930208 0.021875 0.031250
5 0.325000 0.667708 0.025000 0.022917
5 0.385156 0.619792 0.017188 0.022917
5 0.169531 0.682292 0.017188 0.022917
5 0.378125 0.671875 0.015625 0.022917
5 0.030469 0.664583 0.014063 0.025000
5 0.118750 0.604167 0.015625 0.020833
