5 0.367969 0.529167 0.076563 0.064583
5 0.144922 0.688542 0.050781 0.093750
5 0.636719 0.167708 0.067187 0.054167
5 0.953906 0.981250 0.092188 0.037500
5 0.177734 0.520312 0.052344 0.044792
5 0.539062 0.825000 0.032813 0.079167
5 0.131250 0.826562 0.056250 0.048958
5 0.865625 0.902083 0.057813 0.029167
5 0.492578 0.883854 0.041406 0.034375
5 0.983203 0.026042 0.033594 0.043750
5 0.633203 0.929688 0.036719 0.032292
5 0.439063 0.761979 0.025000 0.040625
5 0.780078 0.551042 0.030469 0.045833
5 0.879297 0.793229 0.030469 0.032292
5 0.515234 0.736458 0.022656 0.035417
5 0.673438 0.509896 0.025000 0.030208
5 0.853125 0.744271 0.020313 0.026042
5 0.548438 0.627083 0.017188 0.029167
5 0.692969 0.630208 0.018750 0.022917
5 0.925781 0.796875 0.021875 0.016667
