5 0.179688 0.603125 0.100000 0.097917
5 0.108594 0.466667 0.048438 0.075000
5 0.732812 0.646875 0.034375 0.081250
5 0.435156 0.828125 0.035937 0.072917
5 0.527344 0.942708 0.042188 0.064583
5 0.644531 0.247917 0.051562 0.045833
5 0.567969 0.723958 0.035937 0.052083
5 0.579688 0.959375 0.031250 0.052083
5 0.254688 0.252083 0.028125 0.045833
5 0.439063 0.505208 0.031250 0.035417
5 0.550781 0.535417 0.026562 0.033333
5 0.414062 0.298958 0.028125 0.031250
5 0.485938 0.608333 0.025000 0.033333
5 0.753906 0.509375 0.023438 0.035417
5 0.598437 0.687500 0.025000 0.029167
5 0.705469 0.923958 0.023438 0.027083
5 0.867188 0.795833 0.018750 0.029167
5 0.638281 0.710417 0.020313 0.029167
5 0.815625 0.943750 0.018750 0.025000
5 0.524219 0.411458 0.017188 0.027083
