5 0.671875 0.682292 0.081250 0.043750
5 0.200000 0.802083 0.046875 0.066667
5 0.535937 0.445833 0.037500 0.050000
5 0.665625 0.554167 0.046875 0.041667
5 0.352344 0.604167 0.029687 0.045833
5 0.761719 0.175000 0.045312 0.029167
5 0.723437 0.432292 0.025000 0.047917
5 0.975781 0.058333 0.029687 0.045833
5 0.699219 0.610417 0.029687 0.037500
5 0.632031 0.432292 0.035937 0.027083
5 0.043750 0.958333 0.025000 0.037500
5 0.831250 0.445833 0.028125 0.033333
5 0.471875 0.522917 0.025000 0.033333
5 0.821875 0.189583 0.025000 0.029167
5 0.352344 0.520833 0.023438 0.033333
5 0.806250 0.654167 0.021875 0.029167
5 0.715625 0.328125 0.021875 0.031250
5 0.584375 0.444792 0.018750 0.022917
5 0.882031 0.091667 0.017188 0.016667
