5 0.198437 0.452083 0.056250 0.116667
5 0.980469 0.086458 0.039062 0.047917
5 0.962500 0.791667 0.037500 0.054167
5 0.024219 0.459375 0.026562 0.064583
5 0.116406 0.350000 0.032813 0.075000
5 0.692187 0.169792 0.031250 0.064583
5 0.910156 0.398958 0.026562 0.052083
5 0.804688 0.054167 0.031250 0.050000
5 0.259375 0.248958 0.031250 0.064583
5 0.607031 0.434375 0.029687 0.039583
5 0.314844 0.321875 0.020313 0.064583
5 0.410938 0.252083 0.031250 0.033333
5 0.142187 0.236458 0.046875 0.027083
5 0.214062 0.259375 0.025000 0.047917
5 0.467187 0.253125 0.031250 0.031250
5 0.706250 0.375000 0.025000 0.037500
5 0.865625 0.234375 0.031250 0.027083
5 0.030469 0.743750 0.023438 0.037500
5 0.158594 0.751042 0.026562 0.031250
5 0.251563 0.663542 0.021875 0.027083
5 0.653125 0.427083 0.018750 0.033333
5 0.387500 0.134375 0.018750 0.031250
5 0.251563 0.380208 0.021875 0.027083
5 0.912500 0.559375 0.025000 0.022917
5 0.137500 0.425000 0.021875 0.025000
5 0.085156 0.953125 0.020313 0.035417
5 0.866406 0.044792 0.017188 0.027083
5 0.869531 0.159375 0.020313 0.022917
5 0.483594 0.466667 0.023438 0.016667
5 0.935937 0.025000 0.021875 0.016667
5 0.358594 0.416667 0.014063 0.025000
