5 0.761719 0.455208 0.104688 0.072917
5 0.369531 0.338542 0.057813 0.102083
5 0.546875 0.321875 0.046875 0.060417
5 0.289844 0.303125 0.060937 0.056250
5 0.630469 0.462500 0.039062 0.050000
5 0.387500 0.415625 0.031250 0.047917
5 0.982031 0.661458 0.035937 0.035417
5 0.508594 0.187500 0.026562 0.054167
5 0.782031 0.864583 0.039062 0.041667
5 0.979688 0.718750 0.040625 0.041667
5 0.804688 0.509375 0.031250 0.031250
5 0.160156 0.215625 0.020313 0.056250
5 0.819531 0.379167 0.035937 0.037500
5 0.686719 0.353125 0.023438 0.035417
5 0.614062 0.397917 0.021875 0.037500
5 0.206250 0.206250 0.037500 0.041667
5 0.291406 0.986458 0.029687 0.027083
5 0.859375 0.554167 0.040625 0.020833
5 0.858594 0.312500 0.023438 0.029167
5 0.606250 0.247917 0.025000 0.025000
5 0.647656 0.250000 0.023438 0.029167
5 0.573438 0.425000 0.021875 0.025000
5 0.297656 0.198958 0.017188 0.031250
5 0.520312 0.817708 0.015625 0.022917
5 0.437500 0.210417 0.015625 0.020833
