5 0.553125 0.558333 0.053125 0.054167
5 0.585938 0.831250 0.056250 0.054167
5 0.637500 0.769792 0.034375 0.043750
5 0.572656 0.472917 0.029687 0.066667
5 0.339062 0.415625 0.031250 0.043750
5 0.753125 0.591667 0.037500 0.041667
5 0.245312 0.139583 0.034375 0.041667
5 0.384375 0.817708 0.021875 0.056250
5 0.099219 0.637500 0.035937 0.033333
5 0.192188 0.023958 0.028125 0.047917
5 0.308594 0.202083 0.029687 0.041667
5 0.659375 0.679167 0.031250 0.041667
5 0.676562 0.748958 0.031250 0.043750
5 0.378906 0.432292 0.026562 0.039583
5 0.013281 0.214583 0.026562 0.041667
5 0.356250 0.725000 0.021875 0.033333
5 0.338281 0.775000 0.023438 0.029167
5 0.262500 0.236458 0.025000 0.027083
5 0.246094 0.734375 0.023438 0.031250
5 0.188281 0.271875 0.026562 0.027083
5 0.206250 0.106250 0.021875 0.029167
5 0.077344 0.392708 0.023438 0.031250
5 0.323437 0.344792 0.021875 0.027083
5 0.120313 0.101042 0.028125 0.022917
5 0.517969 0.381250 0.020313 0.025000
5 0.306250 0.693750 0.018750 0.025000
5 0.614062 0.538542 0.018750 0.022917
5 0.362500 0.871875 0.015625 0.022917
5 0.210156 0.678125 0.017188 0.022917
5 0.178906 0.709375 0.020313 0.018750
5 0.402344 0.636458 0.014063 0.022917
