5 0.605469 0.302083 0.142187 0.208333
5 0.718750 0.675000 0.053125 0.087500
5 0.144531 0.245833 0.035937 0.062500
5 0.578125 0.167708 0.050000 0.043750
5 0.550781 0.832292 0.035937 0.052083
5 0.144531 0.111458 0.029687 0.056250
5 0.118750 0.156250 0.025000 0.062500
5 0.485156 0.308333 0.026562 0.037500
5 0.609375 0.792708 0.028125 0.031250
5 0.235156 0.466667 0.023438 0.037500
5 0.467969 0.544792 0.026562 0.043750
5 0.676562 0.197917 0.028125 0.033333
5 0.914062 0.489583 0.025000 0.029167
5 0.225781 0.513542 0.026562 0.022917
5 0.296094 0.605208 0.020313 0.027083
5 0.275000 0.364583 0.018750 0.029167
5 0.413281 0.764583 0.023438 0.016667
5 0.179688 0.403125 0.018750 0.022917
5 0.444531 0.290625 0.014063 0.022917
