5 0.462500 0.154167 0.025000 0.062500
5 0.536719 0.634375 0.035937 0.043750
5 0.666406 0.376042 0.026562 0.039583
5 0.378906 0.367708 0.039062 0.047917
5 0.515625 0.467708 0.028125 0.022917
5 0.761719 0.610417 0.035937 0.033333
5 0.539844 0.717708 0.020313 0.035417
5 0.238281 0.238542 0.023438 0.018750
5 0.844531 0.780208 0.020313 0.022917
5 0.021875 0.888542 0.018750 0.022917
5 0.427344 0.279167 0.017188 0.025000
5 0.766406 0.202083 0.017188 0.020833
5 0.299219 0.181250 0.017188 0.020833
5 0.841406 0.466667 0.014063 0.020833
