5 0.309375 0.317708 0.096875 0.127083
5 0.315625 0.918750 0.084375 0.095833
5 0.532813 0.707292 0.071875 0.064583
5 0.639062 0.338542 0.053125 0.064583
5 0.507812 0.160417 0.059375 0.066667
5 0.504687 0.459375 0.046875 0.052083
5 0.037500 0.439583 0.075000 0.045833
5 0.707812 0.186458 0.037500 0.064583
5 0.264062 0.848958 0.037500 0.056250
5 0.774219 0.575000 0.035937 0.045833
5 0.774219 0.160417 0.039062 0.041667
5 0.414062 0.497917 0.025000 0.066667
5 0.353906 0.637500 0.026562 0.041667
5 0.925781 0.561458 0.026562 0.035417
5 0.872656 0.310417 0.032813 0.045833
5 0.099219 0.575000 0.023438 0.037500
5 0.629687 0.409375 0.025000 0.035417
5 0.131250 0.313542 0.025000 0.031250
5 0.586719 0.429167 0.020313 0.041667
5 0.487500 0.091667 0.025000 0.029167
5 0.008594 0.182292 0.017188 0.039583
5 0.443750 0.016667 0.021875 0.033333
5 0.346875 0.060417 0.018750 0.033333
5 0.385156 0.938542 0.017188 0.031250
5 0.316406 0.732292 0.023438 0.027083
5 0.566406 0.285417 0.023438 0.029167
5 0.303125 0.684375 0.018750 0.027083
5 0.192188 0.117708 0.018750 0.027083
5 0.509375 0.218750 0.018750 0.025000
5 0.240625 0.720833 0.015625 0.029167
5 0.432031 0.709375 0.017188 0.022917
5 0.451562 0.859375 0.021875 0.018750
5 0.443750 0.116667 0.018750 0.020833
5 0.168750 0.620833 0.015625 0.020833
5 0.822656 0.818750 0.010937 0.029167
