5 0.873047 0.417187 0.149219 0.180208
5 0.609766 0.290104 0.080469 0.084375
5 0.038281 0.964583 0.076563 0.070833
5 0.226953 0.206771 0.044531 0.115625
5 0.787500 0.679688 0.059375 0.071875
5 0.026953 0.786979 0.053906 0.088542
5 0.612109 0.488542 0.052344 0.072917
5 0.696875 0.071875 0.053125 0.062500
5 0.164453 0.535417 0.047656 0.058333
5 0.701953 0.647917 0.050781 0.068750
5 0.220312 0.666667 0.039062 0.047917
5 0.631250 0.363542 0.040625 0.050000
5 0.103516 0.829167 0.039844 0.062500
5 0.479297 0.621875 0.041406 0.050000
5 0.167969 0.711979 0.050000 0.046875
5 0.360156 0.052604 0.031250 0.057292
5 0.669141 0.477604 0.036719 0.053125
5 0.150781 0.224479 0.042188 0.038542
5 0.174609 0.900000 0.036719 0.045833
5 0.723828 0.988021 0.067969 0.023958
5 0.431250 0.174479 0.034375 0.036458
5 0.355078 0.978646 0.033594 0.042708
5 0.112109 0.982812 0.039844 0.034375
5 0.818359 0.761979 0.036719 0.032292
5 0.555469 0.177083 0.031250 0.039583
5 0.735547 0.260937 0.025781 0.042708
5 0.250391 0.508854 0.028906 0.040625
5 0.581641 0.749479 0.030469 0.036458
5 0.246484 0.941146 0.028906 0.030208
5 0.457031 0.859375 0.023438 0.035417
5 0.733203 0.928125 0.021094 0.020833
