5 0.284375 0.869792 0.181250 0.131250
5 0.346875 0.315625 0.106250 0.122917
5 0.480469 0.822917 0.051562 0.141667
5 0.487500 0.231250 0.065625 0.100000
5 0.946875 0.445833 0.050000 0.108333
5 0.832812 0.450000 0.068750 0.070833
5 0.964063 0.964583 0.043750 0.054167
5 0.501563 0.372917 0.040625 0.050000
5 0.877344 0.309375 0.042188 0.043750
5 0.863281 0.979167 0.057813 0.041667
5 0.383594 0.960417 0.035937 0.050000
5 0.457813 0.970833 0.043750 0.041667
5 0.535937 0.507292 0.034375 0.035417
5 0.528906 0.695833 0.020313 0.058333
5 0.810156 0.291667 0.042188 0.029167
5 0.560937 0.630208 0.034375 0.035417
5 0.373437 0.630208 0.025000 0.056250
5 0.874219 0.154167 0.029687 0.037500
5 0.986719 0.664583 0.026562 0.025000
5 0.546875 0.863542 0.021875 0.031250
5 0.975000 0.770833 0.018750 0.041667
5 0.696875 0.709375 0.018750 0.035417
5 0.883594 0.690625 0.020313 0.027083
5 0.826562 0.689583 0.015625 0.029167
5 0.181250 0.988542 0.015625 0.022917
5 0.730469 0.470833 0.014063 0.029167
5 0.907813 0.991667 0.018750 0.016667
