5 0.825000 0.533333 0.125000 0.175000
5 0.271875 0.539583 0.062500 0.158333
5 0.730469 0.739583 0.076563 0.237500
5 0.487500 0.257292 0.071875 0.106250
5 0.806250 0.687500 0.062500 0.070833
5 0.633594 0.167708 0.057813 0.072917
5 0.636719 0.940625 0.048438 0.077083
5 0.917188 0.658333 0.037500 0.066667
5 0.529687 0.710417 0.050000 0.091667
5 0.611719 0.268750 0.042188 0.058333
5 0.352344 0.521875 0.035937 0.060417
5 0.682813 0.114583 0.034375 0.058333
5 0.414062 0.560417 0.025000 0.066667
5 0.398438 0.971875 0.040625 0.056250
5 0.872656 0.647917 0.035937 0.041667
5 0.732812 0.138542 0.040625 0.031250
5 0.635938 0.816667 0.031250 0.041667
5 0.249219 0.873958 0.026562 0.052083
5 0.732812 0.901042 0.031250 0.047917
5 0.487500 0.661458 0.021875 0.043750
5 0.856250 0.835417 0.018750 0.033333
5 0.155469 0.916667 0.020313 0.025000
5 0.845313 0.245833 0.015625 0.025000
