5 0.208203 0.354167 0.214844 0.312500
5 0.319141 0.061458 0.291406 0.122917
5 0.279297 0.606250 0.094531 0.081250
5 0.358594 0.210938 0.078125 0.113542
5 0.424609 0.830729 0.096094 0.103125
5 0.382031 0.596875 0.089063 0.087500
5 0.176563 0.801562 0.081250 0.073958
5 0.469531 0.127604 0.060937 0.073958
5 0.601562 0.869792 0.039062 0.083333
5 0.602734 0.622917 0.038281 0.066667
5 0.191406 0.590104 0.054688 0.073958
5 0.574609 0.284375 0.039844 0.056250
5 0.775781 0.713542 0.042188 0.045833
5 0.297266 0.776563 0.038281 0.040625
5 0.017969 0.491146 0.035937 0.044792
5 0.331641 0.459375 0.038281 0.035417
5 0.603125 0.684896 0.032813 0.036458
5 0.223828 0.743750 0.032031 0.033333
