5 0.094922 0.655729 0.152344 0.442708
5 0.619141 0.452604 0.258594 0.176042
5 0.640625 0.238542 0.200000 0.133333
5 0.364844 0.063542 0.140625 0.127083
5 0.363672 0.861979 0.055469 0.203125
5 0.395703 0.411979 0.108594 0.076042
5 0.283984 0.885417 0.047656 0.116667
5 0.395703 0.599479 0.088281 0.090625
5 0.111719 0.023958 0.076563 0.047917
5 0.280469 0.437500 0.076563 0.068750
5 0.609375 0.033333 0.059375 0.066667
5 0.504297 0.255208 0.049219 0.060417
5 0.398828 0.718750 0.050781 0.043750
5 0.585547 0.568750 0.038281 0.060417
5 0.457813 0.847917 0.031250 0.052083
5 0.138281 0.982292 0.039062 0.035417
5 0.167187 0.847396 0.039062 0.034375
5 0.079687 0.213542 0.026562 0.041667
5 0.461719 0.150000 0.045312 0.037500
5 0.033984 0.122396 0.032031 0.042708
5 0.699609 0.837500 0.025781 0.033333
