5 0.432422 0.814583 0.077344 0.189583
5 0.778516 0.346354 0.077344 0.059375
5 0.466406 0.488542 0.098437 0.066667
5 0.660937 0.444271 0.054688 0.065625
5 0.480469 0.171354 0.040625 0.044792
5 0.344922 0.035937 0.033594 0.046875
5 0.343750 0.579167 0.028125 0.056250
5 0.940234 0.033333 0.050781 0.066667
5 0.477734 0.652604 0.028906 0.057292
5 0.208203 0.129167 0.039844 0.037500
5 0.393750 0.400000 0.032813 0.039583
5 0.541797 0.488021 0.025781 0.044792
5 0.125781 0.111458 0.032813 0.031250
5 0.698828 0.106250 0.028906 0.033333
5 0.398828 0.115625 0.052344 0.025000
5 0.529297 0.145833 0.038281 0.022917
5 0.075000 0.318750 0.025000 0.033333
5 0.564063 0.837500 0.023438 0.033333
5 0.521094 0.742188 0.020313 0.021875
5 0.739844 0.635417 0.028125 0.016667
