5 0.764062 0.163542 0.078125 0.081250
5 0.832812 0.539583 0.050000 0.070833
5 0.825000 0.132292 0.043750 0.064583
5 0.955469 0.136458 0.039062 0.064583
5 0.293750 0.822917 0.046875 0.070833
5 0.617188 0.238542 0.059375 0.056250
5 0.327344 0.694792 0.039062 0.047917
5 0.914062 0.333333 0.040625 0.037500
5 0.402344 0.711458 0.026562 0.047917
5 0.360156 0.534375 0.032813 0.047917
5 0.893750 0.663542 0.028125 0.035417
5 0.716406 0.093750 0.029687 0.033333
5 0.710938 0.315625 0.031250 0.035417
5 0.620313 0.400000 0.025000 0.029167
5 0.493750 0.643750 0.021875 0.029167
5 0.673438 0.137500 0.028125 0.025000
5 0.909375 0.385417 0.018750 0.033333
5 0.660937 0.557292 0.021875 0.027083
5 0.399219 0.931250 0.026562 0.020833
5 0.638281 0.143750 0.020313 0.020833
5 0.869531 0.404167 0.023438 0.016667
5 0.513281 0.600000 0.017188 0.020833
5 0.057031 0.992708 0.023438 0.014583
5 0.144531 0.159375 0.017188 0.018750
5 0.333594 0.577083 0.014063 0.020833
5 0.553125 0.267708 0.012500 0.022917
