5 0.357812 0.613542 0.096875 0.231250
5 0.657031 0.269792 0.095312 0.168750
5 0.704688 0.490625 0.112500 0.102083
5 0.827344 0.640625 0.070312 0.102083
5 0.503906 0.419792 0.092188 0.131250
5 0.214062 0.721875 0.059375 0.077083
5 0.676562 0.965625 0.075000 0.068750
5 0.660156 0.355208 0.057813 0.102083
5 0.325000 0.168750 0.059375 0.091667
5 0.476562 0.117708 0.040625 0.077083
5 0.977344 0.128125 0.045312 0.064583
5 0.785156 0.075000 0.035937 0.054167
5 0.428906 0.178125 0.029687 0.052083
5 0.550000 0.528125 0.050000 0.039583
5 0.039844 0.018750 0.032813 0.037500
5 0.577344 0.156250 0.032813 0.041667
5 0.181250 0.800000 0.028125 0.037500
5 0.582031 0.364583 0.023438 0.037500
5 0.767969 0.472917 0.026562 0.033333
5 0.314063 0.750000 0.021875 0.029167
5 0.653125 0.707292 0.018750 0.035417
5 0.360938 0.257292 0.018750 0.031250
5 0.921875 0.596875 0.018750 0.031250
5 0.609375 0.405208 0.018750 0.027083
5 0.566406 0.325000 0.017188 0.033333
5 0.990625 0.435417 0.018750 0.025000
5 0.876563 0.591667 0.018750 0.025000
5 0.194531 0.386458 0.017188 0.031250
5 0.871875 0.083333 0.015625 0.029167
5 0.288281 0.690625 0.014063 0.027083
5 0.680469 0.860417 0.017188 0.020833
