5 0.578125 0.439583 0.059375 0.079167
5 0.326562 0.876042 0.059375 0.068750
5 0.437500 0.256250 0.059375 0.116667
5 0.888281 0.879167 0.060937 0.045833
5 0.412500 0.184375 0.059375 0.043750
5 0.981250 0.960417 0.037500 0.041667
5 0.631250 0.601042 0.034375 0.056250
5 0.758594 0.546875 0.035937 0.039583
5 0.788281 0.504167 0.029687 0.037500
5 0.541406 0.744792 0.026562 0.039583
5 0.305469 0.312500 0.035937 0.033333
5 0.535937 0.251042 0.028125 0.039583
5 0.829688 0.857292 0.031250 0.035417
5 0.851562 0.794792 0.028125 0.035417
5 0.649219 0.312500 0.035937 0.025000
5 0.788281 0.898958 0.023438 0.047917
5 0.728906 0.930208 0.023438 0.031250
5 0.254688 0.189583 0.021875 0.029167
5 0.822656 0.719792 0.035937 0.035417
5 0.218750 0.121875 0.025000 0.031250
5 0.171094 0.063542 0.017188 0.035417
5 0.378906 0.395833 0.023438 0.025000
5 0.186719 0.150000 0.017188 0.025000
5 0.486719 0.164583 0.017188 0.020833
5 0.629687 0.261458 0.018750 0.018750
5 0.570312 0.185417 0.015625 0.020833
5 0.421094 0.807292 0.014063 0.022917
