5 0.169531 0.229167 0.245312 0.129167
5 0.349219 0.783333 0.114062 0.091667
5 0.370312 0.137500 0.100000 0.108333
5 0.260156 0.067708 0.095312 0.102083
5 0.544531 0.125000 0.064062 0.104167
5 0.853125 0.887500 0.050000 0.116667
5 0.698438 0.682292 0.081250 0.081250
5 0.359375 0.264583 0.046875 0.075000
5 0.639844 0.408333 0.048438 0.058333
5 0.249219 0.587500 0.048438 0.050000
5 0.603906 0.158333 0.032813 0.075000
5 0.300781 0.686458 0.042188 0.056250
5 0.199219 0.296875 0.032813 0.064583
5 0.267188 0.498958 0.037500 0.056250
5 0.535156 0.219792 0.029687 0.056250
5 0.646875 0.581250 0.031250 0.054167
5 0.942969 0.479167 0.023438 0.070833
5 0.143750 0.530208 0.025000 0.022917
5 0.045312 0.073958 0.021875 0.018750
5 0.131250 0.595833 0.018750 0.020833
