5 0.316406 0.445833 0.070312 0.066667
5 0.416406 0.366667 0.060937 0.050000
5 0.475781 0.954167 0.057813 0.058333
5 0.617188 0.845833 0.059375 0.037500
5 0.743750 0.734375 0.037500 0.056250
5 0.672656 0.691667 0.039062 0.041667
5 0.481250 0.261458 0.025000 0.064583
5 0.567187 0.126042 0.031250 0.052083
5 0.602344 0.375000 0.029687 0.041667
5 0.380469 0.075000 0.029687 0.037500
5 0.872656 0.230208 0.026562 0.039583
5 0.076563 0.243750 0.025000 0.037500
5 0.026562 0.821875 0.018750 0.047917
5 0.790625 0.704167 0.025000 0.033333
5 0.789062 0.387500 0.025000 0.029167
5 0.214844 0.016667 0.020313 0.033333
5 0.088281 0.806250 0.020313 0.029167
5 0.635938 0.207292 0.015625 0.031250
5 0.868750 0.390625 0.021875 0.022917
5 0.767969 0.322917 0.017188 0.025000
