5 0.508594 0.751042 0.042188 0.156250
5 0.486719 0.091667 0.057813 0.108333
5 0.697656 0.259375 0.054688 0.072917
5 0.500781 0.179167 0.045312 0.050000
5 0.484375 0.354167 0.050000 0.058333
5 0.200000 0.142708 0.040625 0.060417
5 0.477344 0.905208 0.051562 0.043750
5 0.339062 0.279167 0.031250 0.050000
5 0.014844 0.487500 0.029687 0.033333
5 0.291406 0.541667 0.026562 0.045833
5 0.542969 0.039583 0.023438 0.045833
5 0.869531 0.409375 0.026562 0.035417
5 0.324219 0.435417 0.023438 0.033333
5 0.239844 0.408333 0.023438 0.033333
5 0.651563 0.142708 0.021875 0.035417
5 0.181250 0.696875 0.021875 0.031250
5 0.254688 0.888542 0.021875 0.027083
5 0.300781 0.265625 0.023438 0.022917
5 0.937500 0.407292 0.021875 0.022917
5 0.291406 0.212500 0.014063 0.029167
5 0.691406 0.126042 0.017188 0.022917
5 0.182031 0.513542 0.017188 0.018750
5 0.375781 0.012500 0.014063 0.025000
