5 0.183594 0.421875 0.110937 0.177083
5 0.342969 0.236458 0.107813 0.118750
5 0.869531 0.065625 0.139063 0.131250
5 0.171094 0.621875 0.057813 0.122917
5 0.968750 0.480208 0.037500 0.135417
5 0.842969 0.225000 0.048438 0.050000
5 0.980469 0.117708 0.039062 0.060417
5 0.757812 0.113542 0.040625 0.052083
5 0.289062 0.917708 0.034375 0.047917
5 0.838281 0.355208 0.026562 0.043750
5 0.907813 0.351042 0.025000 0.052083
5 0.636719 0.631250 0.026562 0.045833
5 0.189844 0.753125 0.023438 0.035417
5 0.671875 0.829167 0.025000 0.033333
5 0.629687 0.206250 0.025000 0.033333
5 0.910937 0.414583 0.028125 0.025000
5 0.567969 0.405208 0.020313 0.031250
5 0.250781 0.670833 0.020313 0.029167
5 0.398438 0.917708 0.015625 0.035417
5 0.172656 0.794792 0.023438 0.018750
5 0.807031 0.423958 0.017188 0.022917
5 0.428906 0.664583 0.017188 0.020833
5 0.638281 0.734375 0.014063 0.022917
5 0.717187 0.363542 0.012500 0.022917
