5 0.630859 0.698958 0.161719 0.168750
5 0.431641 0.660417 0.192969 0.141667
5 0.729688 0.145313 0.131250 0.165625
5 0.175000 0.104167 0.110937 0.114583
5 0.241406 0.277604 0.092188 0.130208
5 0.664844 0.359896 0.087500 0.115625
5 0.366406 0.321875 0.071875 0.079167
5 0.900000 0.347396 0.060937 0.073958
5 0.952344 0.066667 0.043750 0.077083
5 0.293359 0.523958 0.041406 0.062500
5 0.920703 0.942187 0.047656 0.044792
5 0.155859 0.668229 0.049219 0.042708
5 0.696875 0.019271 0.050000 0.038542
5 0.744141 0.688542 0.042969 0.052083
5 0.168750 0.198958 0.031250 0.052083
5 0.242578 0.172396 0.039844 0.034375
5 0.143750 0.837500 0.031250 0.033333
5 0.296484 0.192708 0.032031 0.043750
5 0.872266 0.570833 0.027344 0.027083
5 0.944922 0.605208 0.036719 0.020833
5 0.737109 0.854167 0.022656 0.027083
5 0.849609 0.729688 0.017969 0.034375
5 0.895312 0.407813 0.020313 0.032292
5 0.607812 0.384375 0.023438 0.020833
5 0.353516 0.848958 0.022656 0.018750
