5 0.185156 0.638542 0.032813 0.102083
5 0.364844 0.536458 0.048438 0.072917
5 0.983594 0.502083 0.032813 0.062500
5 0.057813 0.121875 0.034375 0.043750
5 0.367969 0.346875 0.042188 0.039583
5 0.850781 0.427083 0.029687 0.050000
5 0.664062 0.637500 0.034375 0.041667
5 0.854688 0.237500 0.028125 0.045833
5 0.303125 0.452083 0.025000 0.037500
5 0.335938 0.134375 0.021875 0.039583
5 0.596875 0.523958 0.028125 0.022917
5 0.821875 0.366667 0.025000 0.025000
5 0.669531 0.722917 0.017188 0.020833
5 0.967187 0.901042 0.015625 0.022917
