5 0.328125 0.317708 0.081250 0.043750
5 0.800000 0.197917 0.046875 0.066667
5 0.464062 0.554167 0.037500 0.050000
5 0.334375 0.445833 0.046875 0.041667
5 0.647656 0.395833 0.029687 0.045833
5 0.238281 0.825000 0.045312 0.029167
5 0.276562 0.567708 0.025000 0.047917
5 0.024219 0.941667 0.029687 0.045833
5 0.300781 0.389583 0.029687 0.037500
5 0.367969 0.567708 0.035937 0.027083
5 0.956250 0.041667 0.025000 0.037500
5 0.168750 0.554167 0.028125 0.033333
5 0.528125 0.477083 0.025000 0.033333
5 0.178125 0.810417 0.025000 0.029167
5 0.647656 0.479167 0.023438 0.033333
5 0.193750 0.345833 0.021875 0.029167
5 0.284375 0.671875 0.021875 0.031250
5 0.415625 0.555208 0.018750 0.022917
5 0.117969 0.908333 0.017188 0.016667
