5 0.278906 0.585417 0.067187 0.116667
5 0.345313 0.946875 0.056250 0.106250
5 0.876563 0.141667 0.037500 0.070833
5 0.921094 0.136458 0.029687 0.035417
5 0.754687 0.621875 0.028125 0.043750
5 0.893750 0.210417 0.031250 0.045833
5 0.689063 0.252083 0.018750 0.054167
5 0.674219 0.864583 0.029687 0.045833
5 0.838281 0.892708 0.026562 0.035417
5 0.425000 0.457292 0.025000 0.031250
5 0.292969 0.062500 0.017188 0.045833
5 0.324219 0.487500 0.032813 0.029167
5 0.807031 0.177083 0.029687 0.025000
5 0.118750 0.673958 0.018750 0.035417
5 0.539062 0.356250 0.034375 0.025000
5 0.697656 0.651042 0.020313 0.031250
5 0.080469 0.730208 0.029687 0.022917
5 0.845313 0.200000 0.015625 0.037500
5 0.398438 0.898958 0.021875 0.027083
5 0.009375 0.511458 0.018750 0.027083
5 0.735938 0.851042 0.028125 0.018750
5 0.738281 0.409375 0.017188 0.027083
5 0.474219 0.712500 0.017188 0.025000
5 0.783594 0.779167 0.017188 0.025000
5 0.289844 0.409375 0.017188 0.022917
5 0.068750 0.768750 0.018750 0.020833
5 0.514844 0.518750 0.017188 0.020833
5 0.017188 0.580208 0.018750 0.018750
5 0.569531 0.680208 0.014063 0.022917
