5 0.596094 0.765625 0.148438 0.122917
5 0.330469 0.688542 0.128125 0.172917
5 0.457422 0.794792 0.092969 0.122917
5 0.330469 0.164062 0.096875 0.123958
5 0.943750 0.951562 0.112500 0.096875
5 0.790234 0.666146 0.050781 0.059375
5 0.758984 0.578646 0.038281 0.069792
5 0.159766 0.522917 0.044531 0.039583
5 0.601172 0.858333 0.039844 0.035417
5 0.623437 0.569792 0.029687 0.039583
5 0.276562 0.277604 0.032813 0.038542
5 0.746094 0.382292 0.032813 0.041667
5 0.521875 0.929167 0.037500 0.037500
5 0.421094 0.984896 0.042188 0.030208
5 0.923438 0.579167 0.023438 0.041667
5 0.762891 0.928646 0.025781 0.036458
5 0.473828 0.983333 0.019531 0.018750
