0 0.734766 0.550521 0.074219 0.176042
0 0.408984 0.830729 0.074219 0.188542
0 0.616016 0.913542 0.061719 0.081250
0 0.539062 0.163542 0.067187 0.079167
0 0.406641 0.415625 0.055469 0.037500
0 0.612109 0.344792 0.044531 0.106250
0 0.821094 0.348958 0.035937 0.041667
0 0.305859 0.283854 0.027344 0.034375
0 0.600781 0.562500 0.025000 0.041667
0 0.400000 0.354167 0.025000 0.031250
0 0.701172 0.641667 0.011719 0.027083
0 0.429297 0.872396 0.011719 0.023958
0 0.185156 0.030729 0.012500 0.023958
0 0.721875 0.519271 0.017188 0.017708
