0 0.410938 0.612500 0.153125 0.202083
0 0.156641 0.922396 0.125781 0.115625
0 0.043359 0.244792 0.086719 0.164583
0 0.771094 0.788542 0.098437 0.156250
0 0.072656 0.407813 0.145313 0.082292
0 0.721875 0.338542 0.068750 0.089583
0 0.027734 0.546875 0.055469 0.079167
0 0.518359 0.843750 0.077344 0.045833
0 0.454297 0.926042 0.049219 0.047917
0 0.980859 0.527604 0.038281 0.053125
0 0.963281 0.311979 0.051562 0.034375
0 0.553125 0.758333 0.056250 0.062500
0 0.676172 0.876042 0.033594 0.041667
0 0.502734 0.976562 0.030469 0.046875
0 0.860547 0.556250 0.028906 0.025000
0 0.144922 0.599479 0.025781 0.023958
0 0.429688 0.621875 0.018750 0.025000
