0 0.807031 0.709375 0.160938 0.110417
0 0.135937 0.142708 0.096875 0.127083
0 0.954688 0.937500 0.090625 0.100000
0 0.308594 0.852083 0.095312 0.087500
0 0.978125 0.805208 0.043750 0.114583
0 0.890625 0.473958 0.068750 0.089583
0 0.781250 0.591667 0.065625 0.066667
0 0.336719 0.658333 0.029687 0.079167
0 0.348438 0.127083 0.043750 0.054167
0 0.406250 0.334375 0.031250 0.060417
0 0.557813 0.869792 0.046875 0.035417
0 0.591406 0.253125 0.035937 0.047917
0 0.621094 0.561458 0.039062 0.039583
0 0.597656 0.613542 0.035937 0.039583
0 0.505469 0.916667 0.026562 0.045833
0 0.841406 0.247917 0.032813 0.033333
0 0.057813 0.556250 0.025000 0.037500
0 0.732031 0.931250 0.026562 0.037500
0 0.632812 0.506250 0.025000 0.033333
0 0.452344 0.409375 0.029687 0.027083
0 0.156250 0.263542 0.034375 0.031250
0 0.862500 0.335417 0.028125 0.025000
0 0.103125 0.414583 0.028125 0.029167
0 0.478125 0.291667 0.018750 0.033333
0 0.413281 0.011458 0.023438 0.022917
0 0.051562 0.639583 0.021875 0.041667
0 0.767969 0.785417 0.017188 0.033333
0 0.568750 0.127083 0.015625 0.029167
0 0.510156 0.407292 0.029687 0.018750
0 0.664062 0.303125 0.012500 0.031250
0 0.282813 0.798958 0.018750 0.027083
0 0.547656 0.612500 0.023438 0.016667
0 0.910156 0.885417 0.017188 0.020833
0 0.564844 0.748958 0.017188 0.022917
0 0.582031 0.197917 0.020313 0.016667
