0 0.558203 0.354687 0.110156 0.244792
0 0.693750 0.848437 0.139063 0.144792
0 0.530859 0.928125 0.121094 0.143750
0 0.200000 0.852604 0.115625 0.086458
0 0.740234 0.540104 0.091406 0.130208
0 0.475000 0.609896 0.062500 0.084375
0 0.226172 0.086979 0.077344 0.084375
0 0.154297 0.444271 0.058594 0.090625
0 0.826562 0.313021 0.079687 0.088542
0 0.639844 0.081250 0.056250 0.070833
0 0.456641 0.246354 0.074219 0.073958
0 0.191797 0.651563 0.064844 0.078125
0 0.391406 0.106771 0.056250 0.059375
0 0.146484 0.547917 0.053906 0.043750
0 0.369922 0.875521 0.042969 0.059375
0 0.293359 0.935937 0.033594 0.051042
0 0.337500 0.204167 0.039062 0.035417
0 0.048438 0.325000 0.028125 0.025000
0 0.774219 0.897917 0.017188 0.031250
0 0.862891 0.977604 0.028906 0.017708
0 0.397656 0.396875 0.023438 0.018750
