0 0.332813 0.793750 0.106250 0.245833
0 0.739844 0.880208 0.092188 0.156250
0 0.495312 0.082292 0.056250 0.068750
0 0.590625 0.789583 0.068750 0.058333
0 0.494531 0.522917 0.051562 0.045833
0 0.403125 0.429167 0.028125 0.045833
0 0.845313 0.305208 0.034375 0.027083
0 0.753125 0.395833 0.028125 0.029167
0 0.560156 0.290625 0.039062 0.018750
0 0.735156 0.350000 0.017188 0.037500
0 0.624219 0.444792 0.026562 0.039583
0 0.435156 0.838542 0.020313 0.031250
0 0.058594 0.954167 0.023438 0.020833
0 0.195312 0.281250 0.018750 0.025000
0 0.373437 0.493750 0.015625 0.025000
0 0.723437 0.630208 0.015625 0.027083
0 0.382812 0.388542 0.015625 0.027083
