0 0.105469 0.536979 0.106250 0.165625
0 0.654297 0.233854 0.119531 0.205208
0 0.817578 0.670312 0.146094 0.196875
0 0.740625 0.470833 0.101562 0.189583
0 0.419141 0.540625 0.142969 0.177083
0 0.424219 0.705208 0.125000 0.116667
0 0.548047 0.782813 0.089844 0.173958
0 0.046875 0.368750 0.093750 0.135417
0 0.480859 0.377083 0.044531 0.056250
0 0.273828 0.265625 0.077344 0.033333
0 0.464453 0.119271 0.033594 0.046875
0 0.944531 0.751563 0.021875 0.048958
0 0.738281 0.781771 0.031250 0.044792
0 0.560937 0.382292 0.034375 0.039583
0 0.167578 0.199479 0.024219 0.042708
0 0.837109 0.423438 0.024219 0.042708
0 0.854688 0.080208 0.021875 0.037500
0 0.329297 0.188542 0.014844 0.035417
0 0.094531 0.553646 0.018750 0.023958
