0 0.089063 0.254167 0.178125 0.162500
0 0.847656 0.531250 0.154688 0.229167
0 0.789062 0.835417 0.078125 0.091667
0 0.723437 0.103125 0.096875 0.081250
0 0.037500 0.060417 0.075000 0.100000
0 0.237500 0.282292 0.046875 0.052083
0 0.660156 0.014583 0.076563 0.029167
0 0.706250 0.192708 0.062500 0.081250
0 0.100781 0.079167 0.042188 0.041667
0 0.902344 0.136458 0.032813 0.035417
0 0.834375 0.180208 0.031250 0.047917
0 0.907813 0.554167 0.037500 0.033333
0 0.834375 0.986458 0.034375 0.027083
0 0.619531 0.180208 0.032813 0.035417
0 0.966406 0.348958 0.026562 0.027083
0 0.415625 0.021875 0.018750 0.043750
0 0.763281 0.189583 0.029687 0.037500
0 0.638281 0.102083 0.029687 0.029167
0 0.788281 0.461458 0.017188 0.035417
0 0.192969 0.204167 0.017188 0.025000
