0 0.460938 0.403125 0.140625 0.247917
0 0.583594 0.170833 0.064062 0.083333
0 0.461719 0.872917 0.089063 0.070833
0 0.474219 0.796875 0.101562 0.093750
0 0.014063 0.229167 0.028125 0.054167
0 0.497656 0.981250 0.051562 0.037500
0 0.575000 0.861458 0.040625 0.035417
0 0.287500 0.428125 0.031250 0.052083
0 0.960938 0.935417 0.021875 0.045833
0 0.493750 0.504167 0.025000 0.033333
0 0.392969 0.781250 0.026562 0.025000
0 0.316406 0.828125 0.014063 0.039583
0 0.400781 0.364583 0.023438 0.033333
0 0.210156 0.258333 0.020313 0.020833
