0 0.848437 0.622917 0.114062 0.204167
0 0.275781 0.834896 0.109375 0.163542
0 0.925391 0.867708 0.092969 0.172917
0 0.177344 0.344792 0.107813 0.193750
0 0.587109 0.892188 0.146094 0.171875
0 0.234375 0.661979 0.093750 0.138542
0 0.469922 0.133854 0.066406 0.078125
0 0.614844 0.057813 0.043750 0.067708
0 0.664453 0.742708 0.046094 0.052083
0 0.440234 0.462500 0.077344 0.037500
0 0.672656 0.482292 0.035937 0.052083
0 0.366797 0.515625 0.027344 0.041667
0 0.987891 0.714583 0.024219 0.041667
0 0.745313 0.760417 0.034375 0.035417
0 0.189844 0.313021 0.029687 0.040625
0 0.530078 0.530729 0.016406 0.038542
0 0.253516 0.013021 0.025781 0.026042
0 0.263672 0.857812 0.021094 0.023958
0 0.941406 0.350521 0.017188 0.026042
0 0.267969 0.805729 0.012500 0.023958
