0 0.367188 0.378125 0.112500 0.081250
0 0.940625 0.596875 0.065625 0.060417
0 0.185156 0.189583 0.057813 0.112500
0 0.121875 0.218750 0.053125 0.112500
0 0.202344 0.094792 0.039062 0.039583
0 0.329688 0.629167 0.037500 0.041667
0 0.236719 0.151042 0.039062 0.035417
0 0.985938 0.658333 0.028125 0.037500
0 0.683594 0.684375 0.026562 0.031250
0 0.734375 0.377083 0.021875 0.037500
0 0.409375 0.882292 0.018750 0.035417
0 0.779687 0.754167 0.025000 0.029167
0 0.683594 0.430208 0.014063 0.031250
0 0.594531 0.455208 0.023438 0.018750
0 0.171875 0.380208 0.018750 0.022917
0 0.514062 0.157292 0.012500 0.022917
