0 0.652344 0.215625 0.070312 0.077083
0 0.027344 0.558333 0.054688 0.045833
0 0.490625 0.252083 0.056250 0.050000
0 0.184375 0.593750 0.037500 0.054167
0 0.637500 0.837500 0.034375 0.054167
0 0.490625 0.544792 0.040625 0.043750
0 0.843750 0.515625 0.050000 0.031250
0 0.121875 0.618750 0.018750 0.041667
0 0.812500 0.558333 0.018750 0.037500
0 0.911719 0.327083 0.020313 0.033333
0 0.767188 0.113542 0.031250 0.022917
0 0.990625 0.471875 0.018750 0.027083
0 0.795312 0.243750 0.025000 0.025000
0 0.705469 0.011458 0.032813 0.022917
0 0.926562 0.370833 0.015625 0.025000
