0 0.277344 0.447917 0.160938 0.183333
0 0.402344 0.738542 0.064062 0.089583
0 0.803906 0.496875 0.048438 0.077083
0 0.321875 0.261458 0.056250 0.077083
0 0.500000 0.287500 0.043750 0.066667
0 0.214062 0.580208 0.050000 0.068750
0 0.119531 0.637500 0.035937 0.079167
0 0.590625 0.621875 0.050000 0.035417
0 0.731250 0.765625 0.040625 0.039583
0 0.264062 0.715625 0.025000 0.047917
0 0.643750 0.794792 0.040625 0.039583
0 0.667969 0.441667 0.032813 0.045833
0 0.689063 0.590625 0.025000 0.031250
0 0.179688 0.786458 0.021875 0.031250
0 0.142969 0.820833 0.017188 0.025000
0 0.314063 0.593750 0.018750 0.020833
0 0.301563 0.389583 0.015625 0.020833
0 0.634375 0.496875 0.012500 0.027083
