0 0.507812 0.181250 0.109375 0.145833
0 0.692969 0.922917 0.176563 0.154167
0 0.765625 0.476042 0.131250 0.143750
0 0.449219 0.658333 0.089063 0.095833
0 0.493750 0.753125 0.081250 0.052083
0 0.648438 0.737500 0.059375 0.079167
0 0.652344 0.634375 0.060937 0.056250
0 0.888281 0.429167 0.060937 0.045833
0 0.186719 0.609375 0.054688 0.064583
0 0.417969 0.915625 0.045312 0.060417
0 0.886719 0.658333 0.039062 0.050000
0 0.017188 0.229167 0.034375 0.045833
0 0.725000 0.523958 0.037500 0.039583
0 0.342187 0.792708 0.043750 0.031250
0 0.364844 0.987500 0.035937 0.025000
0 0.918750 0.080208 0.025000 0.043750
0 0.963281 0.876042 0.023438 0.039583
0 0.952344 0.544792 0.035937 0.031250
0 0.401562 0.356250 0.025000 0.054167
0 0.078125 0.630208 0.025000 0.047917
0 0.965625 0.440625 0.025000 0.027083
0 0.343750 0.461458 0.018750 0.027083
0 0.225781 0.894792 0.020313 0.027083
0 0.113281 0.661458 0.023438 0.022917
0 0.344531 0.368750 0.020313 0.020833
0 0.866406 0.723958 0.017188 0.022917
0 0.238281 0.065625 0.020313 0.018750
0 0.048438 0.636458 0.012500 0.027083
