0 0.143750 0.907292 0.146875 0.185417
0 0.117578 0.387500 0.142969 0.143750
0 0.408594 0.176042 0.139063 0.191667
0 0.365234 0.672396 0.133594 0.138542
0 0.771875 0.079167 0.137500 0.158333
0 0.951172 0.772396 0.097656 0.130208
0 0.790625 0.768750 0.093750 0.118750
0 0.937891 0.221875 0.088281 0.087500
0 0.794922 0.911458 0.078906 0.125000
0 0.560547 0.694271 0.066406 0.094792
0 0.717969 0.789062 0.037500 0.144792
0 0.758203 0.647917 0.049219 0.095833
0 0.054297 0.673438 0.050781 0.069792
0 0.043359 0.089063 0.041406 0.069792
0 0.727344 0.922396 0.031250 0.078125
0 0.328125 0.424479 0.037500 0.042708
0 0.741406 0.484896 0.039062 0.042708
0 0.789453 0.385937 0.021094 0.044792
0 0.669531 0.376042 0.025000 0.020833
0 0.131250 0.410417 0.018750 0.027083
