0 0.303125 0.129688 0.098437 0.232292
0 0.496094 0.883854 0.137500 0.190625
0 0.247266 0.635417 0.166406 0.129167
0 0.860156 0.792708 0.137500 0.164583
0 0.494531 0.213542 0.098437 0.264583
0 0.632422 0.280208 0.085156 0.106250
0 0.942187 0.358854 0.090625 0.121875
0 0.594922 0.178125 0.035156 0.087500
0 0.250391 0.339062 0.044531 0.051042
0 0.131641 0.786979 0.042969 0.071875
0 0.516406 0.385417 0.046875 0.029167
0 0.723828 0.673438 0.032031 0.030208
0 0.826172 0.256771 0.025781 0.038542
0 0.991016 0.950521 0.017969 0.042708
0 0.564063 0.316146 0.015625 0.048958
0 0.529297 0.639583 0.025781 0.037500
0 0.056250 0.570833 0.023438 0.039583
0 0.135547 0.315625 0.024219 0.031250
0 0.845313 0.622396 0.017188 0.028125
0 0.521094 0.306250 0.012500 0.033333
0 0.053906 0.988542 0.023438 0.022917
