0 0.273047 0.240104 0.203906 0.157292
0 0.594531 0.920833 0.120313 0.158333
0 0.521875 0.564583 0.101562 0.158333
0 0.132812 0.103646 0.084375 0.086458
0 0.457031 0.115625 0.065625 0.091667
0 0.207813 0.719271 0.050000 0.046875
0 0.721094 0.290625 0.035937 0.056250
0 0.142578 0.264062 0.039844 0.046875
0 0.302344 0.545312 0.059375 0.063542
0 0.700000 0.077083 0.051562 0.037500
0 0.428516 0.656250 0.036719 0.043750
0 0.259375 0.765104 0.034375 0.051042
0 0.382812 0.929688 0.073438 0.042708
0 0.262891 0.624479 0.033594 0.028125
0 0.604688 0.327083 0.031250 0.027083
0 0.883984 0.074479 0.017969 0.028125
0 0.052734 0.123958 0.017969 0.020833
0 0.630859 0.163021 0.013281 0.019792
