0 0.167187 0.462500 0.128125 0.206250
0 0.546094 0.329167 0.156250 0.181250
0 0.767188 0.636979 0.075000 0.105208
0 0.720703 0.733854 0.075781 0.082292
0 0.327344 0.500000 0.078125 0.112500
0 0.546484 0.774479 0.061719 0.107292
0 0.259766 0.972917 0.077344 0.054167
0 0.964453 0.508333 0.058594 0.045833
0 0.263281 0.911979 0.078125 0.030208
0 0.622656 0.794792 0.043750 0.041667
0 0.011719 0.739583 0.023438 0.050000
0 0.207031 0.893750 0.035937 0.037500
0 0.822266 0.579688 0.035156 0.028125
0 0.783594 0.431250 0.028125 0.031250
0 0.711719 0.138542 0.034375 0.020833
0 0.370703 0.311458 0.019531 0.029167
