0 0.138672 0.522396 0.217969 0.355208
0 0.746484 0.313542 0.189844 0.247917
0 0.294922 0.274479 0.124219 0.142708
0 0.053906 0.090625 0.107813 0.110417
0 0.469531 0.536458 0.046875 0.066667
0 0.451172 0.423958 0.044531 0.056250
0 0.520312 0.803125 0.042188 0.050000
0 0.174219 0.926042 0.056250 0.043750
0 0.180078 0.325000 0.039844 0.041667
0 0.817969 0.770833 0.023438 0.070833
0 0.063281 0.234375 0.045312 0.041667
0 0.170703 0.359375 0.060156 0.022917
0 0.519531 0.713021 0.039062 0.021875
0 0.454688 0.314063 0.035937 0.040625
0 0.221875 0.270313 0.043750 0.032292
0 0.226562 0.438021 0.021875 0.042708
0 0.276562 0.775521 0.031250 0.032292
