0 0.819141 0.387500 0.172656 0.127083
0 0.942578 0.533854 0.114844 0.117708
0 0.773438 0.785937 0.114062 0.076042
0 0.703125 0.502083 0.087500 0.108333
0 0.863281 0.541667 0.064062 0.075000
0 0.968359 0.281771 0.063281 0.059375
0 0.470703 0.727604 0.047656 0.030208
0 0.525000 0.152604 0.037500 0.053125
0 0.162500 0.745833 0.035937 0.058333
0 0.831641 0.073438 0.039844 0.038542
0 0.817969 0.695833 0.032813 0.041667
0 0.120313 0.049479 0.028125 0.044792
0 0.659766 0.120833 0.044531 0.035417
0 0.868359 0.278646 0.039844 0.032292
0 0.928125 0.695833 0.025000 0.043750
0 0.280859 0.400521 0.022656 0.030208
0 0.785547 0.577604 0.022656 0.036458
0 0.585938 0.020833 0.020313 0.020833
0 0.417578 0.589063 0.021094 0.015625
0 0.721875 0.513021 0.018750 0.017708
0 0.441797 0.333854 0.016406 0.017708
0 0.638281 0.611979 0.017188 0.015625
