0 0.835547 0.835417 0.164844 0.183333
0 0.372266 0.869792 0.138281 0.141667
0 0.245703 0.516667 0.133594 0.118750
0 0.485547 0.611979 0.111719 0.082292
0 0.063672 0.576562 0.047656 0.121875
0 0.180859 0.884375 0.103906 0.056250
0 0.273047 0.656250 0.072656 0.064583
0 0.039062 0.253125 0.078125 0.050000
0 0.738281 0.973958 0.065625 0.052083
0 0.612500 0.711458 0.046875 0.050000
0 0.364453 0.709896 0.042969 0.040625
0 0.656641 0.835938 0.049219 0.028125
0 0.892969 0.237500 0.046875 0.037500
0 0.974609 0.940625 0.032031 0.033333
0 0.423047 0.763542 0.035156 0.031250
0 0.454688 0.228125 0.034375 0.043750
0 0.903125 0.732292 0.034375 0.039583
0 0.922656 0.687500 0.037500 0.031250
0 0.737891 0.469792 0.052344 0.031250
0 0.140625 0.799479 0.031250 0.046875
0 0.846875 0.952604 0.026562 0.034375
0 0.662500 0.411458 0.035937 0.035417
0 0.824219 0.368229 0.029687 0.030208
0 0.477734 0.324479 0.036719 0.030208
0 0.703516 0.872917 0.035156 0.027083
0 0.392188 0.458854 0.026562 0.030208
0 0.977344 0.685937 0.045312 0.015625
0 0.029297 0.634375 0.028906 0.027083
0 0.361719 0.286979 0.028125 0.021875
0 0.076953 0.146875 0.025781 0.020833
0 0.967187 0.748437 0.025000 0.028125
0 0.810547 0.723437 0.024219 0.023958
0 0.080859 0.393229 0.025781 0.023958
0 0.189453 0.408333 0.030469 0.020833
0 0.078906 0.804167 0.017188 0.031250
0 0.225000 0.725000 0.026562 0.025000
