0 0.492188 0.818750 0.109375 0.145833
0 0.307031 0.077083 0.176563 0.154167
0 0.234375 0.525000 0.131250 0.141667
0 0.550781 0.341667 0.089063 0.095833
0 0.506250 0.246875 0.081250 0.052083
0 0.351562 0.262500 0.059375 0.079167
0 0.347656 0.365625 0.060937 0.056250
0 0.111719 0.570833 0.060937 0.045833
0 0.813281 0.390625 0.054688 0.064583
0 0.582031 0.084375 0.045312 0.060417
0 0.113281 0.341667 0.039062 0.050000
0 0.982812 0.770833 0.034375 0.045833
0 0.275000 0.476042 0.037500 0.039583
0 0.657813 0.207292 0.043750 0.031250
0 0.635156 0.012500 0.035937 0.025000
0 0.081250 0.919792 0.025000 0.043750
0 0.036719 0.123958 0.023438 0.039583
0 0.047656 0.455208 0.035937 0.031250
0 0.598437 0.643750 0.025000 0.054167
0 0.921875 0.369792 0.025000 0.047917
0 0.034375 0.559375 0.025000 0.027083
0 0.656250 0.538542 0.018750 0.027083
0 0.774219 0.105208 0.020313 0.027083
0 0.886719 0.338542 0.023438 0.022917
0 0.655469 0.631250 0.020313 0.020833
0 0.133594 0.276042 0.017188 0.022917
0 0.761719 0.934375 0.020313 0.018750
0 0.951562 0.363542 0.012500 0.027083
