0 0.239844 0.225000 0.164062 0.250000
0 0.814844 0.179167 0.060937 0.154167
0 0.565625 0.033333 0.103125 0.066667
0 0.796875 0.426042 0.062500 0.077083
0 0.837500 0.883333 0.081250 0.062500
0 0.797656 0.593750 0.039062 0.079167
0 0.328906 0.166667 0.064062 0.045833
0 0.896094 0.297917 0.054688 0.041667
0 0.636719 0.153125 0.042188 0.052083
0 0.059375 0.558333 0.040625 0.054167
0 0.317969 0.023958 0.045312 0.047917
0 0.553125 0.678125 0.034375 0.039583
0 0.304688 0.685417 0.031250 0.045833
0 0.611719 0.930208 0.045312 0.035417
0 0.125781 0.443750 0.039062 0.037500
0 0.588281 0.879167 0.035937 0.037500
0 0.276562 0.560417 0.025000 0.037500
0 0.827344 0.733333 0.042188 0.020833
0 0.573438 0.765625 0.028125 0.027083
0 0.800000 0.817708 0.025000 0.027083
0 0.287500 0.065625 0.028125 0.018750
0 0.479687 0.441667 0.015625 0.033333
0 0.341406 0.363542 0.023438 0.022917
0 0.697656 0.069792 0.014063 0.031250
0 0.339062 0.475000 0.018750 0.020833
0 0.189062 0.725000 0.015625 0.025000
