0 0.253125 0.483333 0.165625 0.145833
0 0.642969 0.844792 0.076563 0.122917
0 0.514062 0.939583 0.134375 0.095833
0 0.125000 0.446875 0.081250 0.081250
0 0.964844 0.782292 0.070312 0.052083
0 0.605469 0.583333 0.070312 0.058333
0 0.438281 0.766667 0.042188 0.070833
0 0.214062 0.364583 0.068750 0.062500
0 0.013281 0.042708 0.026562 0.085417
0 0.160156 0.169792 0.035937 0.056250
0 0.257031 0.928125 0.048438 0.047917
0 0.025000 0.415625 0.050000 0.035417
0 0.655469 0.530208 0.051562 0.035417
0 0.134375 0.540625 0.034375 0.056250
0 0.292187 0.123958 0.065625 0.039583
0 0.133594 0.687500 0.039062 0.041667
0 0.817187 0.845833 0.037500 0.066667
0 0.237500 0.828125 0.031250 0.043750
0 0.146875 0.955208 0.028125 0.039583
0 0.120313 0.598958 0.031250 0.027083
0 0.339062 0.688542 0.031250 0.047917
0 0.221094 0.171875 0.026562 0.035417
0 0.830469 0.431250 0.017188 0.041667
0 0.260937 0.066667 0.021875 0.037500
0 0.483594 0.345833 0.032813 0.020833
0 0.964844 0.321875 0.039062 0.027083
0 0.671094 0.180208 0.020313 0.035417
0 0.509375 0.632292 0.025000 0.031250
0 0.716406 0.973958 0.023438 0.027083
0 0.057031 0.482292 0.014063 0.035417
