0 0.156250 0.416146 0.239063 0.388542
0 0.678125 0.560417 0.229687 0.225000
0 0.889453 0.298958 0.132031 0.145833
0 0.285938 0.796875 0.132812 0.131250
0 0.128125 0.934896 0.078125 0.130208
0 0.702734 0.346354 0.110156 0.059375
0 0.503125 0.788021 0.087500 0.082292
0 0.223047 0.140104 0.097656 0.073958
0 0.552344 0.065625 0.057813 0.116667
0 0.678125 0.801042 0.062500 0.064583
0 0.766016 0.110937 0.061719 0.065625
0 0.360156 0.028646 0.054688 0.057292
0 0.113672 0.728646 0.061719 0.044792
0 0.944531 0.985938 0.081250 0.028125
0 0.951562 0.471875 0.051562 0.052083
0 0.984375 0.863021 0.031250 0.048958
0 0.919141 0.696354 0.041406 0.048958
0 0.494922 0.276562 0.042969 0.040625
0 0.651563 0.270833 0.035937 0.054167
