0 0.551953 0.325521 0.336719 0.301042
0 0.864062 0.577604 0.271875 0.336458
0 0.327344 0.142708 0.214062 0.210417
0 0.187891 0.760417 0.141406 0.258333
0 0.426563 0.697396 0.253125 0.123958
0 0.270313 0.903125 0.103125 0.185417
0 0.424609 0.558854 0.113281 0.105208
0 0.116016 0.483854 0.091406 0.044792
0 0.181641 0.296354 0.075781 0.080208
0 0.658984 0.468229 0.046094 0.090625
0 0.604297 0.682292 0.082031 0.060417
0 0.535547 0.560417 0.058594 0.056250
0 0.710938 0.909896 0.056250 0.046875
0 0.471094 0.791146 0.040625 0.046875
0 0.678516 0.615104 0.044531 0.048958
0 0.732031 0.832292 0.043750 0.052083
