0 0.347656 0.784375 0.070312 0.077083
0 0.972656 0.441667 0.054688 0.045833
0 0.509375 0.747917 0.056250 0.050000
0 0.815625 0.406250 0.037500 0.054167
0 0.362500 0.162500 0.034375 0.054167
0 0.509375 0.455208 0.040625 0.043750
0 0.156250 0.484375 0.050000 0.031250
0 0.878125 0.381250 0.018750 0.041667
0 0.088281 0.672917 0.020313 0.033333
0 0.187500 0.441667 0.018750 0.037500
0 0.232813 0.886458 0.031250 0.022917
0 0.009375 0.528125 0.018750 0.027083
0 0.204687 0.756250 0.025000 0.025000
0 0.294531 0.988542 0.032813 0.022917
0 0.073438 0.629167 0.015625 0.025000
