0 0.763672 0.270313 0.139844 0.196875
0 0.553906 0.841146 0.137500 0.115625
0 0.128906 0.442708 0.100000 0.216667
0 0.190625 0.066146 0.107813 0.132292
0 0.362891 0.092188 0.100781 0.184375
0 0.249609 0.427083 0.066406 0.114583
0 0.250781 0.208333 0.057813 0.112500
0 0.143359 0.407813 0.025781 0.063542
0 0.093359 0.279687 0.033594 0.057292
0 0.107031 0.029167 0.040625 0.058333
0 0.010937 0.300521 0.021875 0.030208
0 0.665625 0.322917 0.026562 0.037500
0 0.739844 0.015104 0.023438 0.030208
0 0.593359 0.109375 0.028906 0.029167
0 0.647266 0.912500 0.030469 0.037500
0 0.840234 0.654687 0.019531 0.034375
0 0.335938 0.472917 0.018750 0.022917
0 0.572656 0.742188 0.023438 0.023958
0 0.444531 0.939583 0.014063 0.020833
