0 0.065625 0.085417 0.131250 0.120833
0 0.206250 0.808333 0.115625 0.154167
0 0.221875 0.617708 0.071875 0.143750
0 0.791406 0.970833 0.114062 0.058333
0 0.517188 0.923958 0.059375 0.152083
0 0.326562 0.264583 0.071875 0.070833
0 0.169531 0.108333 0.064062 0.108333
0 0.466406 0.690625 0.045312 0.077083
0 0.429688 0.531250 0.043750 0.075000
0 0.408594 0.848958 0.054688 0.047917
0 0.978125 0.742708 0.043750 0.060417
0 0.689844 0.878125 0.045312 0.039583
0 0.379688 0.329167 0.025000 0.058333
0 0.372656 0.410417 0.045312 0.025000
0 0.983594 0.568750 0.032813 0.029167
0 0.648438 0.348958 0.028125 0.039583
0 0.531250 0.132292 0.050000 0.018750
0 0.567187 0.169792 0.037500 0.031250
0 0.877344 0.236458 0.023438 0.035417
0 0.292969 0.350000 0.029687 0.033333
0 0.605469 0.272917 0.026562 0.020833
0 0.326562 0.407292 0.021875 0.043750
0 0.039844 0.007292 0.029687 0.014583
0 0.606250 0.013542 0.021875 0.027083
0 0.061719 0.308333 0.017188 0.025000
0 0.772656 0.542708 0.017188 0.027083
0 0.652344 0.987500 0.017188 0.025000
