0 0.629687 0.075000 0.087500 0.150000
0 0.126562 0.288542 0.059375 0.056250
0 0.875000 0.851042 0.059375 0.056250
0 0.873437 0.432292 0.046875 0.031250
0 0.767969 0.158333 0.067187 0.050000
0 0.141406 0.391667 0.042188 0.037500
0 0.521875 0.654167 0.037500 0.037500
0 0.986719 0.040625 0.026562 0.081250
0 0.616406 0.563542 0.032813 0.031250
0 0.966406 0.511458 0.026562 0.031250
0 0.632031 0.609375 0.017188 0.039583
0 0.806250 0.661458 0.034375 0.014583
0 0.739062 0.501042 0.021875 0.022917
0 0.932031 0.091667 0.017188 0.020833
0 0.992188 0.454167 0.015625 0.020833
0 0.637500 0.329167 0.015625 0.025000
