0 0.574219 0.791667 0.140625 0.268750
0 0.803516 0.800000 0.103906 0.204167
0 0.286328 0.272917 0.133594 0.156250
0 0.433203 0.888542 0.147656 0.189583
0 0.187500 0.684375 0.140625 0.152083
0 0.112891 0.160417 0.135156 0.145833
0 0.755078 0.444271 0.092969 0.136458
0 0.890625 0.119792 0.076563 0.177083
0 0.855859 0.651563 0.086719 0.128125
0 0.667578 0.639583 0.107031 0.110417
0 0.736328 0.136979 0.086719 0.082292
0 0.371875 0.955729 0.026562 0.036458
0 0.029687 0.592708 0.021875 0.031250
0 0.825000 0.789062 0.020313 0.026042
0 0.701562 0.721354 0.017188 0.032292
0 0.695312 0.582292 0.021875 0.025000
