0 0.239844 0.069792 0.126562 0.139583
0 0.939063 0.253125 0.121875 0.097917
0 0.821094 0.473958 0.079687 0.085417
0 0.425781 0.678125 0.104688 0.077083
0 0.080469 0.814583 0.051562 0.100000
0 0.571875 0.036458 0.053125 0.072917
0 0.142187 0.407292 0.065625 0.068750
0 0.493750 0.025000 0.059375 0.050000
0 0.167969 0.791667 0.042188 0.079167
0 0.809375 0.350000 0.046875 0.037500
0 0.464844 0.097917 0.032813 0.054167
0 0.685937 0.122917 0.040625 0.054167
0 0.799219 0.669792 0.032813 0.035417
0 0.842969 0.015625 0.039062 0.031250
0 0.541406 0.226042 0.032813 0.027083
0 0.866406 0.364583 0.032813 0.020833
0 0.729688 0.095833 0.025000 0.033333
0 0.935937 0.508333 0.031250 0.020833
0 0.525781 0.642708 0.017188 0.039583
0 0.599219 0.277083 0.017188 0.033333
0 0.693750 0.008333 0.025000 0.016667
0 0.562500 0.792708 0.025000 0.031250
0 0.231250 0.593750 0.025000 0.020833
0 0.789844 0.794792 0.010937 0.027083
