0 0.856250 0.092708 0.146875 0.185417
0 0.882422 0.612500 0.142969 0.143750
0 0.591406 0.823958 0.139063 0.191667
0 0.634766 0.327604 0.133594 0.138542
0 0.228125 0.920833 0.137500 0.158333
0 0.048828 0.227604 0.097656 0.130208
0 0.209375 0.231250 0.093750 0.118750
0 0.062109 0.778125 0.088281 0.087500
0 0.205078 0.088542 0.078906 0.125000
0 0.439453 0.305729 0.066406 0.094792
0 0.282031 0.210938 0.037500 0.144792
0 0.241797 0.352083 0.049219 0.095833
0 0.945703 0.326562 0.050781 0.069792
0 0.956641 0.910937 0.041406 0.069792
0 0.272656 0.077604 0.031250 0.078125
0 0.671875 0.575521 0.037500 0.042708
0 0.258594 0.515104 0.039062 0.042708
0 0.210547 0.614062 0.021094 0.044792
0 0.868750 0.589583 0.018750 0.027083
