0 0.339844 0.527083 0.114062 0.170833
0 0.478125 0.602083 0.112500 0.175000
0 0.430469 0.270833 0.042188 0.041667
0 0.211719 0.551042 0.054688 0.043750
0 0.242188 0.317708 0.025000 0.031250
0 0.519531 0.353125 0.032813 0.035417
0 0.728906 0.427083 0.023438 0.033333
0 0.274219 0.760417 0.023438 0.033333
0 0.406250 0.637500 0.021875 0.037500
0 0.432812 0.683333 0.040625 0.016667
0 0.460156 0.162500 0.020313 0.029167
0 0.578125 0.365625 0.015625 0.035417
0 0.796094 0.436458 0.020313 0.027083
0 0.360156 0.757292 0.020313 0.022917
0 0.467187 0.447917 0.012500 0.029167
0 0.485938 0.693750 0.012500 0.025000
0 0.690625 0.752083 0.015625 0.020833
