0 0.192969 0.291667 0.160938 0.108333
0 0.864062 0.857292 0.096875 0.127083
0 0.045312 0.062500 0.090625 0.100000
0 0.691406 0.147917 0.095312 0.087500
0 0.021875 0.194792 0.043750 0.114583
0 0.109375 0.526042 0.068750 0.089583
0 0.218750 0.408333 0.065625 0.066667
0 0.663281 0.341667 0.029687 0.079167
0 0.651563 0.872917 0.043750 0.054167
0 0.593750 0.665625 0.031250 0.060417
0 0.442188 0.130208 0.046875 0.035417
0 0.408594 0.746875 0.035937 0.047917
0 0.378906 0.438542 0.039062 0.039583
0 0.402344 0.386458 0.035937 0.039583
0 0.494531 0.084375 0.026562 0.043750
0 0.158594 0.752083 0.032813 0.033333
0 0.942187 0.443750 0.025000 0.037500
0 0.267969 0.068750 0.026562 0.037500
0 0.547656 0.590625 0.029687 0.027083
0 0.367188 0.493750 0.025000 0.033333
0 0.843750 0.736458 0.034375 0.031250
0 0.137500 0.664583 0.028125 0.025000
0 0.896875 0.585417 0.028125 0.029167
0 0.586719 0.988542 0.023438 0.022917
0 0.521875 0.708333 0.018750 0.033333
0 0.948438 0.360417 0.021875 0.041667
0 0.232031 0.214583 0.017188 0.033333
0 0.431250 0.872917 0.015625 0.029167
0 0.489844 0.592708 0.029687 0.018750
0 0.335938 0.696875 0.012500 0.031250
0 0.717187 0.201042 0.018750 0.027083
0 0.452344 0.387500 0.023438 0.016667
0 0.089844 0.114583 0.017188 0.020833
0 0.435156 0.251042 0.017188 0.022917
0 0.417969 0.802083 0.020313 0.016667
