0 0.160938 0.079167 0.129688 0.158333
0 0.444922 0.307812 0.089844 0.186458
0 0.291406 0.620833 0.100000 0.137500
0 0.092578 0.909375 0.132031 0.181250
0 0.378906 0.846875 0.089063 0.143750
0 0.328125 0.939583 0.087500 0.120833
0 0.191797 0.808854 0.102344 0.109375
0 0.284375 0.313021 0.087500 0.086458
0 0.639844 0.613542 0.051562 0.052083
0 0.568359 0.900521 0.033594 0.040625
0 0.221875 0.227604 0.031250 0.026042
0 0.221484 0.756250 0.022656 0.022917
0 0.222266 0.896354 0.016406 0.030208
0 0.158203 0.463542 0.022656 0.018750
0 0.527734 0.946354 0.016406 0.017708
