0 0.174609 0.518229 0.135156 0.178125
0 0.289844 0.091667 0.092188 0.131250
0 0.586328 0.853125 0.108594 0.197917
0 0.330078 0.681250 0.091406 0.087500
0 0.488672 0.743750 0.039844 0.029167
0 0.112109 0.914583 0.036719 0.043750
0 0.470703 0.034375 0.033594 0.045833
0 0.046484 0.377083 0.032031 0.031250
0 0.167187 0.825000 0.020313 0.045833
0 0.442188 0.776563 0.020313 0.042708
0 0.048828 0.796354 0.024219 0.021875
0 0.171875 0.341146 0.018750 0.028125
0 0.237891 0.926042 0.019531 0.018750
0 0.338281 0.760938 0.018750 0.017708
