0 0.236328 0.729688 0.139844 0.196875
0 0.446094 0.158854 0.137500 0.115625
0 0.871094 0.557292 0.100000 0.216667
0 0.809375 0.933854 0.107813 0.132292
0 0.637109 0.907813 0.100781 0.184375
0 0.750391 0.572917 0.066406 0.114583
0 0.749219 0.791667 0.057813 0.112500
0 0.856641 0.592187 0.025781 0.063542
0 0.906641 0.720313 0.033594 0.057292
0 0.892969 0.970833 0.040625 0.058333
0 0.989062 0.699479 0.021875 0.030208
0 0.334375 0.677083 0.026562 0.037500
0 0.260156 0.984896 0.023438 0.030208
0 0.406641 0.890625 0.028906 0.029167
0 0.352734 0.087500 0.030469 0.037500
0 0.159766 0.345313 0.019531 0.034375
0 0.664062 0.527083 0.018750 0.022917
0 0.427344 0.257812 0.023438 0.023958
0 0.555469 0.060417 0.014063 0.020833
