0 0.758203 0.418750 0.224219 0.202083
0 0.821875 0.560417 0.134375 0.164583
0 0.464844 0.703646 0.171875 0.117708
0 0.603516 0.817708 0.119531 0.108333
0 0.366797 0.847917 0.072656 0.102083
0 0.593359 0.561979 0.063281 0.088542
0 0.947656 0.385417 0.060937 0.145833
0 0.758594 0.702083 0.062500 0.083333
0 0.539062 0.846875 0.045312 0.068750
0 0.624609 0.031250 0.063281 0.037500
0 0.548047 0.256771 0.057031 0.042708
0 0.432812 0.400521 0.045312 0.036458
0 0.141797 0.556250 0.035156 0.056250
0 0.269531 0.489063 0.048438 0.034375
0 0.703516 0.067187 0.032031 0.044792
0 0.083594 0.105208 0.034375 0.029167
0 0.496484 0.592187 0.041406 0.034375
0 0.864062 0.211979 0.023438 0.048958
0 0.798047 0.057292 0.030469 0.027083
0 0.094922 0.251563 0.038281 0.026042
0 0.903906 0.621354 0.025000 0.053125
0 0.815625 0.659896 0.037500 0.023958
0 0.367969 0.268750 0.020313 0.039583
0 0.276953 0.077083 0.021094 0.031250
0 0.236328 0.266146 0.024219 0.021875
0 0.899609 0.667708 0.027344 0.022917
0 0.301563 0.297396 0.023438 0.023958
0 0.182812 0.410938 0.021875 0.023958
