0 0.221484 0.221875 0.066406 0.104167
0 0.466406 0.522917 0.068750 0.077083
0 0.538672 0.914583 0.057031 0.102083
0 0.481250 0.827083 0.039062 0.058333
0 0.578906 0.254167 0.056250 0.035417
0 0.233203 0.795312 0.039844 0.051042
0 0.172656 0.375000 0.035937 0.041667
0 0.102734 0.842708 0.036719 0.035417
0 0.688672 0.371354 0.027344 0.036458
0 0.375781 0.135937 0.025000 0.038542
0 0.589453 0.315104 0.022656 0.032292
0 0.827344 0.607292 0.014063 0.027083
0 0.224219 0.236979 0.017188 0.017708
0 0.222266 0.536458 0.019531 0.020833
