0 0.589063 0.387500 0.153125 0.202083
0 0.843359 0.077604 0.125781 0.115625
0 0.956641 0.755208 0.086719 0.164583
0 0.228906 0.211458 0.098437 0.156250
0 0.927344 0.592187 0.145313 0.082292
0 0.278125 0.661458 0.068750 0.089583
0 0.972266 0.453125 0.055469 0.079167
0 0.481641 0.156250 0.077344 0.045833
0 0.545703 0.073958 0.049219 0.047917
0 0.019141 0.472396 0.038281 0.053125
0 0.036719 0.688021 0.051562 0.034375
0 0.446875 0.241667 0.056250 0.062500
0 0.323828 0.123958 0.033594 0.041667
0 0.497266 0.023438 0.030469 0.046875
0 0.139453 0.443750 0.028906 0.025000
0 0.855078 0.400521 0.025781 0.023958
0 0.570312 0.378125 0.018750 0.025000
