0 0.355469 0.518750 0.092188 0.237500
0 0.287500 0.430208 0.112500 0.139583
0 0.562500 0.070833 0.053125 0.095833
0 0.153906 0.327083 0.026562 0.104167
0 0.475000 0.618750 0.046875 0.041667
0 0.953125 0.670833 0.046875 0.045833
0 0.968750 0.298958 0.031250 0.039583
0 0.582812 0.184375 0.025000 0.056250
0 0.921875 0.484375 0.037500 0.031250
0 0.198437 0.486458 0.037500 0.031250
0 0.710156 0.283333 0.042188 0.033333
0 0.864062 0.955208 0.046875 0.035417
0 0.243750 0.333333 0.028125 0.037500
0 0.992969 0.260417 0.014063 0.033333
0 0.322656 0.865625 0.014063 0.031250
0 0.764062 0.238542 0.015625 0.027083
0 0.718750 0.095833 0.018750 0.020833
