0 0.746875 0.516667 0.165625 0.145833
0 0.357031 0.155208 0.076563 0.122917
0 0.485938 0.060417 0.134375 0.095833
0 0.875000 0.553125 0.081250 0.081250
0 0.035156 0.217708 0.070312 0.052083
0 0.394531 0.416667 0.070312 0.058333
0 0.561719 0.233333 0.042188 0.070833
0 0.785937 0.635417 0.068750 0.062500
0 0.986719 0.957292 0.026562 0.085417
0 0.839844 0.830208 0.035937 0.056250
0 0.742969 0.071875 0.048438 0.047917
0 0.975000 0.584375 0.050000 0.035417
0 0.344531 0.469792 0.051562 0.035417
0 0.865625 0.459375 0.034375 0.056250
0 0.707812 0.876042 0.065625 0.039583
0 0.866406 0.312500 0.039062 0.041667
0 0.182812 0.154167 0.037500 0.066667
0 0.762500 0.171875 0.031250 0.043750
0 0.853125 0.044792 0.028125 0.039583
0 0.879687 0.401042 0.031250 0.027083
0 0.660937 0.311458 0.031250 0.047917
0 0.778906 0.828125 0.026562 0.035417
0 0.169531 0.568750 0.017188 0.041667
0 0.739062 0.933333 0.021875 0.037500
0 0.516406 0.654167 0.032813 0.020833
0 0.035156 0.678125 0.039062 0.027083
0 0.328906 0.819792 0.020313 0.035417
0 0.490625 0.367708 0.025000 0.031250
0 0.283594 0.026042 0.023438 0.027083
0 0.942969 0.517708 0.014063 0.035417
