0 0.445312 0.076563 0.153125 0.153125
0 0.133984 0.904687 0.163281 0.190625
0 0.522656 0.623437 0.140625 0.178125
0 0.107031 0.338542 0.151562 0.210417
0 0.150391 0.700521 0.155469 0.094792
0 0.331250 0.739062 0.093750 0.086458
0 0.314063 0.173437 0.082812 0.059375
0 0.978516 0.128125 0.042969 0.110417
0 0.478906 0.395313 0.051562 0.059375
0 0.833203 0.683854 0.042969 0.051042
0 0.680078 0.684375 0.032031 0.031250
0 0.390234 0.511458 0.022656 0.035417
0 0.767969 0.132812 0.040625 0.019792
0 0.260547 0.160938 0.024219 0.036458
0 0.616406 0.646875 0.021875 0.025000
