0 0.778125 0.830208 0.196875 0.227083
0 0.907031 0.697917 0.101562 0.204167
0 0.064844 0.468750 0.129688 0.166667
0 0.917188 0.885417 0.071875 0.104167
0 0.642969 0.267708 0.042188 0.077083
0 0.211719 0.032292 0.054688 0.064583
0 0.934375 0.355208 0.040625 0.085417
0 0.735938 0.429167 0.046875 0.050000
0 0.267188 0.570833 0.043750 0.050000
0 0.922656 0.569792 0.042188 0.043750
0 0.832031 0.241667 0.035937 0.045833
0 0.207813 0.889583 0.021875 0.037500
0 0.629687 0.062500 0.018750 0.041667
0 0.970313 0.614583 0.021875 0.033333
0 0.644531 0.193750 0.020313 0.025000
