0 0.644531 0.481250 0.092188 0.237500
0 0.712500 0.569792 0.112500 0.139583
0 0.437500 0.929167 0.053125 0.095833
0 0.846094 0.672917 0.026562 0.104167
0 0.525000 0.381250 0.046875 0.041667
0 0.046875 0.329167 0.046875 0.045833
0 0.031250 0.701042 0.031250 0.039583
0 0.417187 0.815625 0.025000 0.056250
0 0.078125 0.515625 0.037500 0.031250
0 0.801562 0.513542 0.037500 0.031250
0 0.289844 0.716667 0.042188 0.033333
0 0.135937 0.044792 0.046875 0.035417
0 0.756250 0.666667 0.028125 0.037500
0 0.007031 0.739583 0.014063 0.033333
0 0.677344 0.134375 0.014063 0.031250
0 0.235937 0.761458 0.015625 0.027083
0 0.281250 0.904167 0.018750 0.020833
