0 0.803516 0.494792 0.152344 0.208333
0 0.451562 0.294792 0.098437 0.158333
0 0.480078 0.746354 0.071094 0.090625
0 0.773438 0.180208 0.048438 0.050000
0 0.238281 0.755729 0.053125 0.036458
0 0.232813 0.539583 0.034375 0.056250
0 0.643750 0.221354 0.081250 0.038542
0 0.549609 0.214062 0.035156 0.042708
0 0.667188 0.344792 0.054688 0.054167
0 0.726172 0.122396 0.032031 0.053125
0 0.351172 0.518229 0.030469 0.028125
0 0.712500 0.265104 0.031250 0.028125
0 0.785937 0.484896 0.020313 0.028125
0 0.055078 0.733854 0.019531 0.028125
0 0.309766 0.679688 0.019531 0.023958
