0 0.643359 0.927604 0.138281 0.144792
0 0.453906 0.751563 0.070312 0.092708
0 0.905078 0.444792 0.061719 0.114583
0 0.095312 0.508333 0.060937 0.085417
0 0.704688 0.300000 0.070312 0.083333
0 0.150000 0.710417 0.060937 0.077083
0 0.306641 0.139583 0.055469 0.062500
0 0.096484 0.609896 0.055469 0.042708
0 0.920312 0.665104 0.048438 0.069792
0 0.272266 0.976562 0.033594 0.046875
0 0.558984 0.756250 0.044531 0.037500
0 0.209375 0.195312 0.042188 0.023958
0 0.408594 0.252083 0.015625 0.035417
0 0.401562 0.307812 0.021875 0.023958
