2 0.272266 0.503125 0.074219 0.114583
2 0.276953 0.685417 0.067969 0.158333
2 0.234766 0.382812 0.030469 0.084375
2 0.476172 0.742708 0.057031 0.064583
2 0.402344 0.569271 0.050000 0.071875
2 0.479297 0.650000 0.064844 0.033333
2 0.285547 0.595313 0.027344 0.067708
2 0.488672 0.695312 0.030469 0.038542
2 0.227344 0.676562 0.020313 0.069792
2 0.168750 0.117708 0.025000 0.031250
2 0.280859 0.428125 0.022656 0.031250
2 0.347656 0.563542 0.017188 0.029167
2 0.314063 0.272917 0.020313 0.027083
2 0.186719 0.358854 0.026562 0.026042
2 0.522656 0.344271 0.020313 0.028125
2 0.372266 0.640625 0.019531 0.033333
2 0.445703 0.145833 0.017969 0.025000
2 0.205469 0.943750 0.018750 0.025000
2 0.252344 0.153125 0.023438 0.025000
2 0.413281 0.402083 0.018750 0.020833
2 0.497656 0.377604 0.014063 0.021875
2 0.418750 0.748437 0.014063 0.019792
2 0.473828 0.827604 0.013281 0.023958
