2 0.701562 0.079687 0.231250 0.159375
2 0.457813 0.570833 0.142187 0.247917
2 0.503125 0.261458 0.114062 0.272917
2 0.300000 0.710938 0.154688 0.136458
2 0.444531 0.370312 0.125000 0.159375
2 0.564453 0.551042 0.139844 0.114583
2 0.330078 0.107292 0.127344 0.110417
2 0.633984 0.267188 0.135156 0.192708
2 0.224609 0.132812 0.083594 0.111458
2 0.068750 0.586979 0.040625 0.134375
2 0.429688 0.040625 0.060937 0.081250
2 0.105859 0.860938 0.074219 0.082292
2 0.105078 0.182812 0.083594 0.142708
2 0.122656 0.068229 0.084375 0.057292
2 0.160156 0.422917 0.048438 0.097917
2 0.110937 0.422917 0.056250 0.095833
2 0.353906 0.406250 0.059375 0.064583
2 0.399609 0.208333 0.052344 0.072917
2 0.178906 0.548958 0.051562 0.064583
2 0.301172 0.968229 0.047656 0.063542
2 0.054688 0.053646 0.039062 0.078125
2 0.621484 0.473438 0.038281 0.059375
2 0.658984 0.145313 0.047656 0.046875
2 0.494531 0.070833 0.035937 0.062500
2 0.224219 0.412500 0.035937 0.079167
2 0.038672 0.881250 0.035156 0.043750
2 0.116016 0.496354 0.030469 0.051042
2 0.014063 0.434375 0.028125 0.077083
2 0.149219 0.326562 0.057813 0.038542
2 0.154688 0.609896 0.029687 0.055208
2 0.360156 0.263021 0.032813 0.040625
2 0.084375 0.328125 0.029687 0.045833
2 0.055078 0.276562 0.017969 0.055208
2 0.361328 0.621354 0.047656 0.028125
2 0.426172 0.793229 0.028906 0.055208
2 0.522656 0.073438 0.026562 0.048958
2 0.575000 0.452604 0.017188 0.048958
2 0.245312 0.398958 0.021875 0.039583
2 0.281641 0.239583 0.021094 0.039583
2 0.271484 0.339062 0.032031 0.030208
2 0.106250 0.680208 0.025000 0.033333
2 0.664453 0.672396 0.019531 0.034375
2 0.108203 0.020833 0.019531 0.041667
2 0.669531 0.079167 0.020313 0.029167
2 0.043750 0.468750 0.028125 0.029167
2 0.453516 0.239583 0.030469 0.033333
2 0.232422 0.026042 0.019531 0.031250
2 0.305859 0.354167 0.024219 0.025000
2 0.006250 0.608854 0.012500 0.059375
2 0.254688 0.523958 0.021875 0.031250
2 0.183203 0.814583 0.017969 0.029167
2 0.454688 0.455208 0.018750 0.029167
2 0.337891 0.445312 0.025781 0.023958
2 0.243750 0.879167 0.020313 0.029167
2 0.125000 0.447396 0.026562 0.019792
2 0.209375 0.831250 0.026562 0.029167
2 0.173437 0.042188 0.018750 0.030208
2 0.598437 0.145833 0.021875 0.025000
2 0.308984 0.028125 0.022656 0.018750
2 0.690234 0.444792 0.013281 0.031250
