2 0.326562 0.392708 0.275000 0.341667
2 0.520312 0.264583 0.118750 0.145833
2 0.759375 0.791146 0.132812 0.155208
2 0.935156 0.363021 0.129688 0.140625
2 0.636328 0.182812 0.086719 0.113542
2 0.157812 0.398958 0.079687 0.085417
2 0.809375 0.157812 0.045312 0.092708
2 0.206641 0.952604 0.071094 0.080208
2 0.213281 0.339062 0.046875 0.065625
2 0.730078 0.195312 0.042969 0.069792
2 0.320703 0.206771 0.047656 0.063542
2 0.128125 0.116146 0.039062 0.078125
2 0.830078 0.393229 0.052344 0.071875
2 0.863672 0.918229 0.035156 0.080208
2 0.660937 0.736458 0.042188 0.064583
2 0.720313 0.506250 0.040625 0.052083
2 0.155859 0.821354 0.032031 0.078125
2 0.657813 0.215104 0.045312 0.042708
2 0.269922 0.796875 0.053906 0.045833
2 0.889062 0.378646 0.031250 0.048958
2 0.848828 0.789062 0.036719 0.059375
2 0.263672 0.735938 0.036719 0.042708
2 0.806250 0.701562 0.037500 0.034375
2 0.923047 0.980729 0.042969 0.038542
2 0.146484 0.563542 0.036719 0.041667
2 0.828516 0.318229 0.030469 0.040625
2 0.096484 0.024479 0.025781 0.036458
2 0.192969 0.870313 0.042188 0.040625
2 0.643750 0.658333 0.031250 0.037500
2 0.239844 0.910417 0.039062 0.037500
2 0.988672 0.968229 0.022656 0.038542
2 0.130469 0.701562 0.020313 0.044792
2 0.773438 0.616667 0.021875 0.041667
2 0.698047 0.211458 0.017969 0.043750
2 0.678906 0.687500 0.025000 0.033333
2 0.167969 0.522917 0.028125 0.029167
2 0.621094 0.692187 0.020313 0.038542
2 0.858984 0.169792 0.024219 0.035417
2 0.362500 0.586458 0.023438 0.035417
2 0.762109 0.557292 0.024219 0.035417
2 0.314844 0.742188 0.021875 0.034375
2 0.357422 0.644271 0.030469 0.021875
2 0.567187 0.746875 0.018750 0.033333
