2 0.902734 0.620313 0.146094 0.155208
2 0.543359 0.075000 0.186719 0.150000
2 0.799219 0.280208 0.110937 0.112500
2 0.236719 0.037500 0.189062 0.075000
2 0.943359 0.042708 0.091406 0.085417
2 0.216406 0.148958 0.064062 0.095833
2 0.704297 0.412500 0.053906 0.127083
2 0.682422 0.693229 0.077344 0.090625
2 0.360156 0.051562 0.057813 0.103125
2 0.850000 0.873437 0.051562 0.084375
2 0.810937 0.047917 0.093750 0.095833
2 0.646875 0.406771 0.065625 0.071875
2 0.201953 0.310417 0.075781 0.056250
2 0.127734 0.527604 0.072656 0.103125
2 0.161328 0.245833 0.078906 0.058333
2 0.084375 0.316146 0.032813 0.084375
2 0.815234 0.415625 0.050781 0.070833
2 0.897266 0.298438 0.050781 0.082292
2 0.023047 0.466146 0.046094 0.080208
2 0.540625 0.140104 0.059375 0.051042
2 0.694922 0.862500 0.046094 0.058333
2 0.762109 0.177083 0.039844 0.070833
2 0.148047 0.331250 0.050781 0.060417
2 0.617578 0.685937 0.036719 0.053125
2 0.360938 0.320833 0.053125 0.045833
2 0.680078 0.246875 0.041406 0.072917
2 0.208203 0.484375 0.024219 0.091667
2 0.830078 0.188021 0.058594 0.030208
2 0.960156 0.256250 0.057813 0.056250
2 0.768359 0.345833 0.033594 0.050000
2 0.783984 0.468229 0.028906 0.055208
2 0.408594 0.029167 0.028125 0.058333
2 0.781641 0.686979 0.044531 0.057292
2 0.051172 0.550000 0.028906 0.056250
2 0.712109 0.904687 0.032031 0.042708
2 0.749609 0.108854 0.022656 0.055208
2 0.574609 0.546875 0.028906 0.054167
2 0.151172 0.054167 0.028906 0.066667
2 0.228906 0.363021 0.031250 0.034375
2 0.365625 0.439063 0.032813 0.046875
2 0.107422 0.069792 0.038281 0.039583
2 0.977344 0.551562 0.045312 0.023958
2 0.667969 0.080208 0.026562 0.039583
2 0.721094 0.518229 0.028125 0.036458
2 0.107422 0.416667 0.022656 0.043750
2 0.558984 0.216146 0.030469 0.034375
2 0.599219 0.083854 0.043750 0.055208
2 0.226953 0.226562 0.028906 0.038542
2 0.105859 0.590625 0.025781 0.033333
2 0.145703 0.188021 0.035156 0.023958
2 0.712109 0.654167 0.022656 0.052083
2 0.231641 0.415104 0.030469 0.026042
2 0.701562 0.292187 0.025000 0.038542
2 0.458984 0.191146 0.024219 0.030208
2 0.974609 0.151562 0.019531 0.038542
2 0.077344 0.535417 0.018750 0.037500
2 0.584766 0.411979 0.022656 0.034375
2 0.447656 0.291146 0.023438 0.048958
2 0.991797 0.327083 0.016406 0.052083
2 0.787891 0.278646 0.024219 0.028125
2 0.433984 0.095312 0.027344 0.030208
2 0.039062 0.912500 0.029687 0.035417
2 0.992188 0.054167 0.015625 0.045833
2 0.814453 0.756771 0.019531 0.032292
2 0.377734 0.523438 0.019531 0.032292
2 0.746094 0.630208 0.025000 0.035417
2 0.893750 0.417187 0.025000 0.028125
2 0.278906 0.389062 0.021875 0.028125
2 0.732031 0.327604 0.020313 0.026042
2 0.492578 0.598437 0.019531 0.030208
2 0.294922 0.277604 0.014844 0.038542
2 0.594141 0.143750 0.021094 0.027083
2 0.503516 0.746354 0.025781 0.030208
2 0.933594 0.761458 0.021875 0.025000
2 0.147656 0.466146 0.021875 0.019792
2 0.530859 0.750521 0.016406 0.026042
2 0.571094 0.469792 0.018750 0.025000
2 0.566016 0.703125 0.017969 0.025000
2 0.159766 0.409896 0.013281 0.030208
2 0.448437 0.490104 0.017188 0.023958
2 0.149609 0.606771 0.014844 0.026042
2 0.819922 0.225521 0.014844 0.023958
2 0.682031 0.119792 0.020313 0.020833
2 0.501172 0.637500 0.013281 0.029167
2 0.658203 0.486458 0.017969 0.018750
2 0.108984 0.168229 0.022656 0.023958
2 0.366797 0.368750 0.014844 0.020833
2 0.181250 0.527604 0.014063 0.021875
2 0.479297 0.765104 0.013281 0.021875
2 0.571875 0.351562 0.012500 0.023958
2 0.919531 0.828125 0.014063 0.025000
