2 0.159766 0.641667 0.200781 0.283333
2 0.467578 0.503125 0.128906 0.400000
2 0.879297 0.161979 0.235156 0.121875
2 0.186328 0.847917 0.157031 0.116667
2 0.841016 0.331250 0.128906 0.183333
2 0.651172 0.514062 0.133594 0.188542
2 0.725781 0.092708 0.090625 0.089583
2 0.692578 0.457292 0.083594 0.104167
2 0.260937 0.056771 0.100000 0.113542
2 0.380859 0.203125 0.094531 0.083333
2 0.553516 0.132812 0.063281 0.111458
2 0.449609 0.728646 0.057031 0.101042
2 0.533984 0.957292 0.083594 0.085417
2 0.928906 0.297917 0.060937 0.102083
2 0.778125 0.684896 0.075000 0.094792
2 0.964844 0.765104 0.070312 0.101042
2 0.540625 0.874479 0.062500 0.088542
2 0.819141 0.926562 0.061719 0.098958
2 0.228516 0.142187 0.042969 0.082292
2 0.448828 0.262500 0.097656 0.054167
2 0.175391 0.580208 0.058594 0.066667
2 0.197266 0.286979 0.055469 0.128125
2 0.352734 0.602083 0.055469 0.070833
2 0.127734 0.337500 0.052344 0.066667
2 0.778906 0.343229 0.043750 0.055208
2 0.401953 0.113542 0.052344 0.056250
2 0.388281 0.887500 0.037500 0.064583
2 0.317969 0.266146 0.037500 0.063542
2 0.152344 0.938021 0.032813 0.059375
2 0.372266 0.817187 0.049219 0.044792
2 0.659766 0.845833 0.044531 0.075000
2 0.025000 0.166667 0.035937 0.072917
2 0.136719 0.025521 0.064062 0.042708
2 0.270313 0.676562 0.035937 0.036458
2 0.132812 0.092188 0.035937 0.046875
2 0.432422 0.900521 0.030469 0.046875
2 0.880859 0.736458 0.044531 0.033333
2 0.383594 0.407813 0.026562 0.044792
2 0.840234 0.457813 0.039844 0.055208
2 0.281250 0.569792 0.043750 0.050000
2 0.058984 0.166667 0.032031 0.035417
2 0.636328 0.558333 0.027344 0.052083
2 0.245703 0.613542 0.039844 0.035417
2 0.834766 0.726042 0.036719 0.037500
2 0.657422 0.611979 0.022656 0.044792
2 0.888281 0.688542 0.029687 0.035417
2 0.763281 0.986458 0.035937 0.027083
2 0.900781 0.983333 0.037500 0.033333
2 0.511328 0.281250 0.035156 0.025000
2 0.689453 0.756771 0.024219 0.046875
2 0.625000 0.115104 0.029687 0.032292
2 0.357812 0.542188 0.025000 0.046875
