2 0.760156 0.358333 0.451562 0.406250
2 0.161328 0.387500 0.257031 0.310417
2 0.919922 0.837500 0.160156 0.154167
2 0.449609 0.740625 0.111719 0.181250
2 0.343750 0.466667 0.114062 0.193750
2 0.966016 0.251042 0.067969 0.125000
2 0.446094 0.048438 0.123438 0.096875
2 0.459766 0.485417 0.094531 0.112500
2 0.550000 0.067187 0.060937 0.119792
2 0.788281 0.630208 0.081250 0.093750
2 0.675781 0.054167 0.065625 0.100000
2 0.877344 0.245312 0.075000 0.103125
2 0.684766 0.206250 0.083594 0.062500
2 0.397656 0.532292 0.065625 0.072917
2 0.816016 0.851562 0.038281 0.082292
2 0.509375 0.628125 0.057813 0.064583
2 0.300391 0.811979 0.035156 0.101042
2 0.754687 0.133854 0.060937 0.057292
2 0.841016 0.182812 0.052344 0.071875
2 0.940234 0.337500 0.033594 0.056250
2 0.763281 0.469271 0.048438 0.046875
2 0.914844 0.018750 0.062500 0.037500
2 0.096484 0.204167 0.039844 0.045833
