2 0.209766 0.082812 0.099219 0.165625
2 0.880859 0.518750 0.067969 0.137500
2 0.333203 0.478646 0.094531 0.159375
2 0.569922 0.716146 0.053906 0.107292
2 0.526953 0.627083 0.058594 0.106250
2 0.380469 0.855208 0.060937 0.112500
2 0.320703 0.863021 0.080469 0.084375
2 0.408203 0.445312 0.052344 0.109375
2 0.614062 0.837500 0.062500 0.095833
2 0.116406 0.967187 0.082812 0.065625
2 0.189844 0.638542 0.048438 0.097917
2 0.119922 0.194792 0.074219 0.058333
2 0.342969 0.623437 0.043750 0.069792
2 0.599609 0.929688 0.060156 0.059375
2 0.074219 0.852083 0.070312 0.083333
2 0.144531 0.284896 0.043750 0.094792
2 0.920312 0.826562 0.060937 0.053125
2 0.064844 0.383854 0.040625 0.073958
2 0.014453 0.965625 0.028906 0.068750
2 0.648047 0.516667 0.035156 0.054167
2 0.189453 0.732812 0.036719 0.078125
2 0.244922 0.373958 0.052344 0.070833
2 0.673828 0.842187 0.041406 0.046875
2 0.782422 0.163021 0.036719 0.051042
2 0.142578 0.410938 0.025781 0.069792
2 0.686719 0.600000 0.026562 0.043750
2 0.748828 0.215625 0.033594 0.035417
2 0.776953 0.278125 0.022656 0.043750
2 0.839844 0.261458 0.026562 0.037500
2 0.187891 0.167187 0.036719 0.051042
2 0.448828 0.750521 0.039844 0.040625
2 0.443750 0.085938 0.025000 0.044792
2 0.514453 0.548958 0.039844 0.027083
2 0.623047 0.178125 0.033594 0.039583
2 0.032422 0.556771 0.027344 0.042708
2 0.460938 0.893229 0.034375 0.061458
2 0.618359 0.104167 0.035156 0.041667
2 0.177344 0.897396 0.031250 0.038542
2 0.748047 0.631250 0.024219 0.039583
2 0.271484 0.022396 0.030469 0.044792
2 0.091016 0.257292 0.030469 0.031250
2 0.423438 0.931250 0.031250 0.033333
2 0.134375 0.832812 0.023438 0.036458
2 0.400781 0.072396 0.023438 0.042708
2 0.055859 0.609896 0.025781 0.042708
2 0.192578 0.847917 0.024219 0.039583
2 0.175000 0.482812 0.025000 0.040625
2 0.167187 0.143229 0.025000 0.032292
2 0.519531 0.943750 0.026562 0.043750
2 0.711719 0.468229 0.029687 0.023958
2 0.059375 0.802083 0.021875 0.039583
2 0.625000 0.598437 0.028125 0.042708
2 0.547266 0.520833 0.024219 0.043750
2 0.085156 0.906771 0.029687 0.034375
2 0.614844 0.464062 0.020313 0.030208
2 0.625391 0.768750 0.030469 0.041667
2 0.781641 0.556250 0.021094 0.029167
2 0.556641 0.839063 0.028906 0.044792
2 0.212500 0.600000 0.026562 0.022917
2 0.180859 0.229687 0.019531 0.030208
2 0.872266 0.407813 0.021094 0.028125
2 0.323828 0.772917 0.022656 0.022917
2 0.674609 0.482812 0.019531 0.026042
2 0.558594 0.614062 0.025000 0.019792
2 0.801172 0.344792 0.017969 0.027083
2 0.378516 0.029687 0.021094 0.028125
2 0.721484 0.560417 0.024219 0.033333
2 0.485156 0.120833 0.020313 0.033333
2 0.586719 0.988542 0.023438 0.022917
2 0.664062 0.571875 0.021875 0.027083
2 0.867969 0.775521 0.020313 0.023958
2 0.295312 0.962500 0.020313 0.022917
2 0.304688 0.030729 0.012500 0.034375
2 0.583984 0.650000 0.017969 0.022917
2 0.304297 0.357812 0.019531 0.019792
2 0.826172 0.333854 0.016406 0.034375
2 0.444531 0.172917 0.020313 0.018750
2 0.423828 0.042188 0.019531 0.017708
2 0.430859 0.633333 0.016406 0.025000
2 0.644531 0.772396 0.017188 0.019792
2 0.379297 0.270313 0.016406 0.017708
2 0.290625 0.792188 0.014063 0.019792
