2 0.400391 0.355208 0.380469 0.389583
2 0.787891 0.723437 0.132031 0.198958
2 0.940625 0.309375 0.118750 0.135417
2 0.643750 0.147917 0.087500 0.114583
2 0.951953 0.952604 0.096094 0.094792
2 0.728906 0.155208 0.062500 0.075000
2 0.174219 0.389062 0.081250 0.082292
2 0.816406 0.110417 0.043750 0.093750
2 0.226953 0.328125 0.047656 0.064583
2 0.175000 0.529687 0.054688 0.088542
2 0.134375 0.109375 0.039062 0.077083
2 0.330078 0.187500 0.047656 0.064583
2 0.845313 0.344792 0.051562 0.072917
2 0.253125 0.950000 0.050000 0.060417
2 0.896484 0.866667 0.035156 0.081250
2 0.687891 0.696875 0.042969 0.064583
2 0.186328 0.811458 0.032031 0.079167
2 0.667188 0.176042 0.046875 0.043750
2 0.739062 0.464062 0.040625 0.053125
2 0.903125 0.326562 0.032813 0.048958
2 0.877734 0.738021 0.035156 0.063542
2 0.299609 0.780208 0.053906 0.045833
2 0.015625 0.967187 0.031250 0.065625
2 0.831641 0.653646 0.038281 0.034375
2 0.291016 0.720313 0.036719 0.040625
2 0.662500 0.619271 0.043750 0.038542
2 0.098828 0.019792 0.027344 0.039583
2 0.841016 0.269792 0.030469 0.039583
