2 0.537891 0.671354 0.225781 0.446875
2 0.757812 0.449479 0.117188 0.246875
2 0.952344 0.944792 0.095312 0.110417
2 0.621875 0.262500 0.112500 0.120833
2 0.656250 0.752083 0.060937 0.166667
2 0.667969 0.903125 0.060937 0.116667
2 0.389062 0.860417 0.050000 0.087500
2 0.254688 0.617708 0.059375 0.087500
2 0.836719 0.185417 0.059375 0.068750
2 0.800781 0.909375 0.037500 0.072917
2 0.479687 0.152604 0.046875 0.048958
2 0.720313 0.638542 0.035937 0.056250
2 0.450781 0.706250 0.056250 0.043750
2 0.709375 0.179167 0.057813 0.064583
2 0.308984 0.738021 0.049219 0.055208
2 0.178125 0.708333 0.042188 0.070833
2 0.716406 0.228646 0.045312 0.044792
2 0.373828 0.310417 0.038281 0.058333
2 0.099609 0.456771 0.033594 0.059375
2 0.255078 0.311458 0.039844 0.039583
2 0.434375 0.971354 0.031250 0.057292
2 0.813281 0.315625 0.029687 0.050000
2 0.932813 0.353125 0.035937 0.062500
2 0.714453 0.290625 0.032031 0.043750
2 0.771094 0.143750 0.031250 0.041667
2 0.008984 0.837500 0.017969 0.066667
2 0.228125 0.386458 0.035937 0.031250
2 0.077344 0.696875 0.025000 0.045833
2 0.768750 0.320312 0.039062 0.032292
2 0.435547 0.217708 0.021094 0.047917
2 0.514062 0.397396 0.028125 0.053125
2 0.491797 0.432292 0.032031 0.043750
2 0.391797 0.670312 0.030469 0.032292
2 0.650391 0.974479 0.017969 0.051042
2 0.508984 0.753125 0.042969 0.027083
2 0.341016 0.488542 0.033594 0.035417
2 0.597266 0.852083 0.035156 0.039583
2 0.382422 0.157812 0.039844 0.030208
2 0.591406 0.439583 0.053125 0.031250
