2 0.621484 0.253125 0.267969 0.310417
2 0.255078 0.314583 0.239844 0.197917
2 0.329297 0.831250 0.136719 0.200000
2 0.499219 0.565104 0.107813 0.192708
2 0.782813 0.073958 0.059375 0.147917
2 0.505859 0.757812 0.055469 0.113542
2 0.437500 0.843229 0.060937 0.117708
2 0.672266 0.159375 0.053906 0.062500
2 0.413281 0.773958 0.053125 0.072917
2 0.240234 0.730729 0.067969 0.048958
2 0.161719 0.415625 0.056250 0.050000
2 0.470703 0.236458 0.028906 0.068750
2 0.280859 0.680208 0.050781 0.041667
2 0.404687 0.547396 0.045312 0.046875
2 0.455859 0.436458 0.025781 0.068750
2 0.112891 0.417708 0.042969 0.037500
2 0.269141 0.581250 0.036719 0.033333
