2 0.166016 0.470313 0.275781 0.207292
2 0.077734 0.840625 0.155469 0.152083
2 0.497656 0.137500 0.114062 0.158333
2 0.345703 0.732292 0.082031 0.197917
2 0.151562 0.046875 0.121875 0.093750
2 0.726562 0.262500 0.090625 0.143750
2 0.142578 0.458333 0.086719 0.129167
2 0.399219 0.206771 0.076563 0.078125
2 0.169141 0.763542 0.066406 0.118750
2 0.193359 0.931771 0.083594 0.080208
2 0.616797 0.941667 0.089844 0.085417
2 0.069922 0.027083 0.061719 0.054167
2 0.245703 0.115104 0.067969 0.078125
2 0.239063 0.260417 0.054688 0.066667
2 0.407813 0.786979 0.046875 0.059375
2 0.547656 0.876042 0.046875 0.058333
2 0.269922 0.737500 0.033594 0.087500
2 0.278906 0.140104 0.037500 0.078125
2 0.390625 0.032292 0.039062 0.064583
2 0.603516 0.154167 0.042969 0.058333
2 0.332422 0.257292 0.039844 0.066667
2 0.074609 0.378125 0.032031 0.062500
2 0.110156 0.974479 0.050000 0.051042
2 0.357031 0.445312 0.029687 0.048958
2 0.375391 0.615104 0.025781 0.061458
2 0.231250 0.376042 0.032813 0.047917
2 0.283984 0.616667 0.033594 0.039583
2 0.007812 0.218750 0.015625 0.062500
2 0.287891 0.288021 0.022656 0.063542
2 0.840625 0.017188 0.026562 0.034375
2 0.511719 0.900000 0.020313 0.041667
2 0.423047 0.137500 0.032031 0.029167
2 0.251172 0.638021 0.024219 0.032292
2 0.291016 0.850000 0.030469 0.035417
2 0.441016 0.021354 0.017969 0.042708
