2 0.453516 0.791667 0.082031 0.091667
2 0.528125 0.273958 0.056250 0.052083
2 0.369922 0.581250 0.036719 0.050000
2 0.552734 0.854688 0.044531 0.051042
2 0.220312 0.426563 0.032813 0.038542
2 0.317188 0.617708 0.021875 0.047917
2 0.374219 0.480729 0.037500 0.028125
2 0.385937 0.432812 0.023438 0.040625
2 0.548047 0.215104 0.025781 0.032292
2 0.494922 0.877604 0.024219 0.038542
2 0.464453 0.726042 0.017969 0.037500
2 0.136328 0.755208 0.021094 0.031250
2 0.517969 0.783854 0.018750 0.034375
2 0.598047 0.845833 0.022656 0.025000
2 0.300391 0.129688 0.016406 0.026042
2 0.108594 0.429167 0.021875 0.020833
2 0.021484 0.526042 0.013281 0.029167
2 0.054688 0.465104 0.020313 0.021875
2 0.238281 0.565104 0.017188 0.021875
2 0.380859 0.516146 0.016406 0.026042
2 0.097266 0.471354 0.014844 0.028125
