2 0.201953 0.714063 0.403906 0.407292
2 0.586328 0.846354 0.271094 0.188542
2 0.620313 0.401562 0.171875 0.226042
2 0.901953 0.363542 0.105469 0.352083
2 0.731250 0.324479 0.193750 0.205208
2 0.414844 0.579167 0.142187 0.183333
2 0.362891 0.071875 0.164844 0.143750
2 0.260547 0.359896 0.211719 0.105208
2 0.949219 0.639583 0.101562 0.137500
2 0.105078 0.234375 0.103906 0.104167
2 0.729688 0.564583 0.085938 0.104167
2 0.202734 0.043229 0.092969 0.086458
2 0.095312 0.408333 0.065625 0.100000
2 0.295312 0.601562 0.075000 0.105208
2 0.792188 0.147917 0.078125 0.072917
2 0.857812 0.683854 0.084375 0.065625
2 0.104297 0.560417 0.083594 0.062500
2 0.205469 0.970833 0.079687 0.058333
2 0.436328 0.366146 0.060156 0.059375
2 0.043359 0.294271 0.046094 0.059375
2 0.730469 0.211979 0.039062 0.115625
2 0.259766 0.538021 0.055469 0.071875
2 0.551562 0.815625 0.048438 0.064583
2 0.173828 0.488021 0.063281 0.059375
2 0.358594 0.693750 0.032813 0.056250
2 0.798828 0.416667 0.042969 0.054167
2 0.781641 0.708333 0.042969 0.062500
2 0.510938 0.751563 0.035937 0.059375
2 0.512500 0.463021 0.029687 0.069792
2 0.343750 0.946354 0.042188 0.048958
2 0.074609 0.843750 0.032031 0.068750
2 0.180859 0.827083 0.046094 0.041667
