2 0.651953 0.745833 0.216406 0.295833
2 0.778906 0.642188 0.117188 0.101042
2 0.964063 0.917708 0.071875 0.164583
2 0.952734 0.034896 0.094531 0.069792
2 0.453125 0.783854 0.059375 0.080208
2 0.937109 0.677083 0.050781 0.077083
2 0.848437 0.031771 0.092188 0.063542
2 0.878125 0.636458 0.051562 0.064583
2 0.558203 0.268750 0.052344 0.079167
2 0.892969 0.091146 0.034375 0.057292
2 0.547266 0.325521 0.036719 0.059375
2 0.488281 0.866667 0.029687 0.056250
2 0.199219 0.380208 0.028125 0.047917
2 0.960156 0.069271 0.029687 0.061458
2 0.520312 0.832812 0.032813 0.073958
2 0.447266 0.016146 0.022656 0.032292
2 0.544531 0.907813 0.023438 0.030208
2 0.851172 0.060417 0.016406 0.037500
