2 0.570312 0.555729 0.134375 0.321875
2 0.570703 0.218229 0.116406 0.161458
2 0.814844 0.226562 0.082812 0.130208
2 0.664062 0.515104 0.093750 0.140625
2 0.210156 0.938021 0.079687 0.123958
2 0.351953 0.944271 0.122656 0.111458
2 0.576172 0.879687 0.067969 0.094792
2 0.878516 0.083333 0.067969 0.097917
2 0.823047 0.335417 0.071094 0.108333
2 0.705469 0.960938 0.059375 0.078125
2 0.753125 0.086458 0.076563 0.093750
2 0.423828 0.853646 0.063281 0.084375
2 0.121484 0.785937 0.072656 0.080208
2 0.300000 0.328125 0.048438 0.104167
2 0.722656 0.360417 0.064062 0.068750
2 0.808203 0.770833 0.052344 0.087500
2 0.211328 0.378646 0.057031 0.086458
2 0.329688 0.551562 0.040625 0.080208
2 0.572656 0.058854 0.042188 0.117708
2 0.293750 0.829688 0.042188 0.067708
2 0.867578 0.558854 0.044531 0.086458
2 0.314844 0.406771 0.051562 0.055208
2 0.850781 0.910417 0.039062 0.075000
2 0.373828 0.590104 0.053906 0.073958
2 0.522266 0.926042 0.050781 0.047917
2 0.883594 0.837500 0.035937 0.062500
2 0.476172 0.094792 0.049219 0.068750
2 0.706250 0.027083 0.039062 0.054167
2 0.970313 0.565625 0.035937 0.045833
2 0.744922 0.490625 0.027344 0.060417
2 0.502344 0.733854 0.029687 0.073958
2 0.907422 0.556771 0.036719 0.040625
2 0.759766 0.423958 0.042969 0.031250
2 0.769922 0.734896 0.039844 0.036458
2 0.833594 0.830729 0.026562 0.040625
2 0.110937 0.879167 0.025000 0.047917
2 0.886328 0.486458 0.028906 0.039583
2 0.232422 0.834375 0.025781 0.056250
2 0.164062 0.423438 0.028125 0.038542
2 0.261719 0.430208 0.034375 0.031250
2 0.860938 0.164062 0.040625 0.036458
2 0.253516 0.349479 0.030469 0.034375
2 0.748437 0.186458 0.025000 0.041667
2 0.969531 0.670312 0.025000 0.030208
2 0.231250 0.288021 0.021875 0.046875
2 0.596094 0.101562 0.025000 0.036458
2 0.527344 0.016146 0.026562 0.032292
2 0.337109 0.681771 0.024219 0.030208
2 0.671875 0.079687 0.034375 0.021875
2 0.727344 0.893229 0.029687 0.026042
2 0.930078 0.650521 0.025781 0.028125
2 0.065234 0.924479 0.019531 0.036458
2 0.571484 0.814583 0.025781 0.029167
2 0.286719 0.529687 0.015625 0.038542
2 0.757422 0.965625 0.022656 0.025000
2 0.649219 0.041667 0.018750 0.031250
2 0.526953 0.987500 0.024219 0.025000
2 0.910547 0.932813 0.022656 0.019792
