2 0.146484 0.394792 0.144531 0.191667
2 0.388281 0.260937 0.090625 0.101042
2 0.514844 0.829688 0.100000 0.113542
2 0.475000 0.568750 0.054688 0.104167
2 0.460938 0.171354 0.054688 0.117708
2 0.036328 0.590625 0.044531 0.093750
2 0.248828 0.323958 0.046094 0.081250
2 0.038281 0.436979 0.040625 0.109375
2 0.409766 0.366146 0.061719 0.063542
2 0.653125 0.852604 0.048438 0.071875
2 0.493359 0.940625 0.058594 0.068750
2 0.757422 0.563542 0.053906 0.054167
2 0.687109 0.570833 0.022656 0.077083
2 0.014453 0.495833 0.028906 0.077083
2 0.353516 0.475000 0.033594 0.045833
2 0.151953 0.442188 0.030469 0.046875
2 0.447266 0.452604 0.038281 0.032292
2 0.595313 0.055208 0.031250 0.033333
2 0.064844 0.615104 0.023438 0.051042
2 0.638281 0.683333 0.026562 0.050000
2 0.570703 0.810937 0.041406 0.038542
2 0.318750 0.360938 0.026562 0.032292
2 0.096875 0.657292 0.023438 0.039583
2 0.434766 0.911979 0.038281 0.048958
2 0.694141 0.767188 0.032031 0.030208
2 0.112500 0.976042 0.026562 0.047917
2 0.551953 0.136979 0.022656 0.036458
2 0.528125 0.016667 0.025000 0.033333
2 0.543359 0.939063 0.022656 0.042708
2 0.513281 0.123958 0.023438 0.047917
2 0.073047 0.085417 0.021094 0.037500
2 0.176172 0.971875 0.022656 0.043750
2 0.007812 0.372396 0.015625 0.057292
2 0.080469 0.694792 0.023438 0.031250
2 0.349219 0.378646 0.023438 0.028125
2 0.615625 0.880208 0.025000 0.029167
2 0.562109 0.078125 0.016406 0.037500
2 0.421875 0.954688 0.020313 0.032292
2 0.318359 0.264583 0.019531 0.037500
2 0.939453 0.018229 0.016406 0.036458
2 0.339453 0.421875 0.014844 0.031250
2 0.391016 0.805729 0.017969 0.028125
2 0.717578 0.617188 0.022656 0.017708
2 0.424609 0.168229 0.016406 0.026042
2 0.456641 0.412500 0.021094 0.020833
2 0.123828 0.380208 0.017969 0.022917
2 0.279297 0.639062 0.013281 0.028125
2 0.725391 0.310417 0.017969 0.020833
2 0.898828 0.252604 0.019531 0.023958
2 0.228125 0.041667 0.015625 0.020833
2 0.773047 0.268750 0.016406 0.016667
2 0.063281 0.397917 0.010937 0.025000
