2 0.674609 0.292708 0.283594 0.312500
2 0.305859 0.324479 0.242969 0.223958
2 0.380469 0.834375 0.179688 0.197917
2 0.540234 0.586979 0.114844 0.188542
2 0.849609 0.126562 0.064844 0.144792
2 0.536328 0.780729 0.058594 0.111458
2 0.463672 0.859375 0.064844 0.116667
2 0.733984 0.200000 0.052344 0.062500
2 0.273047 0.726562 0.067969 0.051042
2 0.529297 0.256771 0.030469 0.069792
2 0.446875 0.559375 0.046875 0.045833
2 0.316406 0.681250 0.050000 0.045833
2 0.503906 0.455208 0.029687 0.068750
2 0.970313 0.038021 0.028125 0.044792
2 0.162109 0.403646 0.042969 0.038542
2 0.309766 0.581250 0.036719 0.035417
