2 0.817969 0.548438 0.198437 0.221875
2 0.630859 0.709375 0.136719 0.129167
2 0.670703 0.492188 0.107031 0.126042
2 0.251563 0.516667 0.090625 0.160417
2 0.405469 0.786979 0.053125 0.148958
2 0.467969 0.271875 0.079687 0.106250
2 0.237891 0.646354 0.094531 0.086458
2 0.502734 0.782813 0.063281 0.086458
2 0.048828 0.220833 0.052344 0.100000
2 0.212109 0.336979 0.075781 0.096875
2 0.398828 0.062500 0.078906 0.116667
2 0.314844 0.441667 0.051562 0.083333
2 0.146484 0.884896 0.057031 0.109375
2 0.532813 0.975000 0.079687 0.050000
2 0.794531 0.651042 0.048438 0.114583
2 0.969531 0.781771 0.060937 0.053125
2 0.323828 0.871875 0.044531 0.085417
2 0.594141 0.272917 0.038281 0.097917
2 0.846094 0.493229 0.042188 0.073958
2 0.883594 0.406771 0.051562 0.063542
2 0.127734 0.972396 0.033594 0.055208
2 0.295312 0.164062 0.037500 0.071875
2 0.745703 0.928646 0.028906 0.088542
2 0.262109 0.406250 0.035156 0.072917
2 0.516406 0.648958 0.028125 0.064583
2 0.319922 0.721875 0.036719 0.039583
2 0.260547 0.221354 0.030469 0.046875
2 0.397656 0.547917 0.045312 0.039583
2 0.831250 0.699479 0.042188 0.048958
2 0.309766 0.654687 0.041406 0.034375
2 0.741406 0.675521 0.029687 0.040625
2 0.510547 0.726042 0.041406 0.033333
2 0.773438 0.513021 0.039062 0.038542
2 0.346094 0.259896 0.023438 0.040625
2 0.167187 0.375000 0.035937 0.039583
2 0.973437 0.573438 0.034375 0.032292
2 0.054297 0.326562 0.032031 0.051042
2 0.122656 0.824479 0.026562 0.040625
2 0.449219 0.697917 0.029687 0.029167
2 0.317188 0.590625 0.021875 0.037500
2 0.827344 0.885417 0.021875 0.033333
2 0.604688 0.432292 0.020313 0.035417
2 0.326172 0.066146 0.028906 0.038542
2 0.070703 0.966146 0.021094 0.034375
2 0.861719 0.308333 0.026562 0.022917
2 0.929297 0.679167 0.019531 0.033333
2 0.871875 0.890625 0.020313 0.025000
2 0.485938 0.955208 0.017188 0.031250
2 0.902734 0.464062 0.027344 0.019792
2 0.630859 0.334896 0.019531 0.028125
2 0.701953 0.648438 0.019531 0.030208
