2 0.094141 0.311458 0.188281 0.204167
2 0.155469 0.571354 0.081250 0.140625
2 0.698828 0.379167 0.067969 0.135417
2 0.509375 0.759375 0.095312 0.052083
2 0.111719 0.171875 0.048438 0.079167
2 0.721875 0.686979 0.064062 0.053125
2 0.325391 0.190625 0.025781 0.047917
2 0.500781 0.940104 0.031250 0.053125
2 0.269531 0.151042 0.028125 0.043750
2 0.399219 0.691667 0.020313 0.045833
2 0.119141 0.051042 0.030469 0.027083
2 0.670703 0.639583 0.027344 0.043750
2 0.474609 0.705208 0.021094 0.031250
2 0.453125 0.620313 0.023438 0.028125
2 0.302734 0.332292 0.024219 0.035417
2 0.050781 0.052604 0.020313 0.032292
2 0.108984 0.091146 0.025781 0.028125
2 0.455859 0.836458 0.024219 0.031250
2 0.531250 0.852604 0.021875 0.036458
2 0.850781 0.669792 0.017188 0.035417
2 0.694922 0.266146 0.021094 0.028125
2 0.371875 0.587500 0.018750 0.029167
2 0.389844 0.634896 0.017188 0.028125
2 0.338672 0.760417 0.019531 0.033333
