2 0.078125 0.935937 0.107813 0.117708
2 0.651563 0.635938 0.068750 0.138542
2 0.342969 0.832812 0.053125 0.105208
2 0.299609 0.744271 0.058594 0.105208
2 0.110156 0.577604 0.079687 0.098958
2 0.046094 0.115625 0.059375 0.097917
2 0.180469 0.563542 0.053125 0.110417
2 0.386328 0.953125 0.063281 0.093750
2 0.307422 0.074479 0.064844 0.082292
2 0.465234 0.094271 0.052344 0.059375
2 0.691406 0.942708 0.060937 0.054167
2 0.420312 0.633854 0.034375 0.055208
2 0.553516 0.281250 0.039844 0.052083
2 0.373047 0.099479 0.055469 0.046875
2 0.446094 0.958333 0.040625 0.045833
2 0.057422 0.812500 0.039844 0.050000
2 0.610547 0.379167 0.028906 0.039583
2 0.521094 0.332813 0.034375 0.036458
2 0.021484 0.558333 0.042969 0.031250
2 0.549219 0.395833 0.023438 0.043750
2 0.173828 0.191146 0.025781 0.046875
2 0.459375 0.717187 0.026562 0.042708
2 0.216406 0.203125 0.026562 0.045833
2 0.391016 0.221875 0.036719 0.043750
2 0.394922 0.296354 0.035156 0.040625
2 0.287109 0.667188 0.039844 0.028125
2 0.024609 0.984375 0.030469 0.031250
2 0.160547 0.022396 0.022656 0.044792
2 0.519531 0.747917 0.025000 0.039583
2 0.221484 0.866667 0.038281 0.041667
2 0.025781 0.508854 0.026562 0.036458
2 0.011719 0.154688 0.023438 0.032292
2 0.483203 0.586458 0.030469 0.025000
2 0.011328 0.945312 0.022656 0.038542
2 0.553125 0.673438 0.021875 0.030208
2 0.319922 0.638542 0.024219 0.045833
2 0.396875 0.715625 0.028125 0.041667
2 0.387109 0.582292 0.021094 0.031250
2 0.596875 0.451042 0.021875 0.037500
2 0.643750 0.525000 0.021875 0.029167
2 0.257422 0.238021 0.022656 0.036458
2 0.397656 0.884896 0.029687 0.040625
2 0.290234 0.117708 0.024219 0.022917
2 0.573047 0.461979 0.017969 0.028125
2 0.637500 0.900521 0.025000 0.040625
2 0.818359 0.913542 0.017969 0.035417
2 0.151953 0.149479 0.022656 0.028125
2 0.446484 0.599479 0.019531 0.026042
2 0.330859 0.730729 0.024219 0.019792
2 0.493750 0.677604 0.023438 0.032292
2 0.006641 0.863542 0.013281 0.035417
2 0.436328 0.689583 0.021094 0.027083
2 0.196875 0.160938 0.021875 0.019792
2 0.520312 0.067187 0.018750 0.023958
2 0.078516 0.150000 0.014844 0.035417
2 0.217969 0.290625 0.021875 0.018750
2 0.322656 0.944792 0.017188 0.020833
2 0.012891 0.008333 0.025781 0.016667
2 0.356250 0.768229 0.017188 0.017708
2 0.078516 0.475521 0.017969 0.017708
2 0.674609 0.304167 0.016406 0.020833
2 0.203516 0.751042 0.016406 0.025000
2 0.153125 0.388021 0.017188 0.017708
2 0.078906 0.867188 0.015625 0.017708
2 0.511328 0.380729 0.016406 0.017708
