2 0.503516 0.532292 0.278906 0.543750
2 0.758203 0.801562 0.257031 0.215625
2 0.329297 0.822396 0.213281 0.123958
2 0.946094 0.623958 0.107813 0.170833
2 0.217578 0.516667 0.102344 0.154167
2 0.319141 0.486458 0.105469 0.104167
2 0.541406 0.927083 0.109375 0.145833
2 0.862109 0.422396 0.063281 0.107292
2 0.167578 0.756771 0.083594 0.055208
2 0.335156 0.322917 0.054688 0.120833
2 0.048828 0.259896 0.085156 0.071875
2 0.142187 0.868750 0.085938 0.137500
2 0.123047 0.538021 0.060156 0.078125
2 0.550781 0.799479 0.062500 0.063542
2 0.782422 0.426563 0.052344 0.073958
2 0.311719 0.108854 0.045312 0.078125
2 0.118750 0.629687 0.043750 0.069792
2 0.172266 0.050521 0.064844 0.101042
2 0.792188 0.543229 0.076563 0.053125
2 0.026562 0.592187 0.040625 0.088542
2 0.277344 0.207292 0.057813 0.052083
2 0.260937 0.072396 0.059375 0.059375
2 0.100781 0.728125 0.039062 0.085417
2 0.019922 0.814063 0.039844 0.069792
2 0.372266 0.222396 0.049219 0.071875
2 0.703125 0.967708 0.051562 0.031250
2 0.044531 0.120833 0.031250 0.066667
2 0.707031 0.892708 0.031250 0.045833
2 0.238672 0.376042 0.041406 0.062500
2 0.711719 0.255208 0.025000 0.056250
2 0.119141 0.048958 0.032031 0.056250
2 0.704688 0.181250 0.043750 0.050000
