2 0.335547 0.364583 0.277344 0.233333
2 0.583203 0.490625 0.128906 0.325000
2 0.723437 0.383854 0.110937 0.196875
2 0.920703 0.676042 0.158594 0.237500
2 0.137109 0.630208 0.202344 0.233333
2 0.328906 0.514583 0.153125 0.097917
2 0.469531 0.489583 0.093750 0.108333
2 0.226172 0.229687 0.089844 0.117708
2 0.336719 0.622917 0.090625 0.108333
2 0.625000 0.966146 0.109375 0.067708
2 0.740625 0.862500 0.095312 0.072917
2 0.613672 0.877083 0.085156 0.100000
2 0.093750 0.471875 0.087500 0.062500
2 0.289062 0.187500 0.054688 0.072917
2 0.175391 0.303125 0.052344 0.091667
2 0.165234 0.432292 0.042969 0.085417
2 0.838672 0.511458 0.046094 0.081250
2 0.078906 0.966146 0.048438 0.067708
2 0.967187 0.892188 0.065625 0.053125
2 0.122266 0.114583 0.039844 0.079167
2 0.498047 0.392188 0.039844 0.059375
2 0.773047 0.729688 0.047656 0.069792
2 0.454688 0.925000 0.059375 0.058333
2 0.276172 0.734375 0.052344 0.064583
2 0.853906 0.685937 0.031250 0.067708
2 0.598437 0.431250 0.039062 0.043750
2 0.808203 0.329167 0.041406 0.054167
2 0.644531 0.757292 0.042188 0.047917
2 0.586328 0.643750 0.027344 0.066667
2 0.170313 0.711458 0.026562 0.058333
2 0.621484 0.578125 0.027344 0.045833
2 0.852734 0.846354 0.025781 0.055208
2 0.091406 0.018750 0.026562 0.037500
2 0.608594 0.702083 0.026562 0.035417
2 0.159375 0.790625 0.021875 0.045833
2 0.110547 0.620833 0.028906 0.041667
2 0.775000 0.620313 0.025000 0.032292
2 0.899609 0.824479 0.028906 0.032292
2 0.170313 0.521354 0.028125 0.026042
2 0.917578 0.953125 0.021094 0.031250
2 0.101953 0.403125 0.025781 0.035417
2 0.175000 0.166146 0.021875 0.030208
