2 0.393750 0.170833 0.139063 0.210417
2 0.300000 0.065104 0.095312 0.088542
2 0.856641 0.800000 0.080469 0.114583
2 0.560547 0.532292 0.071094 0.089583
2 0.657422 0.103125 0.044531 0.095833
2 0.365234 0.281771 0.064844 0.059375
2 0.473438 0.348438 0.029687 0.088542
2 0.651563 0.699479 0.048438 0.076042
2 0.638281 0.514583 0.043750 0.079167
2 0.546094 0.019271 0.068750 0.038542
2 0.793750 0.708333 0.039062 0.091667
2 0.248438 0.126042 0.040625 0.037500
2 0.626953 0.023438 0.041406 0.046875
2 0.753125 0.481771 0.031250 0.057292
2 0.688281 0.123438 0.025000 0.051042
2 0.814844 0.469792 0.028125 0.047917
2 0.657813 0.620833 0.023438 0.045833
2 0.400391 0.431771 0.030469 0.036458
2 0.721484 0.163542 0.025781 0.039583
2 0.322656 0.200521 0.032813 0.034375
2 0.399609 0.165104 0.032031 0.034375
2 0.725391 0.572917 0.030469 0.041667
2 0.837891 0.561979 0.030469 0.040625
2 0.707031 0.198437 0.025000 0.038542
2 0.046875 0.260417 0.018750 0.050000
2 0.826172 0.709896 0.022656 0.034375
2 0.073047 0.231771 0.027344 0.028125
2 0.769141 0.652083 0.032031 0.031250
2 0.759766 0.611979 0.021094 0.044792
2 0.378906 0.122396 0.023438 0.044792
2 0.492578 0.434896 0.021094 0.030208
2 0.030859 0.050000 0.022656 0.035417
2 0.686719 0.692187 0.020313 0.036458
2 0.210938 0.030208 0.021875 0.029167
2 0.506641 0.351562 0.019531 0.023958
2 0.830469 0.667708 0.018750 0.027083
2 0.628125 0.450000 0.020313 0.025000
2 0.313672 0.143750 0.016406 0.027083
2 0.902734 0.130729 0.014844 0.030208
2 0.769531 0.555208 0.014063 0.029167
2 0.828125 0.607812 0.017188 0.023958
2 0.056641 0.085417 0.014844 0.033333
2 0.364844 0.330208 0.017188 0.025000
