2 0.625000 0.852083 0.192188 0.197917
2 0.313672 0.387500 0.102344 0.112500
2 0.323828 0.535937 0.110156 0.123958
2 0.754297 0.766667 0.078906 0.108333
2 0.478125 0.708333 0.059375 0.106250
2 0.304297 0.236458 0.063281 0.106250
2 0.707422 0.152083 0.060156 0.050000
2 0.650781 0.579688 0.029687 0.065625
2 0.182422 0.257812 0.035156 0.051042
2 0.414453 0.686458 0.028906 0.058333
2 0.985156 0.027604 0.029687 0.055208
2 0.512500 0.802604 0.045312 0.046875
2 0.861719 0.053125 0.037500 0.039583
2 0.200000 0.199479 0.029687 0.046875
2 0.661328 0.243229 0.030469 0.026042
2 0.263672 0.047396 0.021094 0.034375
2 0.662109 0.101562 0.017969 0.034375
