2 0.569141 0.431771 0.183594 0.365625
2 0.185547 0.103125 0.200781 0.206250
2 0.386719 0.038542 0.142187 0.077083
2 0.049219 0.089063 0.098437 0.115625
2 0.485156 0.630729 0.096875 0.046875
2 0.701953 0.110937 0.069531 0.086458
2 0.660156 0.169271 0.048438 0.067708
2 0.610938 0.176563 0.035937 0.088542
2 0.845313 0.042708 0.032813 0.085417
2 0.587500 0.071354 0.043750 0.059375
2 0.383203 0.709375 0.046094 0.056250
2 0.211719 0.132292 0.045312 0.083333
2 0.336328 0.720313 0.033594 0.057292
2 0.244922 0.121354 0.028906 0.055208
2 0.361719 0.635938 0.029687 0.057292
2 0.394141 0.110417 0.044531 0.047917
2 0.480469 0.785417 0.034375 0.052083
2 0.282031 0.576042 0.039062 0.052083
2 0.339062 0.443229 0.026562 0.053125
2 0.449219 0.576042 0.045312 0.027083
2 0.227734 0.642708 0.032031 0.035417
2 0.164453 0.567708 0.021094 0.039583
2 0.189453 0.819271 0.036719 0.030208
2 0.871484 0.567187 0.030469 0.040625
2 0.035547 0.259896 0.030469 0.036458
2 0.417578 0.655208 0.021094 0.033333
2 0.258594 0.009896 0.032813 0.019792
