2 0.782692 0.550427 0.178205 0.194872
2 0.951923 0.754701 0.096154 0.131624
2 0.682692 0.368376 0.029487 0.063248
2 0.508974 0.571795 0.033333 0.066667
2 0.966026 0.504274 0.032051 0.058120
2 0.908333 0.898291 0.019231 0.046154
2 0.572436 0.352137 0.029487 0.030769
2 0.517308 0.242735 0.019231 0.034188
2 0.463462 0.474359 0.019231 0.035897
2 0.372436 0.089744 0.026923 0.029060
2 0.723718 0.425641 0.019231 0.034188
2 0.683974 0.298291 0.019231 0.032479
2 0.904487 0.208547 0.029487 0.058120
2 0.983333 0.962393 0.017949 0.034188
2 0.850000 0.917094 0.017949 0.035897
2 0.946795 0.431624 0.019231 0.029060
