2 0.134615 0.717094 0.082051 0.121368
2 0.246795 0.658974 0.080769 0.070085
2 0.169231 0.572650 0.053846 0.071795
2 0.647436 0.675214 0.041026 0.075214
2 0.604487 0.515385 0.050000 0.059829
2 0.510256 0.786325 0.033333 0.054701
2 0.607692 0.711966 0.025641 0.056410
2 0.641667 0.857265 0.021795 0.059829
2 0.308333 0.247863 0.032051 0.054701
2 0.057051 0.865812 0.026923 0.059829
2 0.912821 0.524786 0.028205 0.054701
2 0.039744 0.701709 0.025641 0.046154
2 0.195513 0.696581 0.034615 0.042735
2 0.664103 0.376068 0.028205 0.037607
2 0.683974 0.824786 0.019231 0.046154
2 0.610256 0.461538 0.035897 0.034188
2 0.450641 0.689744 0.029487 0.029060
2 0.630769 0.591453 0.020513 0.037607
2 0.451282 0.464957 0.025641 0.037607
2 0.653205 0.265812 0.019231 0.046154
2 0.387821 0.502564 0.026923 0.030769
2 0.526282 0.581197 0.024359 0.030769
2 0.594872 0.404274 0.035897 0.029060
2 0.346795 0.535897 0.024359 0.029060
2 0.430128 0.731624 0.034615 0.030769
2 0.589744 0.641880 0.033333 0.029060
2 0.114103 0.900000 0.017949 0.032479
2 0.868590 0.949573 0.016667 0.035897
2 0.809615 0.738462 0.019231 0.041026
2 0.579487 0.223932 0.023077 0.041026
2 0.452564 0.560684 0.025641 0.027350
2 0.626923 0.794872 0.023077 0.027350
2 0.257692 0.800855 0.030769 0.018803
2 0.449359 0.396581 0.024359 0.027350
2 0.757692 0.633333 0.025641 0.035897
2 0.007692 0.517949 0.015385 0.030769
2 0.357692 0.114530 0.017949 0.034188
2 0.664744 0.551282 0.019231 0.025641
2 0.404487 0.042735 0.016667 0.027350
2 0.556410 0.627350 0.015385 0.027350
2 0.650641 0.442735 0.016667 0.027350
2 0.269872 0.589744 0.016667 0.023932
2 0.705128 0.884615 0.023077 0.018803
2 0.225000 0.368376 0.019231 0.022222
2 0.837821 0.707692 0.021795 0.020513
2 0.388462 0.376923 0.012821 0.029060
2 0.901923 0.379487 0.014103 0.030769
2 0.737821 0.587179 0.014103 0.025641
2 0.358974 0.394872 0.015385 0.023932
2 0.366026 0.272650 0.019231 0.018803
2 0.676282 0.717949 0.019231 0.017094
2 0.055769 0.382906 0.021795 0.017094
2 0.141026 0.317949 0.015385 0.020513
2 0.398077 0.150427 0.014103 0.020513
2 0.576923 0.749573 0.015385 0.018803
2 0.212821 0.237607 0.015385 0.020513
2 0.915385 0.019658 0.012821 0.022222
