2 0.810897 0.267521 0.052564 0.117949
2 0.248718 0.694872 0.061538 0.097436
2 0.013462 0.540171 0.026923 0.153846
2 0.476282 0.047009 0.029487 0.056410
2 0.139103 0.349573 0.032051 0.063248
2 0.268590 0.536752 0.034615 0.044444
2 0.284615 0.303419 0.041026 0.046154
2 0.047436 0.291453 0.035897 0.029060
2 0.582051 0.410256 0.025641 0.054701
2 0.456410 0.415385 0.023077 0.061538
2 0.210256 0.319658 0.023077 0.047863
2 0.540385 0.982051 0.029487 0.035897
2 0.326282 0.708547 0.021795 0.042735
2 0.365385 0.085470 0.025641 0.037607
2 0.632051 0.340171 0.020513 0.037607
2 0.236538 0.770085 0.024359 0.035897
2 0.794231 0.399145 0.032051 0.022222
2 0.923718 0.450427 0.021795 0.032479
2 0.358974 0.307692 0.020513 0.034188
2 0.927564 0.252137 0.019231 0.032479
2 0.242949 0.460684 0.019231 0.032479
2 0.358974 0.375214 0.020513 0.029060
2 0.979487 0.432479 0.017949 0.030769
2 0.762179 0.828205 0.014103 0.035897
2 0.322436 0.442735 0.024359 0.023932
2 0.191026 0.522222 0.020513 0.022222
2 0.568590 0.163248 0.016667 0.025641
2 0.993590 0.469231 0.012821 0.032479
2 0.846795 0.604274 0.016667 0.025641
2 0.488462 0.933333 0.015385 0.023932
2 0.242949 0.919658 0.014103 0.023932
2 0.956410 0.201709 0.017949 0.020513
2 0.083333 0.875214 0.012821 0.023932
