2 0.914103 0.672650 0.038462 0.097436
2 0.679487 0.617094 0.043590 0.095726
2 0.039103 0.249573 0.044872 0.082051
2 0.845513 0.815385 0.044872 0.088889
2 0.457051 0.325641 0.067949 0.049573
2 0.582051 0.637607 0.038462 0.064957
2 0.760897 0.523932 0.050000 0.049573
2 0.504487 0.153846 0.034615 0.058120
2 0.967308 0.723932 0.019231 0.073504
2 0.989103 0.338462 0.021795 0.061538
2 0.665385 0.500000 0.033333 0.032479
2 0.525641 0.373504 0.028205 0.029060
2 0.515385 0.307692 0.028205 0.034188
2 0.315385 0.594872 0.028205 0.034188
2 0.896795 0.822222 0.024359 0.037607
2 0.489744 0.264957 0.023077 0.034188
2 0.957692 0.367521 0.020513 0.041026
2 0.396795 0.252991 0.024359 0.034188
2 0.824359 0.376068 0.020513 0.034188
2 0.823077 0.115385 0.020513 0.035897
2 0.544231 0.328205 0.014103 0.044444
2 0.617949 0.578632 0.017949 0.039316
2 0.038462 0.978632 0.023077 0.042735
2 0.741667 0.090598 0.021795 0.030769
2 0.314103 0.534188 0.020513 0.032479
2 0.571795 0.923077 0.015385 0.041026
2 0.930769 0.333333 0.017949 0.030769
2 0.975000 0.571795 0.021795 0.022222
2 0.501923 0.097436 0.019231 0.027350
2 0.661538 0.039316 0.012821 0.037607
2 0.542949 0.082906 0.016667 0.032479
2 0.958333 0.450427 0.019231 0.022222
2 0.392308 0.492308 0.020513 0.020513
2 0.501923 0.469231 0.019231 0.022222
2 0.973718 0.802564 0.014103 0.025641
2 0.625641 0.735043 0.017949 0.020513
2 0.932051 0.938462 0.012821 0.030769
2 0.677564 0.317094 0.011538 0.025641
2 0.947436 0.107692 0.010256 0.030769
2 0.888462 0.094017 0.015385 0.020513
2 0.006410 0.960684 0.012821 0.023932
2 0.628846 0.060684 0.014103 0.022222
