2 0.362179 0.659829 0.039744 0.088889
2 0.635256 0.664957 0.026923 0.058120
2 0.754487 0.529060 0.034615 0.063248
2 0.657692 0.605128 0.030769 0.051282
2 0.423077 0.526496 0.041026 0.030769
2 0.503205 0.745299 0.026923 0.054701
2 0.621154 0.812821 0.026923 0.035897
2 0.588462 0.500000 0.025641 0.042735
2 0.596795 0.585470 0.047436 0.035897
2 0.663462 0.332479 0.024359 0.035897
2 0.542308 0.722222 0.017949 0.042735
2 0.213462 0.631624 0.029487 0.035897
2 0.960897 0.579487 0.021795 0.034188
2 0.072436 0.804274 0.029487 0.029060
2 0.555128 0.521368 0.017949 0.034188
2 0.409615 0.820513 0.037179 0.023932
2 0.667308 0.817094 0.021795 0.034188
2 0.762821 0.691453 0.020513 0.025641
2 0.572436 0.310256 0.019231 0.042735
2 0.689744 0.541880 0.020513 0.023932
2 0.603846 0.694872 0.017949 0.025641
2 0.289744 0.354701 0.020513 0.022222
2 0.421154 0.782906 0.019231 0.020513
2 0.375000 0.834188 0.016667 0.020513
2 0.906410 0.682051 0.015385 0.023932
2 0.295513 0.663248 0.016667 0.020513
2 0.710256 0.794872 0.012821 0.023932
2 0.071795 0.755556 0.017949 0.017094
