2 0.107051 0.616239 0.044872 0.100855
2 0.371795 0.800000 0.051282 0.088889
2 0.864103 0.664103 0.038462 0.046154
2 0.445513 0.188034 0.037179 0.061538
2 0.420513 0.647009 0.035897 0.035897
2 0.803846 0.647863 0.043590 0.027350
2 0.378205 0.634188 0.025641 0.030769
2 0.221154 0.739316 0.019231 0.046154
2 0.278846 0.778632 0.042308 0.032479
2 0.301923 0.492308 0.021795 0.037607
2 0.428205 0.345299 0.030769 0.034188
2 0.872436 0.573504 0.019231 0.042735
2 0.633974 0.732479 0.019231 0.039316
2 0.727564 0.716239 0.021795 0.041026
2 0.673077 0.351282 0.017949 0.035897
2 0.267308 0.536752 0.019231 0.034188
2 0.192949 0.540171 0.016667 0.037607
2 0.724359 0.335043 0.020513 0.030769
2 0.209615 0.387179 0.019231 0.029060
2 0.496154 0.208547 0.017949 0.037607
2 0.179487 0.476068 0.015385 0.035897
2 0.510897 0.075214 0.024359 0.020513
2 0.782692 0.733333 0.021795 0.034188
2 0.908974 0.503419 0.020513 0.039316
2 0.905769 0.405128 0.026923 0.023932
2 0.282051 0.729060 0.020513 0.029060
2 0.766026 0.706838 0.021795 0.029060
2 0.473077 0.758974 0.023077 0.023932
2 0.521154 0.571795 0.016667 0.025641
2 0.496154 0.352137 0.017949 0.027350
2 0.507051 0.253846 0.016667 0.025641
2 0.315385 0.723077 0.017949 0.023932
2 0.725000 0.758974 0.021795 0.020513
2 0.676923 0.794872 0.015385 0.030769
2 0.978846 0.546154 0.016667 0.025641
2 0.371154 0.700855 0.019231 0.020513
2 0.434615 0.723077 0.012821 0.030769
2 0.903846 0.893162 0.015385 0.035897
2 0.512821 0.658974 0.015385 0.025641
2 0.029487 0.339316 0.015385 0.029060
2 0.589744 0.360684 0.023077 0.023932
2 0.134615 0.682051 0.015385 0.023932
2 0.373077 0.206838 0.015385 0.023932
2 0.014103 0.289744 0.015385 0.022222
2 0.800641 0.682051 0.016667 0.020513
2 0.582051 0.566667 0.015385 0.018803
2 0.358333 0.332479 0.011538 0.025641
2 0.181410 0.394872 0.016667 0.017094
