2 0.500000 0.810256 0.148718 0.181197
2 0.682692 0.207692 0.129487 0.186325
2 0.425641 0.595726 0.107692 0.128205
2 0.878205 0.274359 0.105128 0.107692
2 0.571154 0.694872 0.111538 0.117949
2 0.440385 0.300000 0.132051 0.070085
2 0.176282 0.678632 0.044872 0.088889
2 0.742949 0.454701 0.060256 0.054701
2 0.354487 0.158120 0.047436 0.070085
2 0.788462 0.894017 0.038462 0.088889
2 0.830128 0.341026 0.037179 0.059829
2 0.298077 0.711111 0.052564 0.037607
2 0.141667 0.827350 0.034615 0.051282
2 0.682692 0.750427 0.039744 0.064957
2 0.260897 0.858120 0.024359 0.061538
2 0.308974 0.069231 0.033333 0.046154
2 0.100000 0.025641 0.035897 0.037607
2 0.555769 0.125641 0.029487 0.035897
2 0.833974 0.712821 0.021795 0.034188
2 0.033333 0.449573 0.023077 0.034188
2 0.208974 0.768376 0.023077 0.029060
2 0.291026 0.891453 0.020513 0.035897
2 0.753846 0.986325 0.020513 0.027350
2 0.643590 0.523932 0.017949 0.032479
2 0.391667 0.970940 0.016667 0.037607
2 0.732692 0.279487 0.021795 0.025641
2 0.780769 0.298291 0.015385 0.032479
2 0.008974 0.641880 0.017949 0.032479
2 0.144872 0.377778 0.017949 0.030769
2 0.740385 0.903419 0.016667 0.029060
2 0.161538 0.524786 0.017949 0.027350
2 0.912179 0.609402 0.016667 0.025641
