2 0.877564 0.430769 0.103846 0.109402
2 0.640385 0.364957 0.065385 0.107692
2 0.719231 0.533333 0.074359 0.147009
2 0.801282 0.235897 0.079487 0.061538
2 0.751923 0.350427 0.044872 0.061538
2 0.702564 0.779487 0.028205 0.071795
2 0.426923 0.447863 0.033333 0.064957
2 0.611538 0.462393 0.035897 0.046154
2 0.301923 0.600855 0.032051 0.039316
2 0.137179 0.511111 0.030769 0.041026
2 0.700641 0.348718 0.029487 0.037607
2 0.400000 0.836752 0.025641 0.042735
2 0.620513 0.785470 0.028205 0.039316
2 0.435256 0.971795 0.019231 0.056410
2 0.235256 0.269231 0.042308 0.052991
2 0.432692 0.207692 0.026923 0.039316
2 0.360897 0.773504 0.021795 0.049573
2 0.517308 0.086325 0.032051 0.052991
2 0.626923 0.069231 0.020513 0.059829
2 0.594872 0.386325 0.025641 0.037607
2 0.178205 0.758120 0.020513 0.042735
2 0.879487 0.647863 0.023077 0.041026
2 0.432051 0.109402 0.033333 0.027350
2 0.072436 0.347009 0.026923 0.030769
2 0.403846 0.158974 0.023077 0.030769
2 0.007051 0.484615 0.014103 0.052991
2 0.719872 0.686325 0.019231 0.035897
2 0.660897 0.745299 0.021795 0.030769
2 0.426282 0.380342 0.021795 0.032479
2 0.931410 0.117094 0.024359 0.035897
2 0.060256 0.631624 0.020513 0.029060
2 0.596795 0.609402 0.024359 0.032479
2 0.969231 0.481197 0.023077 0.025641
2 0.903205 0.603419 0.024359 0.023932
2 0.670513 0.522222 0.028205 0.032479
2 0.853846 0.411966 0.025641 0.030769
2 0.232051 0.364957 0.017949 0.029060
2 0.833333 0.536752 0.017949 0.027350
2 0.434615 0.837607 0.017949 0.027350
2 0.756410 0.156410 0.017949 0.025641
2 0.143590 0.094017 0.012821 0.034188
2 0.260897 0.718803 0.019231 0.025641
2 0.058974 0.882051 0.015385 0.030769
2 0.982692 0.704274 0.024359 0.020513
2 0.410897 0.933333 0.016667 0.023932
2 0.371154 0.304274 0.014103 0.023932
2 0.232051 0.770085 0.020513 0.018803
2 0.887821 0.336752 0.014103 0.023932
2 0.236538 0.462393 0.014103 0.022222
2 0.912179 0.644444 0.019231 0.017094
2 0.277564 0.541880 0.011538 0.023932
