2 0.811538 0.560684 0.079487 0.123077
2 0.483974 0.270940 0.057692 0.111111
2 0.979487 0.920513 0.041026 0.158974
2 0.757051 0.442735 0.029487 0.105983
2 0.517949 0.100000 0.043590 0.052991
2 0.304487 0.271795 0.052564 0.044444
2 0.511538 0.795726 0.043590 0.063248
2 0.018590 0.799145 0.037179 0.056410
2 0.055769 0.946154 0.029487 0.059829
2 0.109615 0.557265 0.042308 0.047863
2 0.565385 0.643590 0.030769 0.046154
2 0.746154 0.308547 0.033333 0.063248
2 0.185256 0.475214 0.029487 0.037607
2 0.520513 0.866667 0.028205 0.044444
2 0.641667 0.265812 0.034615 0.022222
2 0.046795 0.855556 0.021795 0.042735
2 0.209615 0.766667 0.021795 0.042735
2 0.711538 0.738462 0.023077 0.051282
2 0.871795 0.287179 0.015385 0.041026
2 0.810897 0.316239 0.024359 0.023932
2 0.592949 0.766667 0.016667 0.032479
2 0.623077 0.388889 0.030769 0.025641
2 0.742308 0.952137 0.025641 0.023932
2 0.207051 0.082906 0.016667 0.029060
2 0.915385 0.489744 0.020513 0.029060
2 0.864744 0.700000 0.019231 0.025641
2 0.480128 0.703419 0.021795 0.018803
2 0.466667 0.177778 0.015385 0.027350
2 0.392949 0.473504 0.016667 0.023932
2 0.725641 0.501709 0.015385 0.025641
2 0.655769 0.747863 0.016667 0.029060
2 0.703205 0.981197 0.021795 0.020513
2 0.539103 0.235043 0.014103 0.022222
2 0.744872 0.642735 0.012821 0.020513
2 0.507051 0.424786 0.011538 0.025641
2 0.158333 0.695726 0.014103 0.020513
2 0.776282 0.692308 0.011538 0.027350
2 0.442949 0.258120 0.016667 0.017094
