2 0.433974 0.611966 0.096154 0.150427
2 0.369872 0.660684 0.080769 0.087179
2 0.282051 0.069231 0.051282 0.056410
2 0.360256 0.244444 0.051282 0.061538
2 0.420513 0.383761 0.048718 0.052991
2 0.298077 0.929060 0.032051 0.046154
2 0.920513 0.858120 0.028205 0.041026
2 0.718590 0.535043 0.032051 0.041026
2 0.110897 0.384615 0.034615 0.037607
2 0.850641 0.435043 0.032051 0.039316
2 0.601282 0.822222 0.023077 0.047863
2 0.936538 0.982051 0.039744 0.035897
2 0.159615 0.417949 0.016667 0.046154
2 0.951923 0.061538 0.024359 0.030769
2 0.273077 0.252991 0.028205 0.027350
2 0.828846 0.388889 0.024359 0.029060
2 0.357692 0.118803 0.025641 0.029060
2 0.923077 0.597436 0.020513 0.029060
2 0.385256 0.343590 0.021795 0.023932
2 0.555769 0.041026 0.019231 0.023932
2 0.361538 0.710256 0.020513 0.025641
2 0.970513 0.105983 0.012821 0.023932
