2 0.079487 0.302564 0.089744 0.082051
2 0.219231 0.379487 0.064103 0.061538
2 0.437179 0.360684 0.048718 0.068376
2 0.358333 0.572650 0.042308 0.071795
2 0.274359 0.529060 0.046154 0.039316
2 0.350000 0.789744 0.030769 0.068376
2 0.164744 0.134188 0.024359 0.080342
2 0.283333 0.938462 0.028205 0.068376
2 0.103846 0.571795 0.028205 0.046154
2 0.260256 0.594872 0.023077 0.068376
2 0.776282 0.876923 0.019231 0.058120
2 0.053205 0.389744 0.024359 0.044444
2 0.762179 0.932479 0.026923 0.032479
2 0.726923 0.839316 0.035897 0.023932
2 0.871154 0.756410 0.019231 0.035897
2 0.702564 0.982906 0.020513 0.034188
2 0.724359 0.397436 0.025641 0.025641
2 0.607692 0.443590 0.017949 0.046154
2 0.244231 0.305128 0.019231 0.035897
2 0.934615 0.794017 0.023077 0.035897
2 0.071795 0.652991 0.028205 0.030769
2 0.685897 0.692308 0.020513 0.034188
2 0.180769 0.216239 0.020513 0.029060
2 0.811538 0.730769 0.028205 0.022222
2 0.535897 0.487179 0.015385 0.044444
2 0.450000 0.541880 0.025641 0.034188
2 0.657051 0.723077 0.019231 0.037607
2 0.742308 0.716239 0.017949 0.030769
2 0.659615 0.372650 0.019231 0.030769
2 0.944872 0.025641 0.023077 0.020513
2 0.741667 0.884615 0.016667 0.025641
2 0.120513 0.740171 0.017949 0.023932
2 0.088462 0.734188 0.017949 0.029060
2 0.378846 0.495726 0.019231 0.020513
2 0.078205 0.950427 0.015385 0.027350
2 0.412821 0.486325 0.015385 0.029060
2 0.208974 0.241880 0.015385 0.029060
2 0.158333 0.488889 0.014103 0.023932
2 0.258333 0.112821 0.011538 0.027350
2 0.229487 0.687179 0.023077 0.023932
2 0.057051 0.522222 0.014103 0.022222
2 0.691026 0.647863 0.012821 0.023932
