2 0.625000 0.498291 0.044872 0.135043
2 0.546154 0.424786 0.069231 0.083761
2 0.691026 0.578632 0.053846 0.090598
2 0.567308 0.176923 0.034615 0.035897
2 0.740385 0.558120 0.024359 0.042735
2 0.293590 0.546154 0.035897 0.039316
2 0.769872 0.023932 0.019231 0.047863
2 0.174359 0.852137 0.023077 0.032479
2 0.451923 0.552991 0.019231 0.042735
2 0.316667 0.127350 0.020513 0.049573
2 0.529487 0.337607 0.017949 0.035897
2 0.475000 0.253846 0.024359 0.032479
2 0.796795 0.389744 0.019231 0.030769
2 0.207051 0.389744 0.021795 0.023932
2 0.317949 0.186325 0.017949 0.034188
2 0.638462 0.610256 0.025641 0.020513
2 0.540385 0.682906 0.024359 0.025641
2 0.713462 0.501709 0.011538 0.039316
2 0.367308 0.184615 0.014103 0.027350
2 0.783974 0.484615 0.016667 0.025641
2 0.068590 0.370940 0.014103 0.034188
2 0.421154 0.706838 0.014103 0.022222
2 0.667949 0.229060 0.015385 0.020513
2 0.845513 0.468376 0.016667 0.020513
2 0.730128 0.658974 0.014103 0.022222
2 0.430128 0.437607 0.016667 0.017094
