2 0.515385 0.458974 0.082051 0.114530
2 0.561538 0.663248 0.043590 0.047863
2 0.223718 0.101709 0.029487 0.029060
2 0.549359 0.940171 0.021795 0.037607
2 0.372436 0.582051 0.019231 0.042735
2 0.719231 0.462393 0.023077 0.046154
2 0.246795 0.327350 0.029487 0.039316
2 0.911538 0.029060 0.017949 0.027350
2 0.354487 0.645299 0.014103 0.039316
2 0.800000 0.017949 0.012821 0.035897
2 0.297436 0.412821 0.028205 0.022222
2 0.651282 0.370085 0.020513 0.025641
2 0.347436 0.856410 0.015385 0.027350
2 0.048718 0.919658 0.017949 0.023932
2 0.406410 0.365812 0.015385 0.027350
2 0.446795 0.402564 0.019231 0.025641
2 0.223077 0.402564 0.017949 0.022222
2 0.039103 0.384615 0.016667 0.027350
2 0.891026 0.729060 0.015385 0.022222
2 0.407051 0.670940 0.016667 0.018803
