2 0.631410 0.444444 0.180769 0.256410
2 0.474359 0.470940 0.133333 0.066667
2 0.045513 0.416239 0.075641 0.097436
2 0.769231 0.523932 0.076923 0.076923
2 0.144231 0.510256 0.060256 0.087179
2 0.789103 0.363248 0.050000 0.070085
2 0.453205 0.149573 0.083333 0.083761
2 0.266026 0.370940 0.060256 0.064957
2 0.663462 0.965812 0.062821 0.068376
2 0.433333 0.918803 0.051282 0.059829
2 0.684615 0.219658 0.082051 0.049573
2 0.940385 0.669231 0.029487 0.083761
2 0.371795 0.182051 0.046154 0.059829
2 0.813462 0.734188 0.039744 0.056410
2 0.475641 0.864103 0.038462 0.070085
2 0.059615 0.582906 0.037179 0.051282
2 0.237179 0.560684 0.046154 0.054701
2 0.258974 0.211111 0.030769 0.046154
2 0.567308 0.022222 0.047436 0.044444
2 0.559615 0.596581 0.026923 0.047863
2 0.564103 0.788889 0.038462 0.032479
2 0.771795 0.942735 0.028205 0.052991
2 0.648077 0.046154 0.029487 0.047863
2 0.021795 0.754701 0.020513 0.063248
2 0.889103 0.792308 0.024359 0.035897
2 0.012821 0.966667 0.025641 0.042735
2 0.755769 0.699145 0.026923 0.027350
2 0.716667 0.661538 0.020513 0.034188
2 0.780128 0.119658 0.019231 0.034188
2 0.989103 0.806838 0.021795 0.027350
2 0.761538 0.048718 0.020513 0.032479
2 0.061538 0.923932 0.023077 0.035897
2 0.857051 0.422222 0.019231 0.037607
2 0.069872 0.171795 0.014103 0.035897
2 0.440385 0.229060 0.019231 0.027350
2 0.408974 0.556410 0.028205 0.025641
