2 0.201923 0.487179 0.347436 0.495726
2 0.815385 0.854701 0.187179 0.208547
2 0.725000 0.595726 0.108974 0.162393
2 0.700000 0.264103 0.105128 0.200000
2 0.432051 0.826496 0.130769 0.111111
2 0.163462 0.161538 0.073077 0.107692
2 0.841667 0.247009 0.065385 0.097436
2 0.406410 0.973504 0.105128 0.052991
2 0.882692 0.479487 0.057692 0.083761
2 0.032692 0.933333 0.052564 0.054701
2 0.100000 0.831624 0.041026 0.087179
2 0.189744 0.805983 0.056410 0.046154
2 0.148718 0.539316 0.048718 0.056410
2 0.815385 0.771795 0.046154 0.039316
2 0.513462 0.754701 0.055128 0.049573
