2 0.213462 0.500000 0.044872 0.073504
2 0.683974 0.599145 0.052564 0.073504
2 0.589103 0.381197 0.034615 0.051282
2 0.368590 0.398291 0.024359 0.054701
2 0.939103 0.411966 0.021795 0.041026
2 0.133333 0.588034 0.023077 0.041026
2 0.547436 0.200855 0.028205 0.035897
2 0.967949 0.286325 0.028205 0.029060
2 0.787179 0.256410 0.020513 0.041026
2 0.530769 0.545299 0.035897 0.027350
2 0.819872 0.308547 0.019231 0.042735
2 0.130769 0.535043 0.020513 0.037607
2 0.986538 0.200000 0.026923 0.023932
2 0.263462 0.665812 0.019231 0.029060
2 0.771795 0.449573 0.017949 0.037607
2 0.248077 0.108547 0.016667 0.032479
2 0.528205 0.396581 0.017949 0.027350
2 0.960897 0.625641 0.024359 0.044444
2 0.041026 0.704274 0.015385 0.027350
2 0.232692 0.658974 0.016667 0.029060
2 0.209615 0.415385 0.011538 0.037607
2 0.344231 0.356410 0.016667 0.025641
2 0.200641 0.313675 0.014103 0.029060
2 0.917949 0.496581 0.012821 0.025641
2 0.986538 0.036752 0.014103 0.022222
2 0.270513 0.459829 0.015385 0.020513
2 0.502564 0.140171 0.012821 0.027350
2 0.771795 0.366667 0.020513 0.015385
2 0.898718 0.766667 0.015385 0.022222
