2 0.423718 0.358120 0.047436 0.094017
2 0.497436 0.811966 0.041026 0.085470
2 0.764744 0.247863 0.029487 0.058120
2 0.848718 0.171795 0.048718 0.042735
2 0.566026 0.525641 0.026923 0.046154
2 0.622436 0.554701 0.026923 0.042735
2 0.811538 0.335897 0.023077 0.066667
2 0.682051 0.423077 0.023077 0.059829
2 0.467949 0.109402 0.030769 0.034188
2 0.524359 0.233333 0.020513 0.049573
2 0.900000 0.282051 0.028205 0.034188
2 0.216026 0.478632 0.026923 0.030769
2 0.355769 0.711111 0.024359 0.034188
2 0.678846 0.109402 0.026923 0.023932
2 0.558333 0.434188 0.019231 0.027350
2 0.446795 0.752991 0.019231 0.032479
2 0.760897 0.490598 0.016667 0.027350
2 0.728846 0.328205 0.019231 0.044444
2 0.318590 0.214530 0.019231 0.025641
2 0.598077 0.332479 0.016667 0.025641
2 0.859615 0.725641 0.016667 0.025641
2 0.880128 0.352137 0.014103 0.017094
