2 0.482051 0.168376 0.038462 0.042735
2 0.501923 0.262393 0.029487 0.063248
2 0.919231 0.090598 0.028205 0.051282
2 0.597436 0.051282 0.033333 0.034188
2 0.723718 0.223077 0.047436 0.042735
2 0.639744 0.082906 0.020513 0.035897
2 0.397436 0.303419 0.028205 0.025641
2 0.671795 0.881197 0.020513 0.035897
2 0.537179 0.247863 0.025641 0.023932
2 0.325000 0.650427 0.021795 0.035897
2 0.359615 0.270085 0.016667 0.027350
2 0.839103 0.842735 0.016667 0.023932
2 0.380769 0.743590 0.012821 0.030769
2 0.592949 0.235897 0.016667 0.027350
2 0.728846 0.177778 0.026923 0.013675
2 0.537821 0.302564 0.016667 0.030769
2 0.841026 0.164103 0.015385 0.023932
2 0.860897 0.041880 0.016667 0.018803
2 0.356410 0.561538 0.017949 0.015385
