2 0.892949 0.383761 0.044872 0.100855
2 0.628205 0.200000 0.051282 0.088889
2 0.135897 0.335897 0.038462 0.046154
2 0.554487 0.811966 0.037179 0.061538
2 0.579487 0.352991 0.035897 0.035897
2 0.195513 0.352137 0.044872 0.027350
2 0.621795 0.365812 0.025641 0.030769
2 0.778846 0.260684 0.019231 0.046154
2 0.721154 0.221368 0.042308 0.032479
2 0.698077 0.507692 0.021795 0.037607
2 0.571795 0.654701 0.030769 0.034188
2 0.127564 0.426496 0.019231 0.042735
2 0.366026 0.267521 0.019231 0.039316
2 0.272436 0.283761 0.021795 0.041026
2 0.326923 0.648718 0.017949 0.035897
2 0.732692 0.463248 0.019231 0.034188
2 0.807051 0.459829 0.016667 0.037607
2 0.275641 0.664957 0.020513 0.030769
2 0.503846 0.790598 0.017949 0.039316
2 0.790385 0.612821 0.019231 0.029060
2 0.820513 0.523932 0.015385 0.035897
2 0.489103 0.924786 0.024359 0.020513
2 0.217308 0.267521 0.021795 0.032479
2 0.091026 0.496581 0.020513 0.039316
2 0.094231 0.594872 0.026923 0.023932
2 0.717949 0.270940 0.020513 0.029060
2 0.233974 0.293162 0.021795 0.029060
2 0.526923 0.241026 0.023077 0.023932
2 0.503846 0.647863 0.017949 0.027350
2 0.478846 0.428205 0.016667 0.025641
2 0.492949 0.746154 0.016667 0.025641
2 0.684615 0.276923 0.017949 0.023932
2 0.275000 0.241026 0.021795 0.020513
2 0.021154 0.453846 0.016667 0.025641
2 0.323077 0.205128 0.015385 0.030769
2 0.628846 0.299145 0.019231 0.020513
2 0.565385 0.276923 0.012821 0.030769
2 0.096154 0.106838 0.015385 0.035897
2 0.970513 0.660684 0.015385 0.029060
2 0.487179 0.341026 0.015385 0.025641
2 0.410256 0.639316 0.023077 0.023932
2 0.865385 0.317949 0.015385 0.023932
2 0.626923 0.793162 0.015385 0.023932
2 0.985897 0.710256 0.015385 0.022222
2 0.199359 0.317949 0.016667 0.020513
2 0.417949 0.433333 0.015385 0.018803
2 0.641667 0.667521 0.011538 0.025641
2 0.818590 0.605128 0.016667 0.017094
