2 0.516026 0.465812 0.065385 0.049573
2 0.032051 0.120513 0.064103 0.059829
2 0.558333 0.586325 0.057692 0.030769
2 0.652564 0.366667 0.025641 0.087179
2 0.571154 0.426496 0.039744 0.042735
2 0.719872 0.253846 0.026923 0.039316
2 0.200641 0.489744 0.029487 0.042735
2 0.682051 0.161538 0.023077 0.039316
2 0.814744 0.414530 0.026923 0.029060
2 0.357051 0.398291 0.024359 0.030769
2 0.776923 0.131624 0.023077 0.030769
2 0.189744 0.919658 0.017949 0.041026
2 0.158333 0.764957 0.032051 0.029060
2 0.101282 0.504274 0.025641 0.037607
2 0.988462 0.741880 0.023077 0.023932
2 0.067949 0.169231 0.017949 0.027350
2 0.450000 0.372650 0.015385 0.030769
2 0.466667 0.620513 0.020513 0.023932
2 0.828205 0.491453 0.020513 0.022222
2 0.802564 0.458120 0.030769 0.023932
2 0.078846 0.609402 0.019231 0.022222
2 0.680769 0.730769 0.017949 0.025641
2 0.117308 0.757265 0.014103 0.030769
2 0.305128 0.866667 0.017949 0.020513
2 0.315385 0.805128 0.015385 0.023932
