2 0.347436 0.483761 0.141026 0.167521
2 0.530128 0.327350 0.106410 0.100855
2 0.581410 0.917094 0.091026 0.066667
2 0.282692 0.800000 0.083333 0.095726
2 0.430769 0.976923 0.082051 0.046154
2 0.839744 0.829060 0.064103 0.071795
2 0.549359 0.598291 0.037179 0.078632
2 0.823718 0.411111 0.052564 0.059829
2 0.130128 0.817949 0.042308 0.066667
2 0.861538 0.921368 0.038462 0.044444
2 0.680769 0.844444 0.035897 0.058120
2 0.535256 0.434188 0.029487 0.047863
2 0.247436 0.183761 0.033333 0.056410
2 0.986538 0.099145 0.026923 0.054701
2 0.051282 0.803419 0.035897 0.041026
2 0.940385 0.929915 0.032051 0.037607
2 0.841667 0.715385 0.029487 0.056410
2 0.299359 0.600000 0.024359 0.037607
2 0.584615 0.168376 0.030769 0.032479
2 0.348718 0.117949 0.020513 0.051282
2 0.238462 0.584615 0.028205 0.030769
2 0.527564 0.742735 0.019231 0.035897
2 0.792308 0.537607 0.015385 0.042735
2 0.743590 0.514530 0.017949 0.034188
2 0.813462 0.878632 0.016667 0.027350
2 0.441667 0.494872 0.014103 0.025641
2 0.044231 0.326496 0.016667 0.020513
2 0.019872 0.722222 0.014103 0.022222
