2 0.267949 0.035897 0.051282 0.071795
2 0.200000 0.424786 0.048718 0.070085
2 0.756410 0.094017 0.033333 0.075214
2 0.321154 0.616239 0.034615 0.066667
2 0.386538 0.247009 0.034615 0.063248
2 0.381410 0.511966 0.029487 0.039316
2 0.475000 0.484615 0.029487 0.042735
2 0.150641 0.202564 0.024359 0.049573
2 0.021795 0.617094 0.030769 0.030769
2 0.887821 0.144444 0.016667 0.052991
2 0.446154 0.516239 0.020513 0.037607
2 0.413462 0.391453 0.024359 0.030769
2 0.091026 0.913675 0.023077 0.035897
2 0.475000 0.983761 0.024359 0.032479
2 0.721154 0.870085 0.024359 0.027350
2 0.704487 0.804274 0.019231 0.035897
2 0.065385 0.885470 0.012821 0.041026
2 0.335256 0.542735 0.024359 0.022222
2 0.371795 0.428205 0.017949 0.032479
2 0.074359 0.821368 0.023077 0.022222
2 0.926923 0.094872 0.015385 0.032479
2 0.167949 0.707692 0.020513 0.023932
2 0.849359 0.574359 0.019231 0.023932
2 0.351282 0.620513 0.015385 0.030769
2 0.747436 0.464957 0.017949 0.023932
2 0.161538 0.087179 0.015385 0.023932
2 0.423718 0.123077 0.016667 0.020513
2 0.439744 0.596581 0.012821 0.023932
2 0.662821 0.622222 0.015385 0.017094
