2 0.646154 0.376068 0.066667 0.116239
2 0.707051 0.298291 0.052564 0.059829
2 0.460256 0.307692 0.058974 0.037607
2 0.350000 0.131624 0.030769 0.078632
2 0.753846 0.659829 0.030769 0.068376
2 0.125641 0.041880 0.025641 0.066667
2 0.314744 0.082051 0.024359 0.051282
2 0.185897 0.825641 0.030769 0.041026
2 0.535897 0.790598 0.033333 0.032479
2 0.792949 0.682906 0.029487 0.039316
2 0.467308 0.831624 0.044872 0.046154
2 0.470513 0.441026 0.035897 0.027350
2 0.455128 0.513675 0.025641 0.035897
2 0.479487 0.380342 0.028205 0.042735
2 0.059615 0.519658 0.024359 0.034188
2 0.584615 0.191453 0.023077 0.030769
2 0.100641 0.918803 0.024359 0.025641
2 0.523077 0.438462 0.020513 0.029060
2 0.677564 0.627350 0.024359 0.023932
2 0.514744 0.111966 0.016667 0.035897
2 0.451923 0.717094 0.026923 0.029060
2 0.867949 0.228205 0.017949 0.029060
2 0.482051 0.897436 0.017949 0.027350
2 0.657051 0.798291 0.016667 0.027350
2 0.309615 0.899145 0.014103 0.027350
2 0.864744 0.979487 0.014103 0.027350
2 0.049359 0.797436 0.016667 0.018803
2 0.279487 0.043590 0.017949 0.015385
