2 0.597436 0.294017 0.120513 0.116239
2 0.921795 0.079487 0.156410 0.158974
2 0.360256 0.515385 0.084615 0.172650
2 0.675000 0.037607 0.073077 0.075214
2 0.801282 0.295726 0.058974 0.088889
2 0.317308 0.831624 0.047436 0.063248
2 0.604487 0.071795 0.029487 0.068376
2 0.843590 0.201709 0.048718 0.051282
2 0.904487 0.398291 0.026923 0.071795
2 0.393590 0.673504 0.030769 0.044444
2 0.567308 0.388889 0.034615 0.035897
2 0.378846 0.216239 0.026923 0.039316
2 0.796795 0.857265 0.032051 0.042735
2 0.896795 0.228205 0.016667 0.052991
2 0.408974 0.335897 0.025641 0.032479
2 0.983333 0.819658 0.033333 0.042735
2 0.417308 0.220513 0.029487 0.030769
2 0.639103 0.136752 0.021795 0.034188
2 0.966667 0.976068 0.023077 0.030769
2 0.449359 0.567521 0.019231 0.037607
2 0.785256 0.017094 0.019231 0.034188
2 0.673077 0.117949 0.020513 0.030769
2 0.461538 0.746154 0.020513 0.029060
2 0.383974 0.374359 0.019231 0.030769
2 0.666026 0.206838 0.019231 0.027350
2 0.733974 0.723932 0.021795 0.032479
2 0.194872 0.103419 0.023077 0.029060
2 0.297436 0.517949 0.020513 0.030769
2 0.810256 0.619658 0.020513 0.029060
2 0.100641 0.294017 0.016667 0.030769
2 0.170513 0.617949 0.017949 0.029060
2 0.875641 0.594872 0.017949 0.023932
2 0.925000 0.493162 0.019231 0.022222
2 0.721154 0.513675 0.019231 0.025641
2 0.927564 0.204274 0.019231 0.025641
2 0.614744 0.163248 0.014103 0.025641
2 0.711538 0.414530 0.015385 0.025641
2 0.274359 0.272650 0.015385 0.025641
2 0.137179 0.680342 0.017949 0.020513
2 0.662179 0.991453 0.019231 0.017094
2 0.645513 0.920513 0.019231 0.022222
2 0.760897 0.360684 0.016667 0.020513
2 0.166667 0.434188 0.015385 0.020513
