2 0.122436 0.569231 0.103846 0.109402
2 0.359615 0.635043 0.065385 0.107692
2 0.280769 0.466667 0.074359 0.147009
2 0.198718 0.764103 0.079487 0.061538
2 0.248077 0.649573 0.044872 0.061538
2 0.297436 0.220513 0.028205 0.071795
2 0.573077 0.552137 0.033333 0.064957
2 0.388462 0.537607 0.035897 0.046154
2 0.698077 0.399145 0.032051 0.039316
2 0.862821 0.488889 0.030769 0.041026
2 0.299359 0.651282 0.029487 0.037607
2 0.600000 0.163248 0.025641 0.042735
2 0.379487 0.214530 0.028205 0.039316
2 0.564744 0.028205 0.019231 0.056410
2 0.764744 0.730769 0.042308 0.052991
2 0.567308 0.792308 0.026923 0.039316
2 0.639103 0.226496 0.021795 0.049573
2 0.482692 0.913675 0.032051 0.052991
2 0.373077 0.930769 0.020513 0.059829
2 0.405128 0.613675 0.025641 0.037607
2 0.821795 0.241880 0.020513 0.042735
2 0.120513 0.352137 0.023077 0.041026
2 0.567949 0.890598 0.033333 0.027350
2 0.927564 0.652991 0.026923 0.030769
2 0.596154 0.841026 0.023077 0.030769
2 0.992949 0.515385 0.014103 0.052991
2 0.280128 0.313675 0.019231 0.035897
2 0.339103 0.254701 0.021795 0.030769
2 0.573718 0.619658 0.021795 0.032479
2 0.068590 0.882906 0.024359 0.035897
2 0.939744 0.368376 0.020513 0.029060
2 0.403205 0.390598 0.024359 0.032479
2 0.030769 0.518803 0.023077 0.025641
2 0.096795 0.396581 0.024359 0.023932
2 0.329487 0.477778 0.028205 0.032479
2 0.146154 0.588034 0.025641 0.030769
2 0.767949 0.635043 0.017949 0.029060
2 0.166667 0.463248 0.017949 0.027350
2 0.565385 0.162393 0.017949 0.027350
2 0.243590 0.843590 0.017949 0.025641
2 0.856410 0.905983 0.012821 0.034188
2 0.739103 0.281197 0.019231 0.025641
2 0.941026 0.117949 0.015385 0.030769
2 0.017308 0.295726 0.024359 0.020513
2 0.589103 0.066667 0.016667 0.023932
2 0.628846 0.695726 0.014103 0.023932
2 0.767949 0.229915 0.020513 0.018803
2 0.112179 0.663248 0.014103 0.023932
2 0.763462 0.537607 0.014103 0.022222
2 0.087821 0.355556 0.019231 0.017094
2 0.723077 0.458120 0.012821 0.023932
