2 0.742308 0.562393 0.053846 0.064957
2 0.450000 0.235043 0.033333 0.063248
2 0.074359 0.440171 0.030769 0.059829
2 0.895513 0.766667 0.032051 0.083761
2 0.742308 0.495726 0.030769 0.041026
2 0.503205 0.618803 0.021795 0.054701
2 0.336538 0.244444 0.029487 0.037607
2 0.375000 0.591453 0.024359 0.051282
2 0.860897 0.552991 0.024359 0.039316
2 0.150641 0.432479 0.019231 0.041026
2 0.560256 0.561538 0.020513 0.035897
2 0.150000 0.800000 0.023077 0.044444
2 0.226282 0.441026 0.034615 0.041026
2 0.296795 0.457265 0.019231 0.035897
2 0.182692 0.647863 0.024359 0.037607
2 0.828846 0.743590 0.021795 0.030769
2 0.129487 0.838462 0.023077 0.035897
2 0.708974 0.660684 0.028205 0.025641
2 0.621795 0.194872 0.015385 0.037607
2 0.208333 0.841026 0.014103 0.037607
2 0.524359 0.370085 0.017949 0.029060
2 0.897436 0.510256 0.020513 0.029060
2 0.287179 0.526496 0.017949 0.027350
2 0.324359 0.107692 0.015385 0.027350
2 0.241667 0.582051 0.019231 0.025641
2 0.007051 0.365812 0.014103 0.027350
2 0.110897 0.881197 0.016667 0.032479
2 0.160256 0.580342 0.012821 0.029060
2 0.807692 0.494872 0.017949 0.018803
2 0.917949 0.113675 0.015385 0.022222
