2 0.349359 0.344444 0.050000 0.138462
2 0.424359 0.421368 0.071795 0.087179
2 0.281410 0.261538 0.055128 0.088889
2 0.189744 0.816239 0.035897 0.083761
2 0.399359 0.668376 0.037179 0.041026
2 0.493590 0.594872 0.028205 0.037607
2 0.290385 0.618803 0.039744 0.034188
2 0.232692 0.282906 0.026923 0.039316
2 0.679487 0.306838 0.035897 0.035897
2 0.649359 0.724786 0.024359 0.058120
2 0.521154 0.296581 0.021795 0.046154
2 0.439744 0.508547 0.023077 0.039316
2 0.650000 0.665812 0.023077 0.035897
2 0.173718 0.449573 0.019231 0.030769
2 0.599359 0.665812 0.019231 0.032479
2 0.764103 0.465812 0.025641 0.022222
2 0.802564 0.011111 0.023077 0.022222
2 0.259615 0.337607 0.014103 0.039316
2 0.901282 0.488889 0.015385 0.037607
2 0.810897 0.795726 0.019231 0.029060
2 0.187821 0.352991 0.016667 0.025641
2 0.132692 0.870085 0.011538 0.037607
2 0.363462 0.717094 0.029487 0.015385
2 0.540385 0.411111 0.016667 0.022222
2 0.434615 0.163248 0.023077 0.025641
2 0.410256 0.497436 0.015385 0.023932
2 0.855769 0.250427 0.014103 0.029060
2 0.125641 0.368376 0.015385 0.022222
2 0.553846 0.142735 0.012821 0.022222
