2 0.250641 0.617949 0.065385 0.135043
2 0.625000 0.233333 0.047436 0.059829
2 0.600000 0.376923 0.038462 0.052991
2 0.561538 0.685470 0.033333 0.034188
2 0.355128 0.742735 0.020513 0.046154
2 0.408974 0.794017 0.043590 0.029060
2 0.503205 0.834188 0.029487 0.030769
2 0.519231 0.666667 0.023077 0.030769
2 0.194231 0.315385 0.029487 0.035897
2 0.338462 0.476923 0.020513 0.037607
2 0.344872 0.542735 0.020513 0.039316
2 0.458974 0.508547 0.023077 0.032479
2 0.677564 0.263248 0.016667 0.041026
2 0.944872 0.747863 0.030769 0.022222
2 0.418590 0.549573 0.019231 0.032479
2 0.376282 0.393162 0.019231 0.027350
2 0.417308 0.744444 0.021795 0.025641
2 0.450000 0.743590 0.020513 0.023932
2 0.683974 0.308547 0.019231 0.025641
2 0.839103 0.429915 0.016667 0.032479
2 0.704487 0.135043 0.024359 0.020513
2 0.765385 0.803419 0.017949 0.034188
2 0.992308 0.768376 0.015385 0.029060
2 0.555128 0.239316 0.017949 0.023932
2 0.664103 0.405128 0.015385 0.027350
2 0.667949 0.626496 0.015385 0.025641
2 0.891026 0.423077 0.017949 0.025641
2 0.281410 0.538462 0.014103 0.027350
2 0.191667 0.264103 0.016667 0.022222
2 0.507051 0.729060 0.016667 0.022222
2 0.346795 0.394872 0.019231 0.017094
2 0.487179 0.314530 0.012821 0.027350
2 0.528205 0.361538 0.012821 0.025641
2 0.067949 0.673504 0.012821 0.023932
2 0.123718 0.647863 0.016667 0.020513
2 0.755769 0.429060 0.021795 0.023932
2 0.603205 0.804274 0.019231 0.018803
2 0.833974 0.282051 0.016667 0.017094
2 0.307692 0.682906 0.015385 0.018803
