2 0.515385 0.297436 0.069231 0.133333
2 0.591026 0.298291 0.043590 0.070085
2 0.284615 0.591453 0.030769 0.054701
2 0.255769 0.674359 0.044872 0.039316
2 0.115385 0.246154 0.038462 0.034188
2 0.011538 0.796581 0.023077 0.047863
2 0.317949 0.105128 0.020513 0.042735
2 0.521795 0.405983 0.033333 0.025641
2 0.331410 0.511966 0.024359 0.032479
2 0.964744 0.599145 0.024359 0.035897
2 0.194872 0.811966 0.020513 0.047863
2 0.117308 0.519658 0.021795 0.027350
2 0.723077 0.301709 0.015385 0.032479
2 0.250000 0.348718 0.023077 0.023932
2 0.089744 0.841880 0.015385 0.032479
2 0.361538 0.741026 0.020513 0.029060
2 0.635256 0.518803 0.014103 0.032479
2 0.423077 0.470940 0.017949 0.029060
2 0.023718 0.066667 0.019231 0.041026
2 0.010256 0.240171 0.020513 0.025641
2 0.992949 0.513675 0.014103 0.032479
2 0.174359 0.040171 0.020513 0.022222
2 0.162179 0.615385 0.016667 0.030769
2 0.296154 0.658974 0.017949 0.022222
2 0.356410 0.884615 0.015385 0.022222
2 0.008974 0.864957 0.017949 0.023932
2 0.594231 0.510256 0.014103 0.025641
2 0.746795 0.098291 0.016667 0.022222
2 0.476923 0.578632 0.012821 0.025641
2 0.235897 0.269231 0.015385 0.018803
2 0.580128 0.617094 0.016667 0.017094
2 0.216667 0.313675 0.015385 0.018803
