2 0.566026 0.388034 0.096154 0.150427
2 0.630128 0.339316 0.080769 0.087179
2 0.717949 0.930769 0.051282 0.056410
2 0.639744 0.755556 0.051282 0.061538
2 0.579487 0.616239 0.048718 0.052991
2 0.701923 0.070940 0.032051 0.046154
2 0.079487 0.141880 0.028205 0.041026
2 0.281410 0.464957 0.032051 0.041026
2 0.889103 0.615385 0.034615 0.037607
2 0.149359 0.564957 0.032051 0.039316
2 0.398718 0.177778 0.023077 0.047863
2 0.063462 0.017949 0.039744 0.035897
2 0.840385 0.582051 0.016667 0.046154
2 0.048077 0.938462 0.024359 0.030769
2 0.726923 0.747009 0.028205 0.027350
2 0.171154 0.611111 0.024359 0.029060
2 0.642308 0.881197 0.025641 0.029060
2 0.076923 0.402564 0.020513 0.029060
2 0.614744 0.656410 0.021795 0.023932
2 0.444231 0.958974 0.019231 0.023932
2 0.638462 0.289744 0.020513 0.025641
2 0.029487 0.894017 0.012821 0.023932
