2 0.175000 0.870085 0.065385 0.071795
2 0.801282 0.152991 0.071795 0.080342
2 0.052564 0.361538 0.069231 0.046154
2 0.333333 0.327350 0.051282 0.087179
2 0.104487 0.221368 0.034615 0.052991
2 0.612179 0.484615 0.029487 0.052991
2 0.103205 0.549573 0.034615 0.052991
2 0.778205 0.256410 0.033333 0.037607
2 0.681410 0.261538 0.029487 0.034188
2 0.500000 0.280342 0.023077 0.047863
2 0.682051 0.329060 0.038462 0.029060
2 0.079487 0.317949 0.028205 0.044444
2 0.062179 0.600000 0.026923 0.044444
2 0.939744 0.326496 0.023077 0.044444
2 0.896154 0.505128 0.028205 0.032479
2 0.577564 0.253846 0.016667 0.029060
2 0.219872 0.448718 0.021795 0.018803
2 0.190385 0.459829 0.016667 0.030769
2 0.332692 0.167521 0.016667 0.023932
2 0.250000 0.537607 0.012821 0.029060
2 0.742949 0.367521 0.016667 0.023932
2 0.694872 0.595726 0.012821 0.025641
2 0.301282 0.608547 0.015385 0.023932
