2 0.966667 0.318803 0.030769 0.063248
2 0.982692 0.525641 0.034615 0.056410
2 0.888462 0.776923 0.051282 0.039316
2 0.585256 0.070940 0.032051 0.042735
2 0.891667 0.314530 0.034615 0.061538
2 0.558333 0.246154 0.032051 0.044444
2 0.703205 0.310256 0.032051 0.049573
2 0.767949 0.423932 0.038462 0.041026
2 0.733333 0.614530 0.033333 0.046154
2 0.786538 0.331624 0.026923 0.044444
2 0.926282 0.111966 0.021795 0.042735
2 0.985897 0.440171 0.028205 0.029060
2 0.515385 0.551282 0.023077 0.032479
2 0.498718 0.362393 0.025641 0.023932
2 0.761538 0.374359 0.023077 0.027350
2 0.987821 0.953846 0.024359 0.027350
2 0.617308 0.550427 0.014103 0.041026
2 0.491667 0.693162 0.019231 0.029060
2 0.877564 0.378632 0.016667 0.052991
2 0.973077 0.386325 0.017949 0.034188
2 0.923077 0.585470 0.017949 0.029060
2 0.433974 0.842735 0.014103 0.030769
2 0.939103 0.616239 0.019231 0.022222
2 0.491026 0.080342 0.028205 0.027350
2 0.429487 0.529915 0.017949 0.023932
2 0.691667 0.202564 0.016667 0.025641
2 0.612179 0.310256 0.016667 0.022222
2 0.967308 0.044444 0.014103 0.027350
2 0.576282 0.207692 0.014103 0.022222
2 0.443590 0.159829 0.012821 0.025641
