2 0.217308 0.449573 0.178205 0.194872
2 0.048077 0.245299 0.096154 0.131624
2 0.317308 0.631624 0.029487 0.063248
2 0.491026 0.428205 0.033333 0.066667
2 0.033974 0.495726 0.032051 0.058120
2 0.091667 0.101709 0.019231 0.046154
2 0.427564 0.647863 0.029487 0.030769
2 0.482692 0.757265 0.019231 0.034188
2 0.536538 0.525641 0.019231 0.035897
2 0.627564 0.910256 0.026923 0.029060
2 0.276282 0.574359 0.019231 0.034188
2 0.316026 0.701709 0.019231 0.032479
2 0.095513 0.791453 0.029487 0.058120
2 0.016667 0.036752 0.017949 0.035897
2 0.150000 0.082906 0.017949 0.035897
2 0.053205 0.568376 0.019231 0.029060
