2 0.517949 0.831624 0.038462 0.042735
2 0.498077 0.737607 0.029487 0.063248
2 0.080769 0.909402 0.028205 0.051282
2 0.402564 0.948718 0.033333 0.034188
2 0.276282 0.776923 0.047436 0.042735
2 0.360256 0.917094 0.020513 0.035897
2 0.602564 0.696581 0.028205 0.025641
2 0.328205 0.118803 0.020513 0.035897
2 0.462821 0.752137 0.025641 0.023932
2 0.675000 0.349573 0.021795 0.035897
2 0.640385 0.729915 0.016667 0.027350
2 0.160897 0.157265 0.016667 0.023932
2 0.619231 0.256410 0.012821 0.030769
2 0.407051 0.764103 0.016667 0.027350
2 0.271154 0.822222 0.026923 0.013675
2 0.462179 0.697436 0.016667 0.030769
2 0.158974 0.835897 0.015385 0.023932
2 0.139103 0.958120 0.016667 0.018803
2 0.643590 0.438462 0.017949 0.015385
