2 0.148077 0.688034 0.065385 0.066667
2 0.685897 0.375214 0.053846 0.083761
2 0.221154 0.674359 0.047436 0.104274
2 0.052564 0.594017 0.041026 0.124786
2 0.398718 0.534188 0.051282 0.090598
2 0.144872 0.260684 0.066667 0.046154
2 0.358333 0.613675 0.042308 0.078632
2 0.294872 0.594017 0.038462 0.083761
2 0.436538 0.211111 0.047436 0.042735
2 0.503846 0.276068 0.038462 0.056410
2 0.684615 0.294017 0.041026 0.044444
2 0.598718 0.550427 0.038462 0.037607
2 0.523077 0.920513 0.028205 0.042735
2 0.782051 0.407692 0.025641 0.056410
2 0.551923 0.233333 0.021795 0.063248
2 0.649359 0.618803 0.029487 0.058120
2 0.075000 0.679487 0.037179 0.035897
2 0.699359 0.660684 0.026923 0.049573
2 0.172436 0.629060 0.032051 0.034188
2 0.419231 0.687179 0.023077 0.041026
2 0.289744 0.388889 0.030769 0.049573
2 0.229487 0.423077 0.023077 0.035897
2 0.110897 0.317949 0.021795 0.034188
2 0.435256 0.636752 0.021795 0.035897
2 0.500000 0.209402 0.023077 0.029060
2 0.337821 0.794872 0.021795 0.030769
2 0.130769 0.854701 0.017949 0.037607
2 0.648077 0.562393 0.032051 0.017094
2 0.862179 0.676068 0.016667 0.032479
2 0.498077 0.987179 0.021795 0.025641
2 0.567308 0.183761 0.019231 0.025641
2 0.615385 0.440171 0.020513 0.025641
2 0.389103 0.897436 0.024359 0.020513
2 0.665385 0.158120 0.012821 0.039316
2 0.781410 0.346154 0.014103 0.039316
2 0.271154 0.833333 0.016667 0.025641
2 0.776282 0.479487 0.024359 0.029060
2 0.642949 0.243590 0.014103 0.029060
2 0.475000 0.258120 0.016667 0.023932
2 0.126923 0.530769 0.012821 0.029060
2 0.639744 0.404274 0.017949 0.022222
2 0.195513 0.919658 0.014103 0.027350
2 0.601282 0.128205 0.012821 0.027350
2 0.116026 0.805983 0.019231 0.029060
2 0.876923 0.372650 0.015385 0.027350
2 0.802564 0.652137 0.020513 0.015385
2 0.592949 0.255556 0.011538 0.025641
2 0.816026 0.434188 0.016667 0.023932
2 0.605769 0.809402 0.021795 0.015385
2 0.517308 0.728205 0.014103 0.020513
