2 0.080128 0.412821 0.037179 0.073504
2 0.412821 0.400855 0.051282 0.046154
2 0.842949 0.552991 0.024359 0.039316
2 0.039103 0.141026 0.019231 0.032479
2 0.339103 0.510256 0.019231 0.032479
2 0.440385 0.147863 0.019231 0.029060
2 0.126923 0.180342 0.015385 0.046154
2 0.312179 0.244444 0.034615 0.023932
2 0.007692 0.598291 0.015385 0.030769
2 0.373718 0.117949 0.016667 0.023932
2 0.238462 0.009402 0.025641 0.018803
2 0.650000 0.194017 0.015385 0.025641
2 0.098077 0.305128 0.016667 0.022222
2 0.018590 0.105983 0.014103 0.023932
2 0.776282 0.476068 0.016667 0.022222
2 0.269231 0.446154 0.012821 0.027350
2 0.048718 0.485470 0.010256 0.034188
2 0.168590 0.841026 0.019231 0.017094
2 0.312821 0.466667 0.012821 0.023932
2 0.162821 0.444444 0.012821 0.023932
