2 0.485897 0.354701 0.087179 0.148718
2 0.630128 0.368376 0.083333 0.080342
2 0.837821 0.300000 0.065385 0.080342
2 0.787179 0.450427 0.051282 0.070085
2 0.389103 0.232479 0.052564 0.075214
2 0.342308 0.042735 0.025641 0.085470
2 0.581410 0.551282 0.050000 0.063248
2 0.416667 0.711111 0.025641 0.085470
2 0.573718 0.268376 0.034615 0.061538
2 0.572436 0.433333 0.029487 0.070085
2 0.625641 0.444444 0.041026 0.044444
2 0.785897 0.375214 0.030769 0.052991
2 0.368590 0.433333 0.034615 0.070085
2 0.423718 0.627350 0.044872 0.047863
2 0.551923 0.617094 0.024359 0.054701
2 0.578205 0.853846 0.030769 0.046154
2 0.746154 0.664103 0.025641 0.052991
2 0.673718 0.523077 0.024359 0.054701
2 0.381410 0.131624 0.037179 0.027350
2 0.497436 0.923932 0.033333 0.039316
2 0.439744 0.215385 0.028205 0.030769
2 0.346154 0.685470 0.023077 0.034188
2 0.320513 0.792308 0.023077 0.049573
2 0.688462 0.823932 0.030769 0.030769
2 0.768590 0.720513 0.019231 0.035897
2 0.406410 0.299145 0.023077 0.027350
2 0.788462 0.686325 0.025641 0.025641
2 0.476923 0.469231 0.020513 0.029060
2 0.577564 0.687179 0.026923 0.027350
2 0.373077 0.518803 0.023077 0.025641
2 0.857051 0.890598 0.029487 0.044444
2 0.916026 0.304274 0.016667 0.034188
2 0.430128 0.159829 0.029487 0.032479
2 0.833974 0.837607 0.021795 0.023932
2 0.588462 0.494017 0.020513 0.034188
2 0.778205 0.960684 0.015385 0.034188
2 0.855769 0.678632 0.021795 0.023932
2 0.090385 0.767521 0.016667 0.030769
2 0.249359 0.543590 0.019231 0.027350
2 0.712821 0.636752 0.020513 0.022222
2 0.702564 0.718803 0.015385 0.029060
2 0.128205 0.566667 0.015385 0.025641
2 0.989744 0.803419 0.020513 0.020513
2 0.666026 0.145299 0.016667 0.027350
2 0.243590 0.855556 0.015385 0.029060
2 0.141667 0.643590 0.019231 0.022222
2 0.992949 0.268376 0.014103 0.027350
2 0.239103 0.300855 0.014103 0.027350
2 0.957692 0.740171 0.017949 0.023932
2 0.466667 0.594872 0.015385 0.020513
2 0.373718 0.662393 0.016667 0.018803
2 0.207051 0.080342 0.011538 0.027350
2 0.877564 0.221368 0.019231 0.025641
2 0.949359 0.503419 0.014103 0.022222
2 0.536538 0.552991 0.014103 0.032479
