2 0.446154 0.404274 0.061538 0.100855
2 0.328205 0.688034 0.046154 0.073504
2 0.190385 0.285470 0.060256 0.054701
2 0.477564 0.629060 0.032051 0.075214
2 0.017949 0.329060 0.035897 0.059829
2 0.938462 0.421368 0.035897 0.052991
2 0.578846 0.815385 0.026923 0.064957
2 0.818590 0.418803 0.032051 0.041026
2 0.427564 0.593162 0.024359 0.044444
2 0.312179 0.065812 0.024359 0.039316
2 0.860256 0.670940 0.033333 0.035897
2 0.211538 0.510256 0.028205 0.032479
2 0.459615 0.495726 0.024359 0.041026
2 0.859615 0.760684 0.021795 0.037607
2 0.640385 0.985470 0.026923 0.029060
2 0.177564 0.452137 0.024359 0.039316
2 0.387821 0.397436 0.026923 0.039316
2 0.833333 0.711111 0.023077 0.030769
2 0.512821 0.011111 0.033333 0.022222
2 0.607051 0.733333 0.024359 0.027350
2 0.494872 0.820513 0.025641 0.027350
2 0.475000 0.239316 0.021795 0.034188
2 0.696795 0.254701 0.019231 0.030769
2 0.830769 0.352991 0.020513 0.035897
2 0.528846 0.751282 0.014103 0.042735
2 0.953846 0.547863 0.020513 0.025641
2 0.910897 0.817949 0.014103 0.039316
2 0.617949 0.404274 0.025641 0.032479
2 0.125000 0.941880 0.014103 0.030769
2 0.870513 0.196581 0.023077 0.017094
2 0.405128 0.630769 0.017949 0.020513
2 0.916667 0.379487 0.015385 0.023932
2 0.969231 0.810256 0.015385 0.020513
2 0.691026 0.448718 0.015385 0.022222
2 0.040385 0.077778 0.016667 0.018803
2 0.310256 0.811966 0.017949 0.017094
