2 0.950000 0.061538 0.100000 0.123077
2 0.825641 0.058974 0.066667 0.117949
2 0.105769 0.255556 0.042308 0.056410
2 0.544872 0.182051 0.028205 0.035897
2 0.498077 0.677778 0.026923 0.035897
2 0.261538 0.272650 0.028205 0.029060
2 0.733974 0.747009 0.019231 0.034188
2 0.450000 0.608547 0.023077 0.037607
2 0.201282 0.564957 0.020513 0.032479
2 0.946795 0.492308 0.024359 0.020513
2 0.157051 0.935043 0.021795 0.027350
2 0.733974 0.109402 0.019231 0.027350
2 0.148077 0.287179 0.016667 0.034188
2 0.250641 0.241880 0.021795 0.032479
2 0.247436 0.126496 0.020513 0.020513
2 0.991026 0.669231 0.017949 0.029060
2 0.941667 0.541026 0.019231 0.022222
2 0.933333 0.701709 0.020513 0.022222
2 0.897436 0.011111 0.017949 0.022222
2 0.880769 0.087179 0.020513 0.020513
2 0.976282 0.356410 0.019231 0.018803
2 0.966667 0.560684 0.015385 0.023932
2 0.891026 0.474359 0.015385 0.029060
