2 0.762179 0.384615 0.055128 0.064957
2 0.708333 0.659829 0.029487 0.082051
2 0.558333 0.337607 0.037179 0.083761
2 0.669872 0.541026 0.073077 0.042735
2 0.610256 0.456410 0.023077 0.075214
2 0.575641 0.823077 0.038462 0.049573
2 0.678205 0.488034 0.035897 0.042735
2 0.645513 0.757265 0.021795 0.058120
2 0.662179 0.708547 0.032051 0.035897
2 0.469231 0.970085 0.030769 0.035897
2 0.903205 0.260684 0.034615 0.035897
2 0.787179 0.807692 0.023077 0.052991
2 0.782051 0.747863 0.033333 0.035897
2 0.209615 0.023077 0.029487 0.046154
2 0.861538 0.711966 0.025641 0.042735
2 0.042949 0.894872 0.037179 0.032479
2 0.085897 0.445299 0.023077 0.029060
2 0.948077 0.167521 0.019231 0.027350
2 0.043590 0.617094 0.015385 0.034188
2 0.958333 0.233333 0.016667 0.029060
2 0.400641 0.645299 0.016667 0.025641
2 0.601282 0.873504 0.015385 0.027350
2 0.359615 0.326496 0.016667 0.023932
2 0.817949 0.728205 0.020513 0.023932
2 0.635897 0.336752 0.015385 0.023932
2 0.359615 0.672650 0.019231 0.018803
2 0.069872 0.366667 0.016667 0.022222
2 0.195513 0.551282 0.014103 0.022222
2 0.426923 0.786325 0.012821 0.023932
2 0.535897 0.876923 0.017949 0.020513
