2 0.139103 0.360684 0.278205 0.290598
2 0.552564 0.811966 0.092308 0.095726
2 0.362179 0.706838 0.098718 0.097436
2 0.510897 0.654701 0.052564 0.105983
2 0.410256 0.117094 0.076923 0.080342
2 0.446154 0.554701 0.056410 0.083761
2 0.864103 0.279487 0.058974 0.080342
2 0.736538 0.793162 0.057692 0.092308
2 0.771154 0.624786 0.075641 0.097436
2 0.111538 0.729915 0.064103 0.071795
2 0.183974 0.765812 0.060256 0.054701
2 0.603205 0.670085 0.042308 0.064957
2 0.014103 0.202564 0.028205 0.080342
2 0.791026 0.212821 0.064103 0.063248
2 0.025000 0.870940 0.050000 0.087179
2 0.292949 0.821368 0.042308 0.059829
2 0.714744 0.555556 0.034615 0.068376
2 0.662821 0.120513 0.028205 0.049573
2 0.749359 0.381197 0.024359 0.044444
2 0.578205 0.017949 0.033333 0.035897
2 0.825000 0.735043 0.021795 0.054701
2 0.280128 0.119658 0.029487 0.037607
2 0.808333 0.383761 0.029487 0.046154
2 0.658333 0.175214 0.039744 0.029060
2 0.642949 0.364957 0.070513 0.039316
2 0.203205 0.283761 0.024359 0.044444
2 0.410897 0.058120 0.032051 0.030769
2 0.902564 0.658974 0.025641 0.025641
2 0.310897 0.428205 0.024359 0.035897
2 0.217308 0.552137 0.019231 0.034188
2 0.560256 0.448718 0.030769 0.025641
2 0.065385 0.714530 0.030769 0.027350
2 0.077564 0.048718 0.024359 0.022222
2 0.148718 0.676068 0.023077 0.022222
2 0.082692 0.941026 0.032051 0.022222
2 0.032051 0.570940 0.020513 0.023932
2 0.785897 0.757265 0.020513 0.027350
2 0.325000 0.845299 0.019231 0.025641
