2 0.033333 0.681197 0.030769 0.063248
2 0.017308 0.474359 0.034615 0.056410
2 0.111538 0.223077 0.051282 0.039316
2 0.414744 0.929060 0.032051 0.042735
2 0.108333 0.685470 0.034615 0.061538
2 0.441667 0.753846 0.032051 0.044444
2 0.296795 0.689744 0.032051 0.049573
2 0.232051 0.576068 0.038462 0.041026
2 0.266667 0.385470 0.033333 0.046154
2 0.213462 0.668376 0.026923 0.044444
2 0.073718 0.888034 0.021795 0.042735
2 0.014103 0.559829 0.028205 0.029060
2 0.484615 0.448718 0.023077 0.032479
2 0.501282 0.637607 0.025641 0.023932
2 0.238462 0.625641 0.023077 0.027350
2 0.012179 0.046154 0.024359 0.027350
2 0.382692 0.449573 0.014103 0.041026
2 0.508333 0.306838 0.019231 0.029060
2 0.122436 0.621368 0.016667 0.052991
2 0.026923 0.613675 0.017949 0.034188
2 0.076923 0.414530 0.017949 0.029060
2 0.566026 0.157265 0.014103 0.030769
2 0.060897 0.383761 0.019231 0.022222
2 0.508974 0.919658 0.028205 0.027350
2 0.570513 0.470085 0.017949 0.023932
2 0.308333 0.797436 0.016667 0.025641
2 0.387821 0.689744 0.016667 0.022222
2 0.032692 0.955556 0.014103 0.027350
2 0.423718 0.792308 0.014103 0.022222
2 0.556410 0.840171 0.012821 0.025641
