2 0.147436 0.657265 0.046154 0.056410
2 0.817949 0.294017 0.025641 0.054701
2 0.526282 0.522222 0.026923 0.042735
2 0.342308 0.563248 0.023077 0.063248
2 0.694231 0.670940 0.029487 0.032479
2 0.342949 0.499145 0.042308 0.023932
2 0.144872 0.501709 0.028205 0.022222
2 0.257692 0.349573 0.015385 0.052991
2 0.533974 0.711111 0.024359 0.037607
2 0.391026 0.626496 0.028205 0.022222
2 0.344231 0.658120 0.021795 0.023932
2 0.112179 0.700000 0.019231 0.025641
2 0.097436 0.461538 0.020513 0.023932
2 0.400000 0.546154 0.023077 0.022222
2 0.877564 0.334188 0.014103 0.025641
2 0.298077 0.430769 0.024359 0.027350
2 0.392949 0.455556 0.016667 0.022222
2 0.125000 0.768376 0.016667 0.018803
2 0.155769 0.578632 0.019231 0.015385
2 0.108333 0.527350 0.014103 0.022222
2 0.333974 0.434188 0.014103 0.020513
