2 0.637821 0.340171 0.039744 0.088889
2 0.364744 0.335043 0.026923 0.058120
2 0.245513 0.470940 0.034615 0.063248
2 0.342308 0.394872 0.030769 0.051282
2 0.576923 0.473504 0.041026 0.030769
2 0.496795 0.254701 0.026923 0.054701
2 0.378846 0.187179 0.026923 0.035897
2 0.411538 0.500000 0.025641 0.042735
2 0.403205 0.414530 0.047436 0.035897
2 0.336538 0.667521 0.024359 0.035897
2 0.457692 0.277778 0.017949 0.042735
2 0.786538 0.368376 0.029487 0.035897
2 0.039103 0.420513 0.021795 0.034188
2 0.927564 0.195726 0.029487 0.029060
2 0.444872 0.478632 0.017949 0.034188
2 0.590385 0.179487 0.037179 0.023932
2 0.332692 0.182906 0.021795 0.034188
2 0.237179 0.308547 0.020513 0.025641
2 0.427564 0.689744 0.019231 0.042735
2 0.310256 0.458120 0.020513 0.023932
2 0.396154 0.305128 0.017949 0.025641
2 0.710256 0.645299 0.020513 0.022222
2 0.578846 0.217094 0.019231 0.020513
2 0.625000 0.165812 0.016667 0.020513
2 0.704487 0.336752 0.016667 0.020513
2 0.093590 0.317949 0.015385 0.023932
2 0.289744 0.205128 0.012821 0.023932
2 0.928205 0.244444 0.017949 0.017094
