2 0.593590 0.163248 0.102564 0.128205
2 0.353846 0.080342 0.056410 0.109402
2 0.962821 0.074359 0.053846 0.052991
2 0.839744 0.214530 0.035897 0.056410
2 0.656410 0.256410 0.041026 0.037607
2 0.426282 0.287179 0.026923 0.044444
2 0.404487 0.181197 0.024359 0.037607
2 0.373718 0.235043 0.034615 0.025641
2 0.089744 0.412821 0.035897 0.035897
2 0.846154 0.601709 0.035897 0.027350
2 0.200000 0.260684 0.020513 0.029060
2 0.731410 0.399145 0.016667 0.039316
2 0.937821 0.010256 0.019231 0.020513
2 0.467949 0.069231 0.015385 0.022222
2 0.074359 0.616239 0.017949 0.018803
