2 0.808974 0.252991 0.058974 0.109402
2 0.280769 0.514530 0.025641 0.078632
2 0.345513 0.380342 0.034615 0.066667
2 0.756410 0.723932 0.046154 0.059829
2 0.451282 0.214530 0.023077 0.059829
2 0.555128 0.177778 0.020513 0.044444
2 0.271154 0.253846 0.029487 0.035897
2 0.625641 0.358974 0.023077 0.041026
2 0.555769 0.353846 0.026923 0.027350
2 0.299359 0.455556 0.019231 0.035897
2 0.675000 0.667521 0.026923 0.025641
2 0.285897 0.154701 0.017949 0.035897
2 0.223718 0.405128 0.024359 0.027350
2 0.734615 0.105128 0.023077 0.025641
2 0.314744 0.525641 0.016667 0.039316
2 0.708974 0.156410 0.020513 0.025641
2 0.543590 0.439316 0.020513 0.027350
2 0.912179 0.423932 0.016667 0.030769
2 0.748718 0.187179 0.017949 0.025641
2 0.355128 0.537607 0.017949 0.025641
2 0.670513 0.501709 0.015385 0.025641
2 0.214744 0.234188 0.021795 0.034188
2 0.426923 0.250427 0.015385 0.025641
2 0.263462 0.211111 0.014103 0.029060
2 0.991667 0.746154 0.016667 0.025641
2 0.176282 0.110256 0.016667 0.022222
2 0.537821 0.806838 0.014103 0.023932
2 0.529487 0.126496 0.012821 0.027350
2 0.657051 0.293162 0.011538 0.029060
2 0.309615 0.271795 0.016667 0.023932
2 0.694872 0.638462 0.015385 0.022222
2 0.601282 0.667521 0.017949 0.018803
2 0.512179 0.169231 0.011538 0.027350
2 0.530769 0.694872 0.017949 0.018803
2 0.692949 0.008547 0.016667 0.017094
2 0.198077 0.336752 0.011538 0.027350
2 0.470513 0.088889 0.015385 0.020513
