2 0.542949 0.517094 0.342308 0.401709
2 0.773077 0.410256 0.100000 0.222222
2 0.557051 0.284615 0.091026 0.135043
2 0.317949 0.410256 0.087179 0.194872
2 0.296795 0.810256 0.052564 0.116239
2 0.642308 0.153846 0.051282 0.133333
2 0.524359 0.186325 0.066667 0.085470
2 0.276923 0.355556 0.043590 0.082051
2 0.402564 0.828205 0.071795 0.056410
2 0.933333 0.236752 0.041026 0.063248
2 0.487179 0.453846 0.051282 0.052991
2 0.826923 0.217094 0.061538 0.068376
2 0.206410 0.447863 0.043590 0.075214
2 0.612821 0.329915 0.053846 0.061538
2 0.552564 0.602564 0.035897 0.059829
2 0.605128 0.864103 0.033333 0.076923
2 0.245513 0.635897 0.052564 0.051282
2 0.250641 0.423077 0.037179 0.056410
2 0.260256 0.681197 0.053846 0.076923
2 0.969231 0.082051 0.035897 0.058120
2 0.013462 0.316239 0.026923 0.078632
2 0.411538 0.209402 0.038462 0.046154
2 0.194872 0.381197 0.043590 0.041026
2 0.697436 0.365812 0.035897 0.037607
