2 0.499359 0.527350 0.162821 0.217094
2 0.410897 0.655556 0.101282 0.196581
2 0.378846 0.207692 0.085897 0.117949
2 0.332692 0.079487 0.057692 0.124786
2 0.318590 0.947009 0.034615 0.105983
2 0.473718 0.339316 0.050000 0.052991
2 0.169231 0.937607 0.051282 0.073504
2 0.310256 0.264957 0.035897 0.058120
2 0.503846 0.223932 0.035897 0.054701
2 0.274359 0.222222 0.033333 0.041026
2 0.065385 0.377778 0.033333 0.047863
2 0.700641 0.778632 0.057692 0.035897
2 0.729487 0.173504 0.030769 0.046154
2 0.677564 0.515385 0.032051 0.046154
2 0.511538 0.740171 0.035897 0.037607
2 0.771795 0.129060 0.038462 0.039316
2 0.935897 0.211966 0.017949 0.054701
2 0.205128 0.768376 0.025641 0.035897
2 0.321154 0.323077 0.024359 0.037607
2 0.350641 0.776923 0.026923 0.032479
2 0.551923 0.358974 0.019231 0.047863
2 0.083974 0.602564 0.024359 0.029060
2 0.083333 0.935043 0.020513 0.034188
2 0.300641 0.144444 0.024359 0.025641
2 0.712821 0.307692 0.020513 0.027350
2 0.417308 0.091453 0.016667 0.029060
2 0.237821 0.076923 0.016667 0.027350
