2 0.624359 0.549573 0.041026 0.090598
2 0.305769 0.572650 0.052564 0.099145
2 0.556410 0.505983 0.035897 0.058120
2 0.707692 0.473504 0.025641 0.058120
2 0.363462 0.347009 0.016667 0.061538
2 0.637821 0.392308 0.032051 0.039316
2 0.617308 0.704274 0.034615 0.054701
2 0.370513 0.554701 0.038462 0.059829
2 0.265385 0.664957 0.023077 0.051282
2 0.552564 0.684615 0.043590 0.032479
2 0.346795 0.436752 0.029487 0.035897
2 0.634615 0.617949 0.017949 0.039316
2 0.312179 0.476923 0.021795 0.034188
2 0.221154 0.541880 0.026923 0.044444
2 0.646154 0.490598 0.025641 0.044444
2 0.610256 0.142735 0.020513 0.035897
2 0.432692 0.568376 0.021795 0.029060
2 0.082692 0.721368 0.021795 0.027350
2 0.470513 0.489744 0.017949 0.029060
2 0.575000 0.607692 0.024359 0.022222
2 0.105769 0.392308 0.014103 0.035897
2 0.310897 0.253846 0.014103 0.035897
2 0.886538 0.635897 0.016667 0.030769
2 0.323718 0.984615 0.024359 0.030769
2 0.764103 0.308547 0.025641 0.022222
2 0.591667 0.088889 0.016667 0.027350
2 0.325641 0.535897 0.015385 0.029060
2 0.573718 0.186325 0.014103 0.034188
2 0.305769 0.435897 0.024359 0.023932
2 0.643590 0.349573 0.017949 0.022222
2 0.269231 0.460684 0.023077 0.025641
2 0.619231 0.260684 0.012821 0.029060
2 0.551282 0.576923 0.015385 0.022222
2 0.195513 0.900000 0.014103 0.022222
2 0.062821 0.774359 0.015385 0.020513
2 0.414103 0.403419 0.010256 0.027350
2 0.277564 0.917949 0.014103 0.020513
2 0.612821 0.209402 0.010256 0.029060
2 0.857692 0.485470 0.017949 0.030769
