2 0.278846 0.635897 0.050000 0.126496
2 0.345513 0.276068 0.026923 0.042735
2 0.685897 0.406838 0.043590 0.047863
2 0.606410 0.397436 0.028205 0.042735
2 0.474359 0.503419 0.023077 0.046154
2 0.982051 0.546154 0.035897 0.035897
2 0.637821 0.353846 0.021795 0.051282
2 0.662821 0.178632 0.017949 0.049573
2 0.058974 0.234188 0.017949 0.044444
2 0.785256 0.311111 0.016667 0.044444
2 0.103846 0.470940 0.028205 0.029060
2 0.839744 0.797436 0.020513 0.025641
2 0.326282 0.409402 0.016667 0.032479
2 0.242949 0.132479 0.014103 0.035897
2 0.217949 0.318803 0.012821 0.035897
2 0.294872 0.088889 0.012821 0.034188
2 0.246154 0.894017 0.020513 0.027350
2 0.388462 0.247863 0.017949 0.023932
2 0.691026 0.207692 0.017949 0.022222
2 0.350000 0.358974 0.017949 0.017094
2 0.962821 0.020513 0.017949 0.020513
2 0.311538 0.179487 0.015385 0.023932
2 0.507051 0.582906 0.016667 0.020513
2 0.485897 0.274359 0.017949 0.018803
2 0.422436 0.647863 0.014103 0.020513
