2 0.342308 0.627350 0.051282 0.109402
2 0.852564 0.722222 0.076923 0.083761
2 0.150641 0.799145 0.039744 0.052991
2 0.139744 0.036752 0.053846 0.046154
2 0.496154 0.550427 0.038462 0.044444
2 0.367308 0.755556 0.044872 0.047863
2 0.671795 0.578632 0.028205 0.056410
2 0.800000 0.618803 0.033333 0.041026
2 0.271795 0.658974 0.030769 0.052991
2 0.475000 0.490598 0.024359 0.054701
2 0.755769 0.942735 0.037179 0.066667
2 0.406410 0.182051 0.028205 0.046154
2 0.890385 0.411966 0.029487 0.047863
2 0.789103 0.393162 0.032051 0.030769
2 0.921154 0.765812 0.021795 0.044444
2 0.832692 0.320513 0.024359 0.049573
2 0.821795 0.228205 0.017949 0.046154
2 0.680128 0.703419 0.016667 0.052991
2 0.488462 0.775214 0.035897 0.025641
2 0.453846 0.811111 0.020513 0.039316
2 0.841667 0.811966 0.021795 0.037607
2 0.133333 0.095726 0.030769 0.030769
2 0.262821 0.718803 0.023077 0.029060
2 0.681410 0.505128 0.019231 0.035897
2 0.508974 0.476923 0.020513 0.034188
2 0.068590 0.838462 0.026923 0.022222
2 0.846795 0.433333 0.026923 0.029060
2 0.938462 0.474359 0.020513 0.025641
2 0.543590 0.623932 0.017949 0.027350
2 0.394231 0.695726 0.016667 0.030769
2 0.374359 0.449573 0.020513 0.023932
2 0.782051 0.527350 0.015385 0.032479
2 0.320513 0.859829 0.015385 0.034188
2 0.256410 0.017094 0.015385 0.034188
2 0.762179 0.711966 0.014103 0.029060
2 0.955128 0.677778 0.020513 0.022222
2 0.526923 0.521368 0.015385 0.027350
2 0.199359 0.397436 0.016667 0.022222
2 0.146795 0.322222 0.014103 0.022222
