2 0.732051 0.964103 0.051282 0.071795
2 0.800000 0.575214 0.048718 0.070085
2 0.243590 0.905983 0.033333 0.075214
2 0.678846 0.383761 0.034615 0.066667
2 0.613462 0.752991 0.034615 0.063248
2 0.618590 0.488034 0.029487 0.039316
2 0.525000 0.515385 0.029487 0.042735
2 0.849359 0.797436 0.024359 0.049573
2 0.978205 0.382906 0.030769 0.030769
2 0.112179 0.855556 0.016667 0.052991
2 0.553846 0.483761 0.020513 0.037607
2 0.586538 0.608547 0.024359 0.030769
2 0.908974 0.086325 0.023077 0.035897
2 0.525000 0.016239 0.024359 0.032479
2 0.278846 0.129915 0.024359 0.027350
2 0.295513 0.195726 0.019231 0.035897
2 0.934615 0.114530 0.012821 0.041026
2 0.664744 0.457265 0.024359 0.022222
2 0.628205 0.571795 0.017949 0.032479
2 0.925641 0.178632 0.023077 0.022222
2 0.073077 0.905128 0.015385 0.032479
2 0.832051 0.292308 0.020513 0.023932
2 0.150641 0.425641 0.019231 0.023932
2 0.648718 0.379487 0.015385 0.030769
2 0.252564 0.535043 0.017949 0.023932
2 0.838462 0.912821 0.015385 0.023932
2 0.576282 0.876923 0.016667 0.020513
2 0.560256 0.403419 0.012821 0.023932
2 0.337179 0.378632 0.015385 0.018803
