2 0.530128 0.520513 0.070513 0.152137
2 0.616026 0.552991 0.062821 0.076923
2 0.694231 0.479487 0.047436 0.059829
2 0.444231 0.378632 0.032051 0.049573
2 0.419231 0.160684 0.033333 0.037607
2 0.360256 0.741880 0.033333 0.030769
2 0.013462 0.976923 0.016667 0.046154
2 0.609615 0.327350 0.021795 0.039316
2 0.243590 0.552137 0.017949 0.034188
2 0.563462 0.414530 0.019231 0.029060
2 0.514103 0.175214 0.015385 0.039316
2 0.296154 0.401709 0.017949 0.030769
2 0.467308 0.123932 0.024359 0.018803
2 0.474359 0.452137 0.017949 0.029060
2 0.728846 0.605128 0.016667 0.030769
2 0.319872 0.441880 0.026923 0.018803
2 0.756410 0.166667 0.015385 0.025641
2 0.320513 0.026496 0.017949 0.022222
2 0.819231 0.705983 0.012821 0.027350
2 0.661538 0.392308 0.012821 0.025641
