2 0.639744 0.357265 0.035897 0.051282
2 0.364744 0.334188 0.026923 0.056410
2 0.245513 0.470940 0.032051 0.063248
2 0.342949 0.394872 0.029487 0.051282
2 0.577564 0.472650 0.039744 0.029060
2 0.379487 0.187179 0.025641 0.035897
2 0.402564 0.413675 0.043590 0.037607
2 0.410897 0.500855 0.024359 0.044444
2 0.496795 0.252991 0.024359 0.051282
2 0.336538 0.667521 0.024359 0.035897
2 0.786538 0.366667 0.029487 0.032479
2 0.457692 0.276923 0.015385 0.041026
2 0.039103 0.422222 0.021795 0.030769
2 0.445513 0.480342 0.016667 0.034188
2 0.426923 0.690598 0.017949 0.041026
2 0.310256 0.458120 0.020513 0.023932
2 0.478846 0.800000 0.016667 0.027350
2 0.236538 0.307692 0.019231 0.023932
2 0.710256 0.644444 0.020513 0.020513
2 0.396154 0.305128 0.015385 0.025641
2 0.488462 0.658974 0.015385 0.029060
2 0.092949 0.317949 0.016667 0.023932
2 0.578846 0.217094 0.016667 0.020513
2 0.330128 0.735043 0.014103 0.023932
2 0.935256 0.196581 0.011538 0.027350
2 0.389103 0.784615 0.024359 0.013675
2 0.335256 0.187179 0.014103 0.022222
2 0.584615 0.180342 0.025641 0.022222
