2 0.327564 0.478632 0.093590 0.078632
2 0.045513 0.582051 0.091026 0.076923
2 0.278846 0.371795 0.065385 0.104274
2 0.017308 0.503419 0.034615 0.094017
2 0.467308 0.370940 0.026923 0.071795
2 0.353846 0.399145 0.033333 0.070085
2 0.035897 0.063248 0.043590 0.051282
2 0.844231 0.638462 0.042308 0.056410
2 0.310256 0.074359 0.046154 0.042735
2 0.025641 0.970085 0.035897 0.035897
2 0.128205 0.918803 0.017949 0.063248
2 0.069231 0.111966 0.035897 0.032479
2 0.967308 0.070940 0.021795 0.049573
2 0.313462 0.023077 0.029487 0.046154
2 0.617308 0.538462 0.026923 0.044444
2 0.056410 0.824786 0.030769 0.035897
2 0.898718 0.021368 0.023077 0.042735
2 0.138462 0.469231 0.020513 0.042735
2 0.887179 0.900855 0.033333 0.034188
2 0.616026 0.703419 0.032051 0.029060
2 0.565385 0.459829 0.025641 0.041026
2 0.392308 0.340171 0.033333 0.027350
2 0.232051 0.711966 0.033333 0.025641
2 0.855769 0.017949 0.034615 0.035897
2 0.652564 0.971795 0.028205 0.039316
2 0.623718 0.900855 0.016667 0.044444
2 0.462179 0.830769 0.029487 0.027350
2 0.440385 0.444444 0.024359 0.041026
2 0.392949 0.682906 0.021795 0.032479
2 0.246795 0.582906 0.021795 0.034188
2 0.007051 0.111111 0.014103 0.044444
2 0.312179 0.839316 0.021795 0.027350
2 0.803205 0.200000 0.021795 0.030769
2 0.353846 0.267521 0.017949 0.032479
2 0.952564 0.140171 0.023077 0.034188
2 0.220513 0.821368 0.017949 0.032479
2 0.948077 0.013675 0.024359 0.027350
2 0.138462 0.856410 0.025641 0.020513
2 0.649359 0.203419 0.019231 0.030769
2 0.874359 0.580342 0.017949 0.032479
2 0.620513 0.182906 0.017949 0.030769
2 0.447436 0.231624 0.025641 0.018803
2 0.392949 0.304274 0.019231 0.023932
2 0.312179 0.969231 0.011538 0.037607
2 0.003846 0.312821 0.007692 0.051282
2 0.588462 0.409402 0.015385 0.025641
2 0.552564 0.044444 0.017949 0.020513
2 0.062821 0.511966 0.017949 0.022222
2 0.900641 0.593162 0.016667 0.023932
2 0.371795 0.823932 0.015385 0.027350
2 0.160256 0.576923 0.015385 0.025641
2 0.611538 0.111966 0.015385 0.022222
2 0.798718 0.400000 0.017949 0.020513
2 0.623077 0.394872 0.017949 0.020513
2 0.837179 0.082051 0.015385 0.020513
2 0.896154 0.727350 0.015385 0.032479
2 0.281410 0.888034 0.014103 0.025641
2 0.633333 0.041026 0.012821 0.023932
