2 0.220513 0.684615 0.030769 0.039316
2 0.394231 0.786325 0.026923 0.041026
2 0.148077 0.871795 0.032051 0.027350
2 0.321795 0.866667 0.030769 0.034188
2 0.466026 0.623077 0.021795 0.042735
2 0.865385 0.298291 0.028205 0.032479
2 0.596795 0.466667 0.021795 0.030769
2 0.104487 0.383761 0.029487 0.052991
2 0.455128 0.572650 0.030769 0.023932
2 0.666026 0.417094 0.014103 0.034188
2 0.869231 0.481197 0.020513 0.029060
2 0.501923 0.011966 0.016667 0.023932
2 0.881410 0.337607 0.019231 0.022222
2 0.292308 0.488034 0.015385 0.022222
2 0.234615 0.740171 0.012821 0.030769
2 0.908333 0.149573 0.011538 0.025641
