2 0.275641 0.939316 0.043590 0.063248
2 0.226282 0.575214 0.037179 0.046154
2 0.276923 0.540171 0.033333 0.023932
2 0.571795 0.938462 0.017949 0.034188
2 0.471795 0.695726 0.020513 0.034188
2 0.826923 0.705983 0.023077 0.027350
2 0.591026 0.120513 0.020513 0.032479
2 0.083974 0.060684 0.016667 0.035897
2 0.217308 0.788889 0.016667 0.035897
2 0.521154 0.825641 0.019231 0.020513
2 0.015385 0.829060 0.015385 0.030769
2 0.475000 0.741880 0.016667 0.023932
2 0.355769 0.566667 0.016667 0.025641
2 0.773718 0.882906 0.016667 0.022222
2 0.449359 0.596581 0.016667 0.020513
2 0.059615 0.733333 0.016667 0.020513
2 0.462179 0.769231 0.014103 0.020513
