2 0.339103 0.571795 0.047436 0.090598
2 0.515385 0.614530 0.028205 0.046154
2 0.454487 0.708547 0.034615 0.032479
2 0.282051 0.747863 0.035897 0.029060
2 0.569231 0.438462 0.025641 0.039316
2 0.554487 0.393162 0.032051 0.027350
2 0.764103 0.847863 0.023077 0.037607
2 0.774359 0.758974 0.025641 0.030769
2 0.182692 0.273504 0.026923 0.047863
2 0.547436 0.783761 0.020513 0.039316
2 0.532051 0.819658 0.020513 0.029060
2 0.681410 0.258974 0.016667 0.025641
2 0.387179 0.528205 0.017949 0.020513
2 0.549359 0.883761 0.014103 0.023932
2 0.489744 0.747009 0.015385 0.020513
2 0.381410 0.669231 0.021795 0.015385
2 0.853205 0.775214 0.014103 0.025641
