2 0.494231 0.658120 0.080769 0.078632
2 0.476923 0.752991 0.074359 0.070085
2 0.557692 0.587179 0.069231 0.059829
2 0.264103 0.099145 0.028205 0.075214
2 0.015385 0.608547 0.030769 0.037607
2 0.799359 0.866667 0.029487 0.054701
2 0.630128 0.405983 0.024359 0.035897
2 0.507692 0.938462 0.035897 0.030769
2 0.887179 0.647863 0.015385 0.041026
2 0.339744 0.076923 0.020513 0.030769
2 0.971154 0.200855 0.021795 0.029060
2 0.283333 0.247009 0.023077 0.032479
2 0.701923 0.098291 0.024359 0.022222
2 0.742308 0.274359 0.023077 0.025641
2 0.802564 0.678632 0.030769 0.023932
2 0.637821 0.560684 0.019231 0.030769
2 0.153205 0.694872 0.019231 0.025641
2 0.543590 0.639316 0.017949 0.027350
2 0.057692 0.635043 0.015385 0.032479
2 0.744872 0.990598 0.020513 0.018803
2 0.980128 0.733333 0.016667 0.020513
2 0.272436 0.288034 0.014103 0.022222
2 0.898718 0.009402 0.017949 0.018803
