2 0.810256 0.543590 0.046154 0.075214
2 0.344872 0.430769 0.025641 0.044444
2 0.387821 0.369231 0.019231 0.047863
2 0.217949 0.560684 0.033333 0.041026
2 0.764744 0.952991 0.019231 0.039316
2 0.985897 0.986325 0.028205 0.027350
2 0.346795 0.552991 0.019231 0.039316
2 0.369872 0.525641 0.021795 0.029060
2 0.983974 0.448718 0.016667 0.035897
2 0.541026 0.695726 0.017949 0.030769
2 0.062821 0.489744 0.020513 0.025641
2 0.578205 0.851282 0.015385 0.027350
2 0.189103 0.433333 0.024359 0.022222
2 0.727564 0.488889 0.019231 0.030769
2 0.432692 0.217094 0.019231 0.027350
2 0.650641 0.605983 0.019231 0.018803
2 0.725000 0.913675 0.016667 0.025641
2 0.791026 0.764957 0.012821 0.025641
2 0.787821 0.936752 0.011538 0.027350
2 0.643590 0.713675 0.012821 0.022222
