2 0.620513 0.942735 0.130769 0.114530
2 0.469872 0.471795 0.075641 0.109402
2 0.116026 0.686325 0.060256 0.162393
2 0.386538 0.437607 0.073077 0.061538
2 0.682051 0.794872 0.066667 0.075214
2 0.344231 0.650427 0.044872 0.049573
2 0.152564 0.390598 0.058974 0.066667
2 0.562821 0.397436 0.038462 0.083761
2 0.560897 0.761538 0.052564 0.046154
2 0.420513 0.548718 0.035897 0.058120
2 0.409615 0.604274 0.039744 0.052991
2 0.792949 0.893162 0.037179 0.059829
2 0.646154 0.854701 0.048718 0.037607
2 0.631410 0.241880 0.029487 0.046154
2 0.315385 0.724786 0.025641 0.075214
2 0.596795 0.806838 0.032051 0.041026
2 0.722436 0.152137 0.029487 0.047863
2 0.366026 0.292308 0.044872 0.027350
2 0.825000 0.866667 0.024359 0.041026
2 0.754487 0.591453 0.024359 0.037607
2 0.374359 0.764957 0.028205 0.039316
2 0.634615 0.151282 0.030769 0.032479
2 0.353205 0.705983 0.024359 0.037607
2 0.981410 0.573504 0.037179 0.032479
2 0.033333 0.287179 0.023077 0.047863
2 0.310897 0.348718 0.024359 0.044444
2 0.832692 0.307692 0.021795 0.034188
2 0.725000 0.660684 0.024359 0.032479
2 0.378205 0.329915 0.030769 0.030769
2 0.267308 0.617949 0.021795 0.032479
2 0.605128 0.728205 0.025641 0.027350
2 0.597436 0.506838 0.020513 0.035897
2 0.376923 0.514530 0.023077 0.030769
2 0.603846 0.970940 0.017949 0.034188
2 0.009615 0.880342 0.019231 0.037607
2 0.930128 0.917094 0.019231 0.039316
2 0.661538 0.641880 0.028205 0.042735
2 0.097436 0.464957 0.017949 0.034188
2 0.883974 0.417094 0.024359 0.027350
2 0.755769 0.522222 0.034615 0.039316
2 0.491667 0.190598 0.021795 0.025641
2 0.866026 0.801709 0.019231 0.030769
2 0.012179 0.477778 0.024359 0.025641
2 0.984615 0.253846 0.030769 0.022222
2 0.483333 0.584615 0.017949 0.027350
2 0.204487 0.587179 0.026923 0.018803
2 0.175641 0.056410 0.017949 0.023932
2 0.059615 0.735043 0.011538 0.034188
2 0.239103 0.428205 0.019231 0.022222
2 0.074359 0.833333 0.017949 0.022222
2 0.684615 0.887179 0.015385 0.023932
2 0.315385 0.256410 0.017949 0.020513
2 0.853205 0.578632 0.014103 0.025641
2 0.265385 0.699145 0.017949 0.020513
2 0.915385 0.337607 0.015385 0.022222
2 0.985256 0.377778 0.016667 0.020513
