2 0.683333 0.711111 0.094872 0.092308
2 0.058974 0.576923 0.048718 0.094017
2 0.460256 0.202564 0.061538 0.059829
2 0.533974 0.205128 0.050000 0.092308
2 0.560897 0.824786 0.039744 0.094017
2 0.517308 0.613675 0.037179 0.061538
2 0.105128 0.827350 0.030769 0.054701
2 0.389103 0.676068 0.037179 0.094017
2 0.176282 0.218803 0.032051 0.054701
2 0.801923 0.509402 0.032051 0.044444
2 0.258974 0.441880 0.025641 0.070085
2 0.319872 0.564957 0.039744 0.032479
2 0.426282 0.360684 0.026923 0.047863
2 0.212179 0.861538 0.042308 0.051282
2 0.233974 0.617094 0.032051 0.037607
2 0.789744 0.870085 0.041026 0.054701
2 0.144231 0.651282 0.026923 0.044444
2 0.160897 0.538462 0.024359 0.051282
2 0.772436 0.576068 0.026923 0.047863
2 0.415385 0.494017 0.028205 0.047863
2 0.677564 0.463248 0.032051 0.041026
2 0.169231 0.691453 0.028205 0.046154
2 0.484615 0.700855 0.033333 0.047863
2 0.730128 0.256410 0.021795 0.041026
2 0.389744 0.172650 0.033333 0.030769
2 0.580128 0.717094 0.032051 0.035897
2 0.637179 0.344444 0.023077 0.032479
2 0.921154 0.160684 0.032051 0.037607
2 0.471795 0.905128 0.030769 0.032479
2 0.563462 0.435897 0.019231 0.054701
2 0.291667 0.949573 0.024359 0.035897
2 0.180769 0.787179 0.028205 0.029060
2 0.161538 0.856410 0.020513 0.037607
2 0.544872 0.550427 0.017949 0.037607
2 0.228205 0.669231 0.023077 0.029060
2 0.381410 0.467521 0.019231 0.035897
2 0.276923 0.717094 0.028205 0.042735
2 0.057051 0.706838 0.029487 0.032479
2 0.492308 0.147009 0.025641 0.030769
2 0.916667 0.748718 0.025641 0.034188
2 0.480769 0.439316 0.017949 0.034188
2 0.415385 0.310256 0.025641 0.032479
2 0.626282 0.145299 0.019231 0.054701
2 0.321795 0.088034 0.017949 0.032479
2 0.072436 0.758974 0.024359 0.027350
2 0.269872 0.604274 0.024359 0.025641
2 0.826923 0.963248 0.023077 0.029060
2 0.375000 0.106838 0.016667 0.035897
2 0.566667 0.366667 0.020513 0.022222
2 0.467308 0.670940 0.021795 0.025641
2 0.514744 0.497436 0.029487 0.020513
2 0.287821 0.672650 0.024359 0.029060
2 0.436538 0.916239 0.021795 0.020513
2 0.751282 0.210256 0.017949 0.030769
2 0.012821 0.728205 0.025641 0.020513
2 0.421795 0.776068 0.015385 0.027350
2 0.667308 0.199145 0.024359 0.018803
2 0.213462 0.433333 0.016667 0.025641
2 0.739103 0.743590 0.019231 0.020513
2 0.038462 0.890598 0.017949 0.023932
2 0.131410 0.707692 0.021795 0.017094
2 0.299359 0.240171 0.016667 0.025641
2 0.261538 0.308547 0.020513 0.018803
2 0.090385 0.659829 0.019231 0.020513
2 0.033333 0.265812 0.012821 0.029060
2 0.766026 0.461538 0.016667 0.027350
2 0.903205 0.433333 0.011538 0.039316
2 0.944231 0.861538 0.019231 0.020513
2 0.392308 0.795726 0.012821 0.025641
2 0.694231 0.390598 0.014103 0.022222
2 0.730128 0.658974 0.008974 0.032479
2 0.956410 0.251282 0.012821 0.023932
2 0.793590 0.635897 0.017949 0.020513
2 0.719872 0.435897 0.014103 0.020513
