2 0.442308 0.596581 0.051282 0.095726
2 0.569872 0.311111 0.062821 0.082051
2 0.509615 0.529060 0.075641 0.080342
2 0.328846 0.580342 0.042308 0.097436
2 0.684615 0.147863 0.058974 0.076923
2 0.654487 0.421368 0.039744 0.073504
2 0.626282 0.064103 0.060256 0.032479
2 0.609615 0.452137 0.037179 0.035897
2 0.553846 0.555556 0.023077 0.044444
2 0.269872 0.500855 0.037179 0.037607
2 0.292308 0.594017 0.023077 0.042735
2 0.796154 0.322222 0.023077 0.049573
2 0.113462 0.684615 0.024359 0.032479
2 0.133333 0.268376 0.020513 0.037607
2 0.855128 0.129060 0.025641 0.035897
2 0.473077 0.252137 0.028205 0.032479
2 0.964744 0.594017 0.021795 0.032479
2 0.627564 0.292308 0.021795 0.027350
2 0.333333 0.377778 0.020513 0.034188
2 0.066667 0.285470 0.025641 0.023932
2 0.917308 0.632479 0.016667 0.034188
2 0.127564 0.389744 0.032051 0.020513
2 0.029487 0.627350 0.020513 0.027350
2 0.802564 0.194872 0.015385 0.030769
2 0.424359 0.793162 0.012821 0.030769
2 0.055769 0.690598 0.016667 0.027350
2 0.271795 0.847009 0.015385 0.025641
2 0.735897 0.590598 0.020513 0.035897
2 0.171154 0.089744 0.014103 0.025641
2 0.226282 0.594872 0.016667 0.023932
2 0.728846 0.196581 0.011538 0.027350
2 0.971154 0.667521 0.016667 0.025641
2 0.521154 0.460684 0.019231 0.018803
2 0.816667 0.248718 0.015385 0.022222
2 0.618590 0.325641 0.019231 0.018803
2 0.135256 0.098291 0.014103 0.022222
2 0.993590 0.071795 0.012821 0.027350
2 0.199359 0.864957 0.014103 0.020513
2 0.041026 0.739316 0.012821 0.022222
