2 0.725000 0.535043 0.160256 0.246154
2 0.214744 0.209402 0.183333 0.206838
2 0.882692 0.754701 0.198718 0.203419
2 0.630128 0.070085 0.201282 0.140171
2 0.297436 0.477778 0.107692 0.158974
2 0.594872 0.259829 0.133333 0.116239
2 0.312821 0.808547 0.097436 0.194872
2 0.174359 0.811111 0.056410 0.076923
2 0.136538 0.585470 0.057692 0.080342
2 0.927564 0.269231 0.042308 0.087179
2 0.835897 0.290598 0.061538 0.047863
2 0.529487 0.181197 0.043590 0.044444
2 0.511538 0.325641 0.051282 0.052991
2 0.211538 0.295726 0.046154 0.037607
2 0.872436 0.560684 0.039744 0.054701
2 0.769231 0.382051 0.035897 0.046154
2 0.982692 0.259829 0.034615 0.044444
2 0.162821 0.376068 0.035897 0.034188
2 0.985897 0.177778 0.028205 0.044444
2 0.859615 0.919658 0.042308 0.068376
2 0.467949 0.210256 0.041026 0.027350
2 0.078846 0.582051 0.042308 0.063248
2 0.685897 0.328205 0.030769 0.034188
2 0.798077 0.017949 0.026923 0.035897
2 0.336538 0.220513 0.024359 0.027350
