2 0.217949 0.664103 0.048718 0.066667
2 0.408333 0.636752 0.024359 0.059829
2 0.851923 0.629915 0.029487 0.039316
2 0.574359 0.817094 0.023077 0.027350
2 0.222436 0.594017 0.021795 0.025641
2 0.573718 0.339316 0.019231 0.029060
2 0.587179 0.197436 0.020513 0.029060
2 0.725000 0.883761 0.019231 0.030769
2 0.576282 0.428205 0.019231 0.029060
2 0.652564 0.427350 0.017949 0.023932
2 0.042308 0.968376 0.015385 0.029060
2 0.335256 0.337607 0.019231 0.025641
2 0.453205 0.212821 0.019231 0.022222
2 0.498077 0.590598 0.011538 0.035897
2 0.419872 0.852991 0.014103 0.023932
2 0.260256 0.655556 0.017949 0.018803
2 0.377564 0.454701 0.014103 0.023932
2 0.357051 0.369231 0.016667 0.020513
2 0.871795 0.322222 0.017949 0.022222
2 0.771154 0.938462 0.014103 0.023932
