2 0.232692 0.583761 0.039744 0.083761
2 0.469231 0.260684 0.023077 0.049573
2 0.229487 0.291453 0.041026 0.025641
2 0.347436 0.604274 0.020513 0.046154
2 0.325641 0.547863 0.030769 0.029060
2 0.380769 0.540171 0.020513 0.030769
2 0.451282 0.757265 0.035897 0.023932
2 0.203846 0.541026 0.017949 0.029060
2 0.242308 0.452991 0.015385 0.044444
2 0.290385 0.606838 0.014103 0.030769
2 0.216026 0.853846 0.016667 0.029060
2 0.235897 0.909402 0.012821 0.044444
2 0.546795 0.555556 0.024359 0.020513
2 0.224359 0.322222 0.017949 0.022222
2 0.608333 0.359829 0.016667 0.022222
2 0.153205 0.549573 0.016667 0.025641
2 0.550641 0.417949 0.014103 0.029060
2 0.887821 0.217094 0.019231 0.020513
2 0.217949 0.194872 0.015385 0.023932
2 0.969872 0.097436 0.019231 0.017094
2 0.335256 0.851282 0.014103 0.027350
2 0.295513 0.929915 0.011538 0.027350
2 0.331410 0.712821 0.011538 0.027350
2 0.980769 0.682051 0.012821 0.023932
