2 0.480769 0.571795 0.074359 0.097436
2 0.525000 0.794017 0.037179 0.124786
2 0.430128 0.840171 0.052564 0.094017
2 0.491667 0.674359 0.026923 0.066667
2 0.415385 0.438462 0.020513 0.059829
2 0.574359 0.961538 0.041026 0.039316
2 0.178205 0.701709 0.020513 0.049573
2 0.097436 0.605128 0.020513 0.034188
2 0.021154 0.516239 0.021795 0.027350
2 0.089744 0.123077 0.020513 0.030769
2 0.149359 0.482051 0.019231 0.027350
2 0.328846 0.717949 0.019231 0.030769
2 0.044231 0.166667 0.016667 0.032479
2 0.045513 0.782906 0.021795 0.027350
2 0.069872 0.187179 0.014103 0.029060
2 0.142308 0.352137 0.015385 0.023932
2 0.697436 0.654701 0.015385 0.027350
2 0.387179 0.247863 0.017949 0.027350
2 0.550641 0.708547 0.016667 0.018803
2 0.443590 0.676923 0.015385 0.020513
