2 0.935256 0.523932 0.080769 0.087179
2 0.079487 0.230769 0.043590 0.095726
2 0.565385 0.660684 0.058974 0.070085
2 0.924359 0.276068 0.066667 0.059829
2 0.775000 0.406838 0.050000 0.047863
2 0.725641 0.735897 0.051282 0.076923
2 0.848718 0.705128 0.053846 0.052991
2 0.093590 0.586325 0.038462 0.051282
2 0.929487 0.384615 0.041026 0.075214
2 0.597436 0.295726 0.030769 0.064957
2 0.894231 0.100000 0.029487 0.097436
2 0.619872 0.730769 0.024359 0.052991
2 0.766667 0.631624 0.041026 0.032479
2 0.589744 0.352137 0.025641 0.044444
2 0.189744 0.334188 0.017949 0.056410
2 0.907692 0.743590 0.043590 0.027350
2 0.638462 0.422222 0.023077 0.054701
2 0.455128 0.147863 0.028205 0.042735
2 0.715385 0.497436 0.028205 0.037607
2 0.905128 0.454701 0.028205 0.041026
2 0.223077 0.629915 0.023077 0.049573
2 0.808974 0.547009 0.025641 0.034188
2 0.657692 0.152137 0.028205 0.037607
2 0.574359 0.223932 0.035897 0.023932
2 0.264744 0.764957 0.026923 0.035897
2 0.290385 0.265812 0.029487 0.032479
2 0.203205 0.430769 0.034615 0.027350
2 0.253205 0.304274 0.032051 0.037607
2 0.566667 0.075214 0.017949 0.034188
2 0.317308 0.105983 0.021795 0.030769
2 0.635256 0.988034 0.029487 0.023932
2 0.557051 0.151282 0.014103 0.046154
2 0.850641 0.621368 0.016667 0.035897
2 0.792308 0.597436 0.025641 0.025641
2 0.753205 0.557265 0.021795 0.027350
2 0.532051 0.357265 0.017949 0.030769
2 0.600641 0.099145 0.019231 0.027350
2 0.971154 0.918803 0.016667 0.029060
2 0.101923 0.320513 0.021795 0.032479
2 0.521154 0.171795 0.016667 0.032479
2 0.008333 0.631624 0.016667 0.029060
2 0.774359 0.252137 0.020513 0.022222
2 0.767308 0.189744 0.019231 0.023932
2 0.979487 0.854701 0.015385 0.027350
2 0.365385 0.571795 0.015385 0.025641
2 0.883974 0.668376 0.016667 0.023932
2 0.507692 0.747863 0.015385 0.025641
2 0.591026 0.175214 0.025641 0.015385
2 0.364103 0.696581 0.015385 0.022222
2 0.886538 0.905983 0.011538 0.034188
2 0.371795 0.117949 0.020513 0.020513
2 0.440385 0.330769 0.016667 0.022222
2 0.892308 0.375214 0.017949 0.018803
2 0.350000 0.174359 0.017949 0.020513
