2 0.188462 0.439316 0.079487 0.123077
2 0.516026 0.729060 0.057692 0.111111
2 0.020513 0.079487 0.041026 0.158974
2 0.242949 0.557265 0.029487 0.105983
2 0.482051 0.900000 0.043590 0.052991
2 0.695513 0.728205 0.052564 0.044444
2 0.488462 0.204274 0.043590 0.063248
2 0.981410 0.200855 0.037179 0.056410
2 0.944231 0.053846 0.029487 0.059829
2 0.890385 0.442735 0.042308 0.047863
2 0.434615 0.356410 0.030769 0.046154
2 0.253846 0.691453 0.033333 0.063248
2 0.814744 0.524786 0.029487 0.037607
2 0.479487 0.133333 0.028205 0.044444
2 0.358333 0.734188 0.034615 0.022222
2 0.953205 0.144444 0.021795 0.042735
2 0.790385 0.233333 0.021795 0.042735
2 0.288462 0.261538 0.023077 0.051282
2 0.128205 0.712821 0.015385 0.041026
2 0.189103 0.683761 0.024359 0.023932
2 0.407051 0.233333 0.016667 0.032479
2 0.376923 0.611111 0.030769 0.025641
2 0.257692 0.047863 0.025641 0.023932
2 0.792949 0.917094 0.016667 0.029060
2 0.084615 0.511111 0.020513 0.030769
2 0.135256 0.300000 0.019231 0.025641
2 0.533333 0.822222 0.015385 0.027350
2 0.519872 0.296581 0.021795 0.018803
2 0.607051 0.526496 0.016667 0.023932
2 0.274359 0.498291 0.015385 0.025641
2 0.344231 0.252137 0.016667 0.029060
2 0.296795 0.018803 0.021795 0.020513
2 0.460897 0.764957 0.014103 0.022222
2 0.254487 0.357265 0.014103 0.020513
2 0.492949 0.575214 0.011538 0.025641
2 0.841667 0.304274 0.014103 0.020513
2 0.223718 0.307692 0.011538 0.027350
2 0.557051 0.741880 0.016667 0.017094
