2 0.672436 0.521368 0.093590 0.078632
2 0.954487 0.417949 0.091026 0.076923
2 0.721154 0.628205 0.065385 0.104274
2 0.982692 0.496581 0.034615 0.094017
2 0.532692 0.629060 0.026923 0.071795
2 0.646154 0.600855 0.033333 0.070085
2 0.964103 0.936752 0.043590 0.051282
2 0.155769 0.361538 0.042308 0.056410
2 0.689744 0.925641 0.046154 0.042735
2 0.974359 0.029915 0.035897 0.035897
2 0.871795 0.081197 0.017949 0.063248
2 0.930769 0.888034 0.035897 0.032479
2 0.032692 0.929060 0.021795 0.049573
2 0.686538 0.976923 0.029487 0.046154
2 0.382692 0.461538 0.026923 0.044444
2 0.943590 0.175214 0.030769 0.035897
2 0.101282 0.978632 0.023077 0.042735
2 0.861538 0.530769 0.020513 0.042735
2 0.112821 0.099145 0.033333 0.034188
2 0.383974 0.296581 0.032051 0.029060
2 0.434615 0.540171 0.025641 0.041026
2 0.607692 0.659829 0.033333 0.027350
2 0.767949 0.288034 0.033333 0.025641
2 0.144231 0.982051 0.034615 0.035897
2 0.347436 0.028205 0.028205 0.039316
2 0.376282 0.099145 0.016667 0.044444
2 0.537821 0.169231 0.029487 0.027350
2 0.559615 0.555556 0.024359 0.041026
2 0.607051 0.317094 0.021795 0.032479
2 0.753205 0.417094 0.021795 0.034188
2 0.992949 0.888889 0.014103 0.044444
2 0.688462 0.160684 0.023077 0.027350
2 0.196795 0.800000 0.021795 0.030769
2 0.646154 0.732479 0.017949 0.032479
2 0.047436 0.859829 0.023077 0.034188
2 0.779487 0.178632 0.017949 0.032479
2 0.051923 0.986325 0.024359 0.027350
2 0.861538 0.143590 0.025641 0.020513
2 0.350641 0.796581 0.019231 0.030769
2 0.125641 0.419658 0.017949 0.032479
2 0.379487 0.817094 0.017949 0.030769
2 0.552564 0.768376 0.025641 0.018803
2 0.607051 0.695726 0.019231 0.023932
2 0.687821 0.030769 0.011538 0.037607
2 0.996154 0.687179 0.007692 0.051282
2 0.411538 0.590598 0.015385 0.025641
2 0.447436 0.955556 0.017949 0.020513
2 0.937179 0.488034 0.017949 0.022222
2 0.099359 0.406838 0.016667 0.023932
2 0.628205 0.176068 0.015385 0.027350
2 0.839744 0.423077 0.015385 0.025641
2 0.388462 0.888034 0.015385 0.022222
2 0.376923 0.605128 0.017949 0.020513
2 0.201282 0.600000 0.017949 0.020513
2 0.162179 0.917949 0.014103 0.020513
2 0.103846 0.272650 0.015385 0.032479
2 0.718590 0.111966 0.014103 0.025641
2 0.366667 0.958974 0.012821 0.023932
