2 0.479487 0.773504 0.025641 0.052991
2 0.381410 0.907692 0.037179 0.058120
2 0.636538 0.523077 0.034615 0.041026
2 0.097436 0.772650 0.033333 0.061538
2 0.841026 0.731624 0.017949 0.047863
2 0.662179 0.412821 0.024359 0.035897
2 0.860897 0.493162 0.016667 0.042735
2 0.481410 0.462393 0.021795 0.029060
2 0.831410 0.661538 0.019231 0.030769
2 0.261538 0.248718 0.015385 0.035897
2 0.364103 0.215385 0.030769 0.020513
2 0.810256 0.595726 0.017949 0.029060
2 0.897436 0.415385 0.015385 0.027350
2 0.391026 0.817094 0.015385 0.027350
2 0.276282 0.073504 0.014103 0.027350
2 0.373718 0.784615 0.014103 0.023932
2 0.235256 0.325641 0.014103 0.029060
2 0.212821 0.470085 0.017949 0.023932
