2 0.284615 0.335897 0.092308 0.210256
2 0.145513 0.476068 0.039744 0.104274
2 0.371154 0.427350 0.029487 0.064957
2 0.219231 0.551282 0.035897 0.052991
2 0.221795 0.464957 0.023077 0.044444
2 0.116667 0.599145 0.020513 0.042735
2 0.173718 0.169231 0.014103 0.047863
2 0.354487 0.033333 0.021795 0.025641
2 0.401282 0.213675 0.028205 0.030769
2 0.195513 0.676068 0.021795 0.035897
2 0.204487 0.356410 0.016667 0.029060
2 0.255128 0.584615 0.015385 0.030769
2 0.183974 0.523932 0.019231 0.022222
2 0.246795 0.154701 0.016667 0.025641
2 0.426282 0.692308 0.014103 0.027350
2 0.241026 0.631624 0.020513 0.022222
2 0.285256 0.232479 0.014103 0.027350
2 0.742308 0.370940 0.017949 0.023932
2 0.726923 0.309402 0.020513 0.017094
2 0.406410 0.446154 0.015385 0.020513
2 0.457051 0.347863 0.014103 0.022222
2 0.394231 0.158974 0.014103 0.023932
