2 0.556410 0.339316 0.084615 0.056410
2 0.458333 0.341026 0.091026 0.059829
2 0.278846 0.589744 0.057692 0.058120
2 0.673718 0.547863 0.070513 0.090598
2 0.360256 0.664957 0.071795 0.082051
2 0.356410 0.352137 0.043590 0.099145
2 0.245513 0.723077 0.044872 0.071795
2 0.594231 0.447863 0.057692 0.054701
2 0.848718 0.428205 0.033333 0.042735
2 0.271795 0.283761 0.028205 0.044444
2 0.780128 0.360684 0.029487 0.058120
2 0.614744 0.386325 0.050000 0.030769
2 0.096795 0.490598 0.024359 0.064957
2 0.700641 0.453846 0.024359 0.052991
2 0.184615 0.628205 0.033333 0.039316
2 0.187821 0.729060 0.034615 0.032479
2 0.524359 0.160684 0.038462 0.037607
2 0.418590 0.429060 0.026923 0.034188
2 0.241667 0.800855 0.026923 0.035897
2 0.246154 0.178632 0.043590 0.029060
2 0.572436 0.251282 0.021795 0.044444
2 0.578205 0.510256 0.028205 0.032479
2 0.370513 0.589744 0.035897 0.030769
2 0.659615 0.261538 0.032051 0.047863
2 0.114103 0.555556 0.025641 0.030769
2 0.215385 0.574359 0.043590 0.030769
2 0.081410 0.021368 0.034615 0.025641
2 0.726282 0.259829 0.032051 0.030769
2 0.529487 0.442735 0.017949 0.041026
2 0.294231 0.211111 0.019231 0.049573
2 0.137179 0.118803 0.017949 0.032479
2 0.977564 0.268376 0.016667 0.034188
2 0.308974 0.664957 0.020513 0.044444
2 0.155128 0.339316 0.025641 0.022222
2 0.100641 0.725641 0.024359 0.029060
2 0.196795 0.524786 0.021795 0.023932
2 0.685897 0.501709 0.023077 0.022222
2 0.815385 0.239316 0.020513 0.023932
2 0.087179 0.689744 0.015385 0.029060
2 0.749359 0.538462 0.016667 0.027350
2 0.337821 0.709402 0.026923 0.020513
2 0.973718 0.338462 0.016667 0.027350
2 0.882692 0.451282 0.016667 0.027350
2 0.597436 0.214530 0.020513 0.022222
2 0.219231 0.635897 0.015385 0.027350
2 0.262179 0.415385 0.014103 0.027350
2 0.107692 0.660684 0.012821 0.032479
2 0.951282 0.971795 0.015385 0.025641
2 0.089103 0.847863 0.014103 0.027350
2 0.083333 0.587179 0.020513 0.018803
2 0.641026 0.469231 0.015385 0.025641
2 0.621154 0.566667 0.014103 0.025641
2 0.498718 0.511111 0.012821 0.023932
2 0.117308 0.061538 0.014103 0.023932
2 0.450641 0.681197 0.019231 0.025641
2 0.223718 0.257265 0.014103 0.022222
2 0.006410 0.218803 0.012821 0.023932
2 0.992308 0.658120 0.015385 0.020513
2 0.042308 0.547863 0.017949 0.022222
2 0.580769 0.177778 0.012821 0.023932
2 0.162179 0.522222 0.016667 0.018803
