2 0.399359 0.315385 0.311538 0.261538
2 0.696154 0.884615 0.164103 0.230769
2 0.297436 0.782906 0.117949 0.140171
2 0.598077 0.385470 0.091026 0.076923
2 0.523718 0.829915 0.075641 0.073504
2 0.914103 0.309402 0.074359 0.102564
2 0.581410 0.942735 0.044872 0.114530
2 0.485256 0.931624 0.062821 0.085470
2 0.617949 0.222222 0.051282 0.071795
2 0.659615 0.591453 0.044872 0.061538
2 0.095513 0.276923 0.057692 0.068376
2 0.783333 0.513675 0.035897 0.090598
2 0.506410 0.088889 0.082051 0.044444
2 0.255769 0.054701 0.047436 0.047863
2 0.957692 0.021368 0.046154 0.042735
2 0.869872 0.882051 0.042308 0.075214
2 0.190385 0.077778 0.042308 0.059829
2 0.413462 0.665812 0.042308 0.035897
2 0.398077 0.474359 0.029487 0.052991
2 0.106410 0.976068 0.033333 0.047863
2 0.737821 0.640171 0.029487 0.039316
2 0.080769 0.114530 0.025641 0.044444
2 0.426923 0.893162 0.023077 0.049573
2 0.559615 0.524786 0.026923 0.037607
2 0.600000 0.558120 0.030769 0.032479
2 0.087821 0.934188 0.029487 0.052991
2 0.069231 0.458974 0.033333 0.035897
2 0.335256 0.823932 0.024359 0.047863
2 0.601923 0.860684 0.021795 0.039316
2 0.840385 0.647009 0.029487 0.032479
2 0.225000 0.983761 0.032051 0.032479
2 0.687821 0.275214 0.021795 0.037607
2 0.914744 0.431624 0.029487 0.032479
2 0.933333 0.804274 0.023077 0.029060
2 0.904487 0.641026 0.021795 0.030769
2 0.825641 0.976923 0.028205 0.022222
