2 0.410897 0.583761 0.098718 0.100855
2 0.392949 0.331624 0.039744 0.044444
2 0.638462 0.555556 0.017949 0.047863
2 0.647436 0.605128 0.028205 0.041026
2 0.362821 0.667521 0.023077 0.032479
2 0.315385 0.376068 0.015385 0.037607
2 0.556410 0.804274 0.017949 0.025641
2 0.692308 0.060684 0.012821 0.039316
2 0.435256 0.319658 0.014103 0.041026
2 0.587821 0.273504 0.026923 0.017094
2 0.457692 0.683761 0.015385 0.027350
2 0.551282 0.753846 0.017949 0.020513
2 0.340385 0.257265 0.021795 0.015385
2 0.105128 0.446154 0.012821 0.037607
2 0.655769 0.253846 0.016667 0.018803
2 0.444231 0.516239 0.014103 0.020513
