2 0.657051 0.588034 0.229487 0.324786
2 0.892949 0.788889 0.106410 0.114530
2 0.762821 0.329915 0.069231 0.147009
2 0.675641 0.370940 0.041026 0.140171
2 0.100000 0.384615 0.061538 0.123077
2 0.685897 0.214530 0.041026 0.059829
2 0.403846 0.470940 0.033333 0.080342
2 0.761538 0.465812 0.035897 0.066667
2 0.350641 0.147863 0.039744 0.066667
2 0.428205 0.889744 0.051282 0.042735
2 0.845513 0.308547 0.029487 0.046154
2 0.419231 0.287179 0.030769 0.068376
2 0.800000 0.153846 0.038462 0.064957
2 0.472436 0.656410 0.029487 0.034188
2 0.834615 0.376923 0.025641 0.056410
2 0.473718 0.330769 0.026923 0.042735
2 0.488462 0.441880 0.033333 0.059829
2 0.176282 0.837607 0.039744 0.041026
2 0.633974 0.059829 0.029487 0.034188
2 0.706410 0.273504 0.020513 0.041026
2 0.435256 0.570085 0.024359 0.039316
2 0.167949 0.631624 0.028205 0.032479
2 0.948718 0.409402 0.023077 0.035897
