2 0.881410 0.484615 0.108974 0.131624
2 0.646795 0.485470 0.083333 0.119658
2 0.580128 0.244444 0.060256 0.119658
2 0.975000 0.586325 0.050000 0.136752
2 0.706410 0.227350 0.053846 0.109402
2 0.946154 0.087179 0.066667 0.092308
2 0.781410 0.598291 0.062821 0.058120
2 0.756410 0.328205 0.046154 0.105983
2 0.742949 0.513675 0.055128 0.063248
2 0.369231 0.530769 0.043590 0.087179
2 0.777564 0.670085 0.047436 0.051282
2 0.767308 0.156410 0.039744 0.059829
2 0.971795 0.872650 0.056410 0.066667
2 0.682692 0.363248 0.050000 0.046154
2 0.985256 0.152991 0.029487 0.059829
2 0.869872 0.324786 0.034615 0.068376
2 0.914744 0.345299 0.021795 0.071795
2 0.945513 0.279487 0.037179 0.076923
2 0.616026 0.790598 0.032051 0.042735
2 0.297436 0.334188 0.025641 0.049573
2 0.139103 0.859829 0.026923 0.047863
2 0.476282 0.182051 0.029487 0.035897
2 0.823718 0.303419 0.024359 0.039316
2 0.469872 0.602564 0.026923 0.039316
2 0.469231 0.419658 0.023077 0.042735
2 0.643590 0.692308 0.025641 0.034188
2 0.320513 0.923932 0.028205 0.032479
2 0.832692 0.590598 0.019231 0.039316
2 0.541667 0.556410 0.026923 0.032479
2 0.582692 0.403419 0.029487 0.030769
2 0.175000 0.018803 0.021795 0.037607
2 0.137179 0.589744 0.015385 0.044444
2 0.919231 0.013675 0.023077 0.027350
2 0.037821 0.729060 0.024359 0.029060
2 0.330128 0.878632 0.029487 0.030769
2 0.120513 0.694017 0.017949 0.034188
2 0.958974 0.013675 0.028205 0.027350
2 0.180128 0.658120 0.019231 0.030769
2 0.328846 0.135897 0.016667 0.032479
2 0.684615 0.887179 0.023077 0.023932
2 0.626923 0.291453 0.020513 0.046154
2 0.707692 0.734188 0.020513 0.032479
2 0.442949 0.063248 0.021795 0.034188
2 0.423718 0.276923 0.024359 0.020513
2 0.396154 0.524786 0.015385 0.030769
2 0.194231 0.828205 0.021795 0.039316
2 0.547436 0.739316 0.020513 0.029060
2 0.639103 0.008547 0.026923 0.017094
2 0.989744 0.317949 0.020513 0.020513
2 0.323077 0.224786 0.012821 0.032479
2 0.160256 0.384615 0.015385 0.027350
2 0.842949 0.702564 0.019231 0.020513
2 0.533333 0.115385 0.020513 0.025641
2 0.808333 0.717949 0.016667 0.023932
2 0.573077 0.598291 0.017949 0.020513
2 0.094872 0.346154 0.015385 0.025641
2 0.934615 0.740171 0.012821 0.027350
2 0.572436 0.647863 0.016667 0.020513
2 0.167308 0.810256 0.016667 0.020513
2 0.372436 0.921368 0.014103 0.023932
2 0.359615 0.956410 0.016667 0.018803
