2 0.580128 0.703419 0.055128 0.059829
2 0.513462 0.591453 0.042308 0.075214
2 0.516026 0.668376 0.039744 0.047863
2 0.324359 0.305983 0.033333 0.058120
2 0.487179 0.523932 0.033333 0.039316
2 0.468590 0.318803 0.024359 0.039316
2 0.570513 0.602564 0.025641 0.035897
2 0.689103 0.037607 0.021795 0.037607
2 0.646154 0.326496 0.017949 0.034188
2 0.750641 0.297436 0.016667 0.030769
2 0.435256 0.854701 0.016667 0.034188
2 0.719231 0.252991 0.017949 0.027350
2 0.825641 0.098291 0.017949 0.035897
2 0.400641 0.528205 0.026923 0.017094
2 0.041026 0.988889 0.015385 0.022222
2 0.801282 0.295726 0.012821 0.027350
