2 0.201282 0.488889 0.117949 0.201709
2 0.040385 0.648718 0.080769 0.128205
2 0.186538 0.788034 0.070513 0.133333
2 0.251923 0.252991 0.142308 0.088889
2 0.464103 0.625641 0.074359 0.109402
2 0.529487 0.469231 0.092308 0.104274
2 0.699359 0.449573 0.050000 0.102564
2 0.192949 0.662393 0.050000 0.094017
2 0.157051 0.178632 0.052564 0.087179
2 0.107692 0.721368 0.071795 0.054701
2 0.673077 0.546154 0.046154 0.076923
2 0.375641 0.642735 0.038462 0.102564
2 0.397436 0.296581 0.046154 0.066667
2 0.819872 0.297436 0.044872 0.064957
2 0.430128 0.403419 0.037179 0.071795
2 0.477564 0.361538 0.050000 0.042735
2 0.101282 0.495726 0.028205 0.068376
2 0.087821 0.112821 0.050000 0.041026
2 0.914744 0.783761 0.039744 0.046154
2 0.450641 0.752991 0.026923 0.066667
2 0.055769 0.177778 0.052564 0.047863
2 0.534615 0.652991 0.030769 0.068376
2 0.260256 0.076923 0.043590 0.054701
2 0.493590 0.729915 0.035897 0.058120
2 0.775641 0.745299 0.033333 0.051282
2 0.378205 0.739316 0.046154 0.025641
2 0.109615 0.344444 0.024359 0.042735
2 0.488462 0.860684 0.033333 0.035897
2 0.086538 0.870085 0.026923 0.047863
2 0.598077 0.578632 0.032051 0.035897
2 0.241026 0.832479 0.025641 0.047863
2 0.245513 0.894872 0.029487 0.035897
2 0.712821 0.945299 0.025641 0.044444
2 0.007692 0.528205 0.015385 0.071795
2 0.378205 0.396581 0.033333 0.034188
2 0.758333 0.341026 0.026923 0.035897
2 0.746795 0.290598 0.026923 0.037607
2 0.958333 0.985470 0.032051 0.029060
2 0.425641 0.476068 0.020513 0.042735
2 0.140385 0.614530 0.029487 0.029060
2 0.060897 0.262393 0.037179 0.035897
2 0.840385 0.401709 0.021795 0.037607
2 0.010897 0.417094 0.021795 0.034188
2 0.357051 0.976923 0.019231 0.046154
2 0.673718 0.027350 0.026923 0.034188
2 0.760897 0.218803 0.026923 0.027350
2 0.480769 0.052991 0.020513 0.034188
2 0.018590 0.012821 0.024359 0.025641
2 0.118590 0.018803 0.021795 0.037607
2 0.253846 0.341026 0.025641 0.025641
2 0.342949 0.254701 0.021795 0.030769
2 0.727564 0.251282 0.021795 0.041026
2 0.298718 0.482906 0.020513 0.029060
2 0.378205 0.034188 0.017949 0.030769
2 0.992949 0.978632 0.014103 0.042735
2 0.055769 0.570085 0.021795 0.025641
2 0.985897 0.764957 0.028205 0.022222
2 0.216667 0.149573 0.020513 0.029060
2 0.523077 0.552137 0.023077 0.023932
2 0.298077 0.754701 0.021795 0.025641
2 0.210256 0.947009 0.020513 0.027350
2 0.678205 0.230769 0.017949 0.027350
2 0.110256 0.255556 0.017949 0.029060
2 0.099359 0.943590 0.016667 0.030769
2 0.267308 0.938462 0.016667 0.027350
2 0.531410 0.982906 0.016667 0.034188
2 0.268590 0.277778 0.014103 0.029060
2 0.279487 0.414530 0.017949 0.025641
2 0.021154 0.778632 0.019231 0.022222
2 0.605769 0.190598 0.014103 0.025641
2 0.557051 0.164103 0.016667 0.027350
2 0.357692 0.009402 0.017949 0.018803
2 0.761538 0.500000 0.023077 0.022222
2 0.317949 0.012821 0.012821 0.025641
2 0.623077 0.487179 0.012821 0.027350
2 0.812179 0.147009 0.016667 0.020513
2 0.758333 0.388034 0.016667 0.020513
2 0.624359 0.247009 0.017949 0.018803
2 0.646795 0.601709 0.019231 0.017094
2 0.289744 0.979487 0.017949 0.017094
2 0.726282 0.365812 0.019231 0.017094
2 0.596154 0.682051 0.017949 0.017094
