2 0.696795 0.743590 0.047436 0.064957
2 0.446795 0.528205 0.039744 0.054701
2 0.473718 0.787179 0.029487 0.049573
2 0.243590 0.049573 0.028205 0.061538
2 0.539744 0.152991 0.028205 0.049573
2 0.558974 0.475214 0.033333 0.054701
2 0.076282 0.386325 0.037179 0.034188
2 0.141026 0.025641 0.030769 0.051282
2 0.173718 0.227350 0.039744 0.041026
2 0.690385 0.388889 0.029487 0.039316
2 0.900641 0.298291 0.026923 0.046154
2 0.264744 0.177778 0.032051 0.058120
2 0.168590 0.296581 0.024359 0.049573
2 0.866667 0.629060 0.020513 0.047863
2 0.576923 0.311966 0.020513 0.042735
2 0.517949 0.471795 0.020513 0.041026
2 0.702564 0.275214 0.023077 0.037607
2 0.396154 0.234188 0.025641 0.027350
2 0.813462 0.347863 0.029487 0.029060
2 0.418590 0.400855 0.024359 0.029060
2 0.417308 0.298291 0.026923 0.032479
2 0.278846 0.531624 0.021795 0.027350
2 0.348718 0.720513 0.020513 0.029060
2 0.957051 0.248718 0.026923 0.025641
2 0.088462 0.233333 0.020513 0.025641
2 0.637179 0.826496 0.017949 0.032479
2 0.716667 0.335043 0.023077 0.023932
2 0.689744 0.513675 0.020513 0.029060
2 0.020513 0.330769 0.017949 0.025641
2 0.807692 0.405983 0.015385 0.025641
2 0.349359 0.762393 0.016667 0.023932
2 0.883974 0.480342 0.014103 0.027350
2 0.339744 0.406838 0.017949 0.023932
2 0.106410 0.133333 0.017949 0.023932
2 0.387821 0.383761 0.019231 0.018803
2 0.798718 0.037607 0.017949 0.020513
2 0.169231 0.857265 0.015385 0.035897
2 0.680128 0.076923 0.014103 0.023932
2 0.164103 0.640171 0.015385 0.018803
2 0.582692 0.141880 0.014103 0.020513
2 0.514103 0.357265 0.015385 0.017094
