2 0.191026 0.386325 0.033333 0.051282
2 0.188462 0.190598 0.033333 0.066667
2 0.673718 0.550427 0.026923 0.044444
2 0.739103 0.351282 0.032051 0.029060
2 0.407692 0.091453 0.020513 0.029060
2 0.222436 0.694017 0.019231 0.034188
2 0.835256 0.558120 0.021795 0.046154
2 0.087821 0.018803 0.014103 0.037607
2 0.421795 0.422222 0.017949 0.034188
2 0.973718 0.541880 0.029487 0.023932
2 0.773718 0.319658 0.019231 0.023932
2 0.360897 0.794017 0.021795 0.022222
2 0.691026 0.409402 0.017949 0.022222
2 0.517308 0.805128 0.014103 0.027350
2 0.768590 0.377778 0.014103 0.027350
2 0.866026 0.437607 0.016667 0.020513
2 0.186538 0.628205 0.016667 0.022222
2 0.903846 0.786325 0.015385 0.023932
2 0.520513 0.373504 0.015385 0.022222
2 0.757692 0.506838 0.015385 0.018803
2 0.723718 0.732479 0.019231 0.022222
2 0.757051 0.623077 0.014103 0.022222
2 0.156410 0.384615 0.015385 0.020513
2 0.092949 0.305128 0.014103 0.022222
2 0.458333 0.388034 0.016667 0.017094
