2 0.334615 0.911111 0.184615 0.177778
2 0.425000 0.671795 0.070513 0.133333
2 0.303846 0.944444 0.089744 0.066667
2 0.092949 0.341880 0.057692 0.105983
2 0.310256 0.491453 0.056410 0.107692
2 0.218590 0.060684 0.062821 0.080342
2 0.331410 0.300000 0.065385 0.087179
2 0.654487 0.090598 0.103846 0.061538
2 0.827564 0.112821 0.085897 0.061538
2 0.750641 0.800855 0.057692 0.063248
2 0.781410 0.635897 0.034615 0.078632
2 0.579487 0.164103 0.048718 0.054701
2 0.747436 0.346154 0.035897 0.090598
2 0.544872 0.671795 0.035897 0.054701
2 0.478846 0.063248 0.039744 0.037607
2 0.117308 0.143590 0.039744 0.068376
2 0.791026 0.423077 0.035897 0.049573
2 0.397436 0.446154 0.033333 0.041026
2 0.715385 0.641880 0.030769 0.046154
2 0.378205 0.277778 0.033333 0.042735
2 0.739744 0.567521 0.028205 0.041026
2 0.610256 0.659829 0.028205 0.041026
2 0.619872 0.032479 0.021795 0.051282
2 0.494231 0.867521 0.034615 0.029060
2 0.183333 0.946154 0.035897 0.029060
2 0.023718 0.120513 0.032051 0.042735
2 0.033974 0.430769 0.024359 0.041026
2 0.316667 0.720513 0.033333 0.032479
2 0.183333 0.304274 0.028205 0.030769
2 0.680128 0.131624 0.026923 0.030769
2 0.118590 0.944444 0.029487 0.025641
2 0.290385 0.670085 0.026923 0.030769
2 0.801923 0.794872 0.024359 0.037607
2 0.446795 0.870940 0.021795 0.035897
2 0.514103 0.286325 0.020513 0.029060
2 0.823077 0.924786 0.025641 0.023932
2 0.410256 0.529060 0.025641 0.022222
2 0.391667 0.822222 0.016667 0.044444
2 0.230769 0.298291 0.017949 0.032479
2 0.259615 0.700000 0.024359 0.022222
2 0.133974 0.480342 0.024359 0.030769
2 0.215385 0.229060 0.017949 0.027350
2 0.015385 0.320513 0.017949 0.025641
2 0.713462 0.143590 0.019231 0.027350
2 0.789744 0.030769 0.015385 0.027350
2 0.313462 0.399145 0.019231 0.022222
