2 0.373077 0.608547 0.161538 0.119658
2 0.263462 0.329060 0.052564 0.107692
2 0.413462 0.409402 0.044872 0.124786
2 0.807692 0.588034 0.066667 0.064957
2 0.943590 0.335043 0.071795 0.051282
2 0.794231 0.734188 0.042308 0.070085
2 0.548077 0.672650 0.055128 0.063248
2 0.528846 0.788889 0.042308 0.070085
2 0.557692 0.071795 0.033333 0.099145
2 0.412179 0.019658 0.044872 0.039316
2 0.779487 0.464957 0.035897 0.068376
2 0.516026 0.222222 0.037179 0.054701
2 0.250641 0.202564 0.055128 0.049573
2 0.178205 0.306838 0.048718 0.035897
2 0.474359 0.330769 0.030769 0.066667
2 0.016667 0.090598 0.033333 0.051282
2 0.866667 0.132479 0.035897 0.042735
2 0.369231 0.381197 0.033333 0.044444
2 0.163462 0.927350 0.026923 0.052991
2 0.738462 0.118803 0.041026 0.039316
2 0.730128 0.576068 0.029487 0.047863
2 0.042949 0.662393 0.034615 0.039316
2 0.187821 0.210256 0.019231 0.061538
2 0.067308 0.364957 0.024359 0.052991
2 0.496154 0.700000 0.025641 0.046154
2 0.463462 0.686325 0.021795 0.066667
2 0.196795 0.366667 0.039744 0.046154
2 0.251282 0.417094 0.041026 0.037607
2 0.455128 0.814530 0.033333 0.029060
2 0.322436 0.502564 0.026923 0.037607
2 0.067308 0.032479 0.024359 0.047863
2 0.184615 0.738462 0.023077 0.047863
2 0.012179 0.976923 0.024359 0.046154
2 0.704487 0.334188 0.026923 0.032479
2 0.425000 0.268376 0.019231 0.044444
2 0.588462 0.703419 0.020513 0.039316
2 0.988462 0.287179 0.023077 0.034188
2 0.333974 0.397436 0.021795 0.035897
2 0.012821 0.187179 0.025641 0.035897
2 0.445513 0.200000 0.024359 0.044444
2 0.389744 0.286325 0.025641 0.025641
2 0.714103 0.188034 0.023077 0.027350
2 0.939744 0.903419 0.035897 0.039316
2 0.764103 0.667521 0.025641 0.025641
2 0.741667 0.166667 0.029487 0.029060
2 0.529487 0.164957 0.017949 0.032479
2 0.896795 0.225641 0.019231 0.030769
2 0.605769 0.494872 0.021795 0.025641
2 0.960897 0.121368 0.024359 0.020513
2 0.623718 0.429915 0.024359 0.025641
2 0.565385 0.523077 0.017949 0.027350
2 0.376282 0.097436 0.016667 0.027350
2 0.378846 0.713675 0.016667 0.032479
2 0.876282 0.717949 0.019231 0.023932
2 0.807051 0.199145 0.019231 0.022222
2 0.308333 0.317094 0.016667 0.025641
2 0.455769 0.275214 0.016667 0.023932
2 0.579487 0.594017 0.017949 0.022222
2 0.007051 0.673504 0.014103 0.027350
2 0.236538 0.498291 0.014103 0.025641
2 0.173718 0.106838 0.016667 0.025641
2 0.617308 0.913675 0.014103 0.025641
2 0.994231 0.358120 0.011538 0.029060
2 0.854487 0.086325 0.021795 0.025641
2 0.006410 0.252991 0.012821 0.027350
2 0.889744 0.347009 0.012821 0.023932
2 0.021795 0.623077 0.015385 0.018803
2 0.644231 0.770085 0.014103 0.022222
2 0.992308 0.467521 0.015385 0.018803
