2 0.085897 0.327350 0.038462 0.097436
2 0.320513 0.382906 0.043590 0.095726
2 0.960897 0.750427 0.044872 0.082051
2 0.154487 0.184615 0.044872 0.088889
2 0.542949 0.674359 0.067949 0.049573
2 0.417949 0.362393 0.038462 0.064957
2 0.239103 0.476068 0.050000 0.049573
2 0.495513 0.846154 0.034615 0.058120
2 0.032692 0.276068 0.019231 0.073504
2 0.010897 0.661538 0.021795 0.061538
2 0.334615 0.500000 0.033333 0.032479
2 0.474359 0.626496 0.028205 0.029060
2 0.484615 0.692308 0.028205 0.034188
2 0.684615 0.405128 0.028205 0.034188
2 0.510256 0.735043 0.023077 0.034188
2 0.103205 0.177778 0.024359 0.037607
2 0.042308 0.631624 0.020513 0.042735
2 0.603205 0.747009 0.024359 0.034188
2 0.175641 0.623932 0.020513 0.034188
2 0.176923 0.884615 0.020513 0.035897
2 0.455769 0.671795 0.014103 0.044444
2 0.382051 0.421368 0.017949 0.039316
2 0.961538 0.021368 0.023077 0.042735
2 0.258333 0.909402 0.021795 0.030769
2 0.685897 0.465812 0.020513 0.032479
2 0.428205 0.076923 0.015385 0.041026
2 0.069231 0.666667 0.017949 0.030769
2 0.025000 0.428205 0.021795 0.022222
2 0.498077 0.902564 0.019231 0.027350
2 0.338462 0.960684 0.012821 0.037607
2 0.457051 0.917094 0.016667 0.032479
2 0.041667 0.549573 0.019231 0.022222
2 0.607692 0.507692 0.020513 0.020513
2 0.498077 0.530769 0.019231 0.022222
2 0.026282 0.197436 0.014103 0.025641
2 0.374359 0.264957 0.017949 0.020513
2 0.067949 0.061538 0.012821 0.030769
2 0.322436 0.682906 0.011538 0.025641
2 0.052564 0.892308 0.010256 0.030769
2 0.111538 0.905983 0.015385 0.020513
2 0.993590 0.039316 0.012821 0.023932
2 0.371154 0.939316 0.014103 0.022222
