2 0.634615 0.282906 0.033333 0.076923
2 0.766667 0.917094 0.064103 0.049573
2 0.555128 0.364103 0.058974 0.054701
2 0.377564 0.562393 0.042308 0.041026
2 0.633333 0.377778 0.028205 0.054701
2 0.369231 0.502564 0.043590 0.034188
2 0.023718 0.170085 0.024359 0.052991
2 0.613462 0.668376 0.032051 0.041026
2 0.548077 0.627350 0.024359 0.054701
2 0.991667 0.462393 0.016667 0.052991
2 0.791026 0.535043 0.023077 0.041026
2 0.850000 0.450427 0.028205 0.032479
2 0.247436 0.393162 0.025641 0.051282
2 0.279487 0.556410 0.017949 0.046154
2 0.146795 0.175214 0.024359 0.029060
2 0.915385 0.593162 0.025641 0.037607
2 0.343590 0.603419 0.023077 0.027350
2 0.792308 0.117949 0.017949 0.037607
2 0.267949 0.650427 0.020513 0.029060
2 0.032692 0.266667 0.016667 0.034188
2 0.733333 0.718803 0.017949 0.029060
2 0.719872 0.235897 0.019231 0.027350
2 0.805128 0.476923 0.020513 0.023932
2 0.182051 0.447863 0.012821 0.030769
2 0.107692 0.405983 0.015385 0.025641
2 0.755769 0.348718 0.014103 0.027350
2 0.842308 0.735043 0.015385 0.023932
2 0.075000 0.146154 0.019231 0.018803
2 0.901282 0.343590 0.017949 0.020513
2 0.242308 0.807692 0.012821 0.022222
