2 0.316667 0.288889 0.094872 0.092308
2 0.941026 0.423077 0.048718 0.094017
2 0.539744 0.797436 0.061538 0.059829
2 0.466026 0.794872 0.050000 0.092308
2 0.439103 0.175214 0.039744 0.094017
2 0.482692 0.386325 0.037179 0.061538
2 0.894872 0.172650 0.030769 0.054701
2 0.610897 0.323932 0.037179 0.094017
2 0.823718 0.781197 0.032051 0.054701
2 0.198077 0.490598 0.032051 0.044444
2 0.741026 0.558120 0.025641 0.070085
2 0.680128 0.435043 0.039744 0.032479
2 0.573718 0.639316 0.026923 0.047863
2 0.787821 0.138462 0.042308 0.051282
2 0.766026 0.382906 0.032051 0.037607
2 0.210256 0.129915 0.041026 0.054701
2 0.855769 0.348718 0.026923 0.044444
2 0.839103 0.461538 0.024359 0.051282
2 0.227564 0.423932 0.026923 0.047863
2 0.584615 0.505983 0.028205 0.047863
2 0.322436 0.536752 0.032051 0.041026
2 0.830769 0.308547 0.028205 0.046154
2 0.515385 0.299145 0.033333 0.047863
2 0.269872 0.743590 0.021795 0.041026
2 0.610256 0.827350 0.033333 0.030769
2 0.419872 0.282906 0.032051 0.035897
2 0.362821 0.655556 0.023077 0.032479
2 0.078846 0.839316 0.032051 0.037607
2 0.436538 0.564103 0.019231 0.054701
2 0.528205 0.094872 0.030769 0.032479
2 0.708333 0.050427 0.024359 0.035897
2 0.819231 0.212821 0.028205 0.029060
2 0.838462 0.143590 0.020513 0.037607
2 0.455128 0.449573 0.017949 0.037607
2 0.771795 0.330769 0.023077 0.029060
2 0.618590 0.532479 0.019231 0.035897
2 0.942949 0.293162 0.029487 0.032479
2 0.723077 0.282906 0.028205 0.042735
2 0.507692 0.852991 0.025641 0.030769
2 0.083333 0.251282 0.025641 0.034188
2 0.519231 0.559829 0.017949 0.032479
2 0.584615 0.689744 0.025641 0.032479
2 0.373718 0.854701 0.019231 0.054701
2 0.678205 0.911966 0.017949 0.032479
2 0.927564 0.241026 0.024359 0.027350
2 0.730128 0.395726 0.024359 0.025641
2 0.173077 0.036752 0.023077 0.029060
2 0.625000 0.893162 0.016667 0.035897
2 0.433333 0.632479 0.020513 0.023932
2 0.532692 0.329060 0.021795 0.025641
2 0.485256 0.502564 0.029487 0.020513
2 0.712179 0.327350 0.024359 0.029060
2 0.563462 0.083761 0.021795 0.020513
2 0.248718 0.789744 0.017949 0.030769
2 0.987179 0.271795 0.025641 0.020513
2 0.578205 0.223932 0.015385 0.027350
2 0.332692 0.800855 0.024359 0.018803
2 0.786538 0.566667 0.016667 0.025641
2 0.260897 0.256410 0.019231 0.020513
2 0.868590 0.292308 0.021795 0.017094
2 0.961538 0.109402 0.017949 0.023932
2 0.700641 0.759829 0.016667 0.025641
2 0.738462 0.691453 0.020513 0.018803
2 0.909615 0.340171 0.019231 0.020513
2 0.966667 0.734188 0.012821 0.029060
2 0.233974 0.538462 0.016667 0.027350
2 0.096795 0.566667 0.011538 0.039316
2 0.607692 0.204274 0.012821 0.025641
2 0.055769 0.138462 0.019231 0.020513
2 0.305769 0.609402 0.014103 0.022222
2 0.043590 0.748718 0.012821 0.023932
2 0.269872 0.341026 0.008974 0.032479
2 0.206410 0.364103 0.017949 0.020513
2 0.280128 0.564103 0.014103 0.020513
