2 0.297436 0.232479 0.046154 0.088889
2 0.965385 0.422222 0.056410 0.068376
2 0.300000 0.714530 0.038462 0.092308
2 0.463462 0.168376 0.044872 0.052991
2 0.394872 0.609402 0.030769 0.076923
2 0.473077 0.501709 0.025641 0.063248
2 0.243590 0.327350 0.051282 0.046154
2 0.515385 0.432479 0.035897 0.047863
2 0.984615 0.496581 0.030769 0.042735
2 0.797436 0.420513 0.028205 0.054701
2 0.412179 0.411966 0.024359 0.051282
2 0.945513 0.538462 0.034615 0.044444
2 0.223077 0.505983 0.030769 0.034188
2 0.214103 0.175214 0.028205 0.039316
2 0.861538 0.953846 0.033333 0.034188
2 0.690385 0.710256 0.021795 0.035897
2 0.094231 0.364957 0.016667 0.046154
2 0.418590 0.793162 0.019231 0.041026
2 0.147436 0.454701 0.023077 0.034188
2 0.464103 0.814530 0.017949 0.035897
2 0.441026 0.115385 0.017949 0.042735
2 0.276282 0.776068 0.016667 0.041026
2 0.914103 0.891453 0.023077 0.025641
2 0.273718 0.666667 0.029487 0.027350
2 0.485256 0.376923 0.019231 0.032479
2 0.206410 0.688034 0.017949 0.035897
2 0.830128 0.189744 0.021795 0.020513
2 0.240385 0.248718 0.014103 0.032479
2 0.810256 0.159829 0.017949 0.029060
2 0.878205 0.898291 0.020513 0.025641
2 0.595513 0.393162 0.016667 0.023932
2 0.735256 0.812821 0.016667 0.022222
2 0.060897 0.704274 0.011538 0.030769
2 0.664744 0.263248 0.014103 0.030769
2 0.032692 0.530769 0.014103 0.025641
2 0.477564 0.223077 0.019231 0.018803
2 0.182692 0.639316 0.014103 0.023932
2 0.931410 0.470940 0.011538 0.029060
2 0.692949 0.416239 0.014103 0.022222
2 0.351923 0.353846 0.011538 0.027350
2 0.499359 0.684615 0.024359 0.018803
2 0.370513 0.543590 0.015385 0.020513
2 0.533974 0.584615 0.016667 0.020513
2 0.194231 0.832479 0.014103 0.020513
2 0.346795 0.430769 0.014103 0.020513
