2 0.592949 0.407692 0.047436 0.066667
2 0.570513 0.643590 0.033333 0.046154
2 0.346795 0.181197 0.032051 0.037607
2 0.316026 0.061538 0.016667 0.054701
2 0.512179 0.452991 0.016667 0.044444
2 0.277564 0.617949 0.019231 0.042735
2 0.032051 0.358974 0.023077 0.037607
2 0.319872 0.243590 0.016667 0.035897
2 0.355769 0.475214 0.014103 0.037607
2 0.344231 0.596581 0.021795 0.023932
2 0.107692 0.359829 0.020513 0.022222
2 0.278846 0.102564 0.014103 0.027350
2 0.205769 0.223932 0.014103 0.027350
2 0.716667 0.582051 0.020513 0.018803
2 0.573077 0.495726 0.012821 0.030769
2 0.157051 0.287179 0.016667 0.020513
2 0.543590 0.434188 0.015385 0.020513
2 0.735897 0.218803 0.015385 0.020513
2 0.123077 0.287179 0.010256 0.030769
2 0.414744 0.120513 0.016667 0.018803
