2 0.883974 0.894017 0.065385 0.150427
2 0.434615 0.506838 0.071795 0.114530
2 0.564744 0.364103 0.062821 0.160684
2 0.230128 0.794017 0.047436 0.090598
2 0.839103 0.460684 0.062821 0.066667
2 0.780128 0.963248 0.050000 0.073504
2 0.696795 0.610256 0.050000 0.092308
2 0.035256 0.028205 0.070513 0.056410
2 0.196795 0.071795 0.088462 0.071795
2 0.594231 0.440171 0.047436 0.063248
2 0.163462 0.569231 0.026923 0.082051
2 0.080128 0.611111 0.050000 0.052991
2 0.263462 0.421368 0.042308 0.046154
2 0.983974 0.804274 0.032051 0.052991
2 0.362821 0.552991 0.025641 0.049573
2 0.439744 0.321368 0.038462 0.037607
2 0.237821 0.488889 0.039744 0.044444
2 0.053205 0.861538 0.029487 0.047863
2 0.086538 0.977778 0.050000 0.027350
2 0.501282 0.733333 0.028205 0.037607
2 0.530769 0.663248 0.038462 0.030769
2 0.538462 0.717094 0.028205 0.035897
2 0.425641 0.388034 0.025641 0.037607
2 0.247436 0.200000 0.025641 0.034188
2 0.477564 0.433333 0.024359 0.035897
2 0.775641 0.539316 0.038462 0.032479
2 0.074359 0.298291 0.025641 0.035897
2 0.569231 0.988889 0.035897 0.022222
2 0.687821 0.694017 0.024359 0.037607
2 0.742949 0.075214 0.024359 0.034188
2 0.467949 0.193162 0.023077 0.037607
2 0.170513 0.219658 0.028205 0.029060
2 0.728205 0.039316 0.023077 0.027350
2 0.644231 0.011111 0.021795 0.022222
2 0.310256 0.164957 0.020513 0.022222
2 0.781410 0.073504 0.014103 0.044444
2 0.599359 0.087179 0.016667 0.020513
2 0.878205 0.129060 0.012821 0.025641
2 0.005769 0.381197 0.011538 0.023932
2 0.099359 0.184615 0.016667 0.017094
2 0.530769 0.992308 0.020513 0.015385
