2 0.551282 0.771795 0.202564 0.206838
2 0.525641 0.120513 0.207692 0.241026
2 0.313462 0.821368 0.111538 0.230769
2 0.228846 0.045299 0.124359 0.090598
2 0.068590 0.805128 0.075641 0.129915
2 0.301282 0.304274 0.058974 0.095726
2 0.634615 0.882906 0.069231 0.121368
2 0.833333 0.672650 0.066667 0.076923
2 0.246154 0.447009 0.053846 0.076923
2 0.125000 0.040171 0.062821 0.080342
2 0.631410 0.475214 0.067949 0.071795
2 0.210256 0.552137 0.051282 0.085470
2 0.230128 0.310256 0.047436 0.070085
2 0.830128 0.529915 0.039744 0.064957
2 0.630769 0.352991 0.038462 0.070085
2 0.594231 0.408547 0.044872 0.054701
2 0.436538 0.354701 0.047436 0.039316
2 0.406410 0.648718 0.043590 0.032479
2 0.967949 0.692308 0.033333 0.041026
2 0.271795 0.374359 0.033333 0.037607
2 0.978846 0.286325 0.042308 0.035897
2 0.232051 0.675214 0.023077 0.051282
2 0.569872 0.040171 0.026923 0.042735
2 0.025000 0.073504 0.024359 0.041026
2 0.012179 0.568376 0.024359 0.035897
2 0.925641 0.378632 0.023077 0.046154
2 0.994231 0.468376 0.011538 0.085470
2 0.255128 0.573504 0.023077 0.046154
2 0.800641 0.154701 0.029487 0.022222
2 0.017308 0.449573 0.019231 0.037607
