2 0.375641 0.450427 0.041026 0.090598
2 0.694231 0.427350 0.052564 0.099145
2 0.443590 0.494017 0.035897 0.058120
2 0.292308 0.526496 0.025641 0.058120
2 0.636538 0.652991 0.016667 0.061538
2 0.362179 0.607692 0.032051 0.039316
2 0.382692 0.295726 0.034615 0.054701
2 0.629487 0.445299 0.038462 0.059829
2 0.734615 0.335043 0.023077 0.051282
2 0.447436 0.315385 0.043590 0.032479
2 0.653205 0.563248 0.029487 0.035897
2 0.365385 0.382051 0.017949 0.039316
2 0.687821 0.523077 0.021795 0.034188
2 0.778846 0.458120 0.026923 0.044444
2 0.353846 0.509402 0.025641 0.044444
2 0.389744 0.857265 0.020513 0.035897
2 0.567308 0.431624 0.021795 0.029060
2 0.917308 0.278632 0.021795 0.027350
2 0.529487 0.510256 0.017949 0.029060
2 0.425000 0.392308 0.024359 0.022222
2 0.894231 0.607692 0.014103 0.035897
2 0.689103 0.746154 0.014103 0.035897
2 0.113462 0.364103 0.016667 0.030769
2 0.235897 0.692308 0.025641 0.020513
2 0.676282 0.015385 0.024359 0.030769
2 0.408333 0.911111 0.016667 0.027350
2 0.674359 0.464103 0.015385 0.029060
2 0.426282 0.813675 0.014103 0.034188
2 0.694231 0.564103 0.024359 0.023932
2 0.356410 0.650427 0.017949 0.022222
2 0.730769 0.539316 0.023077 0.025641
2 0.380769 0.739316 0.012821 0.029060
2 0.448718 0.423077 0.015385 0.022222
2 0.804487 0.100000 0.014103 0.022222
2 0.937179 0.225641 0.015385 0.020513
2 0.585897 0.596581 0.010256 0.027350
2 0.387179 0.790598 0.010256 0.029060
2 0.722436 0.082051 0.014103 0.020513
2 0.142308 0.514530 0.017949 0.030769
