2 0.325641 0.385470 0.176923 0.541880
2 0.592308 0.464103 0.302564 0.141880
2 0.420513 0.903419 0.156410 0.117949
2 0.041667 0.505983 0.083333 0.170940
2 0.450000 0.294872 0.076923 0.141880
2 0.968590 0.547863 0.062821 0.138462
2 0.540385 0.776068 0.085897 0.099145
2 0.535256 0.606838 0.065385 0.054701
2 0.192949 0.412821 0.062821 0.063248
2 0.280128 0.709402 0.052564 0.102564
2 0.711538 0.329060 0.051282 0.066667
2 0.814103 0.174359 0.061538 0.064957
2 0.232692 0.576068 0.039744 0.071795
2 0.091667 0.635043 0.044872 0.056410
2 0.867949 0.708547 0.043590 0.052991
2 0.798718 0.710256 0.056410 0.052991
2 0.885897 0.267521 0.030769 0.063248
2 0.462821 0.681197 0.046154 0.042735
2 0.407051 0.317094 0.037179 0.052991
2 0.418590 0.588034 0.057692 0.047863
2 0.694231 0.664957 0.034615 0.068376
2 0.519231 0.336752 0.041026 0.047863
2 0.471154 0.833333 0.042308 0.039316
2 0.626282 0.640171 0.032051 0.052991
2 0.539744 0.253846 0.033333 0.049573
2 0.616667 0.362393 0.033333 0.051282
2 0.413462 0.518803 0.034615 0.049573
2 0.567308 0.670085 0.032051 0.044444
2 0.260897 0.188034 0.037179 0.061538
2 0.508333 0.688034 0.024359 0.042735
2 0.908333 0.154701 0.032051 0.046154
2 0.457692 0.775214 0.023077 0.046154
2 0.187179 0.879487 0.025641 0.042735
2 0.130769 0.477778 0.033333 0.032479
2 0.582692 0.158120 0.024359 0.042735
2 0.301282 0.788034 0.025641 0.030769
2 0.784615 0.494872 0.025641 0.029060
2 0.573718 0.290598 0.029487 0.034188
2 0.951923 0.154701 0.024359 0.035897
2 0.187821 0.575214 0.021795 0.032479
2 0.214744 0.235897 0.019231 0.037607
2 0.457692 0.143590 0.020513 0.037607
2 0.449359 0.622222 0.021795 0.034188
2 0.846795 0.518803 0.019231 0.039316
2 0.529487 0.958120 0.020513 0.056410
2 0.135897 0.598291 0.025641 0.027350
