2 0.479487 0.679487 0.058974 0.070085
2 0.283333 0.329060 0.033333 0.063248
2 0.233333 0.498291 0.035897 0.049573
2 0.207692 0.422222 0.020513 0.092308
2 0.671795 0.519658 0.020513 0.064957
2 0.532692 0.780342 0.026923 0.039316
2 0.187179 0.736752 0.023077 0.034188
2 0.694231 0.590598 0.021795 0.035897
2 0.235256 0.608547 0.021795 0.037607
2 0.911538 0.614530 0.025641 0.032479
2 0.475000 0.511111 0.021795 0.027350
2 0.417949 0.708547 0.017949 0.029060
2 0.238462 0.807692 0.033333 0.025641
2 0.648077 0.563248 0.021795 0.022222
2 0.244872 0.271795 0.023077 0.023932
2 0.396154 0.415385 0.012821 0.037607
2 0.481410 0.780342 0.021795 0.022222
2 0.058333 0.839316 0.021795 0.020513
2 0.725000 0.759829 0.024359 0.022222
2 0.692308 0.908547 0.015385 0.025641
2 0.567308 0.482051 0.014103 0.023932
2 0.706410 0.870940 0.015385 0.022222
2 0.751923 0.664957 0.019231 0.020513
2 0.637821 0.621368 0.014103 0.022222
2 0.516667 0.639316 0.012821 0.023932
2 0.808974 0.445299 0.012821 0.022222
2 0.741667 0.617094 0.011538 0.023932
