2 0.578846 0.151282 0.032051 0.076923
2 0.858974 0.183761 0.046154 0.046154
2 0.510897 0.376923 0.047436 0.042735
2 0.665385 0.158120 0.025641 0.046154
2 0.107692 0.835043 0.017949 0.042735
2 0.748718 0.349573 0.020513 0.032479
2 0.350000 0.273504 0.015385 0.030769
2 0.748718 0.907692 0.020513 0.047863
2 0.554487 0.028205 0.016667 0.029060
2 0.589103 0.835043 0.016667 0.029060
2 0.484615 0.722222 0.023077 0.022222
2 0.614744 0.239316 0.016667 0.023932
2 0.878846 0.270085 0.014103 0.030769
2 0.530128 0.396581 0.016667 0.020513
2 0.206410 0.447009 0.015385 0.018803
2 0.545513 0.087179 0.016667 0.020513
2 0.196795 0.889744 0.011538 0.025641
