2 0.443590 0.660684 0.084615 0.056410
2 0.541667 0.658974 0.091026 0.059829
2 0.721154 0.410256 0.057692 0.058120
2 0.326282 0.452137 0.070513 0.090598
2 0.639744 0.335043 0.071795 0.082051
2 0.643590 0.647863 0.043590 0.099145
2 0.754487 0.276923 0.044872 0.071795
2 0.406410 0.552137 0.058974 0.054701
2 0.151282 0.571795 0.033333 0.042735
2 0.728205 0.716239 0.028205 0.044444
2 0.219872 0.639316 0.029487 0.058120
2 0.385256 0.613675 0.050000 0.030769
2 0.903205 0.509402 0.024359 0.064957
2 0.299359 0.546154 0.024359 0.052991
2 0.815385 0.371795 0.033333 0.039316
2 0.812179 0.270940 0.034615 0.032479
2 0.475641 0.839316 0.038462 0.037607
2 0.581410 0.570940 0.026923 0.034188
2 0.758333 0.199145 0.026923 0.035897
2 0.753846 0.821368 0.043590 0.029060
2 0.427564 0.748718 0.021795 0.044444
2 0.421795 0.489744 0.028205 0.032479
2 0.629487 0.410256 0.035897 0.030769
2 0.340385 0.738462 0.032051 0.047863
2 0.885897 0.444444 0.025641 0.030769
2 0.784615 0.425641 0.043590 0.030769
2 0.918590 0.978632 0.034615 0.025641
2 0.273718 0.740171 0.032051 0.030769
2 0.470513 0.557265 0.017949 0.041026
2 0.705769 0.788889 0.019231 0.049573
2 0.862821 0.881197 0.017949 0.032479
2 0.022436 0.731624 0.016667 0.034188
2 0.691026 0.335043 0.020513 0.044444
2 0.844872 0.660684 0.025641 0.022222
2 0.899359 0.274359 0.024359 0.029060
2 0.803205 0.475214 0.021795 0.023932
2 0.184615 0.760684 0.020513 0.023932
2 0.314103 0.498291 0.023077 0.022222
2 0.912821 0.310256 0.015385 0.029060
2 0.250641 0.461538 0.016667 0.027350
2 0.662179 0.290598 0.026923 0.020513
2 0.026282 0.661538 0.016667 0.027350
2 0.117308 0.548718 0.016667 0.027350
2 0.402564 0.785470 0.020513 0.022222
2 0.780769 0.364103 0.015385 0.027350
2 0.737821 0.584615 0.014103 0.027350
2 0.892308 0.339316 0.012821 0.032479
2 0.048718 0.028205 0.015385 0.025641
2 0.910897 0.152137 0.014103 0.027350
2 0.916667 0.412821 0.020513 0.018803
2 0.358974 0.530769 0.015385 0.025641
2 0.378846 0.433333 0.014103 0.025641
2 0.501282 0.488889 0.012821 0.023932
2 0.882692 0.938462 0.014103 0.023932
2 0.549359 0.318803 0.019231 0.025641
2 0.776282 0.742735 0.014103 0.022222
2 0.993590 0.781197 0.012821 0.023932
2 0.007692 0.341880 0.015385 0.020513
2 0.419231 0.822222 0.012821 0.023932
2 0.957692 0.452137 0.017949 0.022222
2 0.837821 0.477778 0.016667 0.018803
