2 0.233333 0.620513 0.176923 0.229060
2 0.169872 0.823077 0.085897 0.141880
2 0.623077 0.671795 0.064103 0.085470
2 0.341026 0.189744 0.082051 0.058120
2 0.382051 0.561538 0.066667 0.080342
2 0.204487 0.341880 0.042308 0.109402
2 0.250000 0.041880 0.038462 0.063248
2 0.339103 0.882051 0.039744 0.061538
2 0.862179 0.629915 0.042308 0.046154
2 0.783974 0.280342 0.029487 0.085470
2 0.200000 0.029915 0.030769 0.059829
2 0.657051 0.753846 0.034615 0.041026
2 0.396154 0.099145 0.033333 0.061538
2 0.158333 0.588889 0.037179 0.049573
2 0.066667 0.931624 0.033333 0.054701
2 0.285256 0.894872 0.026923 0.049573
2 0.217949 0.106838 0.038462 0.035897
2 0.455769 0.078632 0.026923 0.044444
2 0.253205 0.604274 0.034615 0.029060
2 0.725000 0.254701 0.021795 0.041026
2 0.555769 0.697436 0.026923 0.047863
2 0.860897 0.554701 0.016667 0.046154
2 0.389744 0.423932 0.023077 0.030769
2 0.630128 0.564957 0.034615 0.029060
2 0.522436 0.501709 0.029487 0.025641
2 0.012179 0.849573 0.024359 0.051282
2 0.650000 0.288889 0.023077 0.034188
2 0.260256 0.853846 0.023077 0.029060
2 0.264103 0.106838 0.020513 0.032479
2 0.325000 0.105983 0.029487 0.023932
2 0.580128 0.766667 0.024359 0.035897
2 0.064103 0.865812 0.033333 0.039316
2 0.250641 0.984615 0.029487 0.030769
2 0.314744 0.665812 0.019231 0.029060
2 0.978846 0.334188 0.019231 0.035897
2 0.115385 0.691453 0.017949 0.029060
2 0.006410 0.788889 0.012821 0.035897
2 0.084615 0.603419 0.017949 0.030769
2 0.838462 0.394872 0.017949 0.030769
2 0.739744 0.605128 0.020513 0.023932
2 0.034615 0.240171 0.025641 0.018803
2 0.596795 0.447863 0.016667 0.030769
2 0.525000 0.899145 0.019231 0.027350
2 0.074359 0.990598 0.023077 0.018803
2 0.328846 0.794017 0.014103 0.029060
2 0.301282 0.340171 0.015385 0.030769
2 0.255128 0.323932 0.017949 0.025641
2 0.371795 0.008547 0.030769 0.017094
2 0.607692 0.289744 0.017949 0.025641
2 0.727564 0.025641 0.016667 0.027350
2 0.912179 0.885470 0.019231 0.020513
2 0.869231 0.704274 0.015385 0.027350
2 0.677564 0.981197 0.016667 0.023932
2 0.894231 0.185470 0.014103 0.029060
2 0.341667 0.621368 0.016667 0.022222
2 0.143590 0.654701 0.015385 0.027350
2 0.093590 0.340171 0.010256 0.030769
2 0.006410 0.554701 0.012821 0.029060
2 0.226282 0.241880 0.019231 0.018803
2 0.038462 0.544444 0.015385 0.022222
2 0.355769 0.825641 0.016667 0.020513
2 0.417308 0.305128 0.016667 0.018803
2 0.342949 0.493162 0.016667 0.018803
2 0.283333 0.411111 0.015385 0.018803
2 0.411538 0.939316 0.015385 0.022222
2 0.762821 0.674359 0.015385 0.018803
