2 0.919872 0.043590 0.075641 0.087179
2 0.542949 0.897436 0.067949 0.099145
2 0.887179 0.597436 0.056410 0.087179
2 0.530128 0.358120 0.037179 0.100855
2 0.448718 0.711966 0.066667 0.049573
2 0.591667 0.358974 0.042308 0.068376
2 0.535897 0.547009 0.035897 0.082051
2 0.648077 0.676923 0.029487 0.058120
2 0.582051 0.830769 0.028205 0.058120
2 0.053205 0.696581 0.042308 0.029060
2 0.548718 0.268376 0.025641 0.054701
2 0.851923 0.977778 0.024359 0.044444
2 0.496154 0.476923 0.025641 0.044444
2 0.592308 0.538462 0.028205 0.041026
2 0.807692 0.941026 0.030769 0.056410
2 0.631410 0.892308 0.024359 0.054701
2 0.080128 0.298291 0.034615 0.042735
2 0.048077 0.778632 0.021795 0.046154
2 0.613462 0.776068 0.024359 0.041026
2 0.965385 0.690598 0.025641 0.034188
2 0.710256 0.824786 0.028205 0.035897
2 0.791026 0.156410 0.030769 0.025641
2 0.721795 0.498291 0.017949 0.039316
2 0.910897 0.835043 0.021795 0.032479
2 0.923077 0.553846 0.028205 0.030769
2 0.656410 0.776068 0.017949 0.030769
2 0.023718 0.247009 0.021795 0.032479
2 0.300641 0.620513 0.024359 0.037607
2 0.089744 0.141026 0.015385 0.039316
2 0.009615 0.177778 0.019231 0.027350
2 0.467949 0.136752 0.020513 0.027350
2 0.824359 0.652991 0.020513 0.030769
2 0.959615 0.140171 0.019231 0.023932
2 0.841667 0.129915 0.014103 0.030769
2 0.546795 0.801709 0.019231 0.027350
2 0.254487 0.657265 0.014103 0.032479
2 0.234615 0.513675 0.012821 0.032479
2 0.762821 0.852991 0.017949 0.023932
2 0.991667 0.084615 0.016667 0.025641
2 0.115385 0.370940 0.017949 0.023932
2 0.612179 0.825641 0.016667 0.023932
2 0.701923 0.532479 0.014103 0.029060
2 0.767308 0.717949 0.019231 0.023932
2 0.451923 0.090598 0.014103 0.030769
2 0.640385 0.738462 0.016667 0.023932
2 0.521795 0.245299 0.017949 0.022222
2 0.707692 0.223932 0.012821 0.023932
2 0.087821 0.229915 0.016667 0.029060
2 0.636538 0.592308 0.016667 0.018803
2 0.848077 0.751282 0.016667 0.022222
2 0.839103 0.085470 0.016667 0.030769
2 0.958974 0.619658 0.025641 0.022222
2 0.522436 0.429060 0.021795 0.027350
