2 0.820513 0.217094 0.238462 0.194872
2 0.168590 0.058974 0.111538 0.117949
2 0.439744 0.476068 0.092308 0.107692
2 0.516026 0.094017 0.096154 0.109402
2 0.112821 0.261538 0.071795 0.099145
2 0.573077 0.305128 0.076923 0.056410
2 0.298077 0.737607 0.042308 0.107692
2 0.400000 0.597436 0.051282 0.083761
2 0.456410 0.157265 0.048718 0.102564
2 0.513462 0.379487 0.044872 0.095726
2 0.808974 0.447863 0.066667 0.044444
2 0.765385 0.037607 0.056410 0.075214
2 0.660256 0.566667 0.056410 0.039316
2 0.773077 0.546154 0.033333 0.087179
2 0.624359 0.386325 0.035897 0.064957
2 0.923718 0.043590 0.042308 0.087179
2 0.173077 0.282906 0.028205 0.059829
2 0.306410 0.020513 0.048718 0.041026
2 0.546154 0.197436 0.033333 0.049573
2 0.108974 0.088889 0.030769 0.051282
2 0.868590 0.631624 0.037179 0.056410
2 0.971154 0.805983 0.044872 0.056410
2 0.292308 0.529915 0.038462 0.058120
2 0.017308 0.189744 0.034615 0.064957
2 0.606410 0.523077 0.035897 0.082051
2 0.476923 0.285470 0.033333 0.044444
2 0.143590 0.143590 0.048718 0.030769
2 0.427564 0.077778 0.044872 0.029060
2 0.966026 0.070940 0.039744 0.035897
2 0.896795 0.338462 0.029487 0.037607
2 0.687821 0.517094 0.021795 0.052991
2 0.216026 0.721368 0.029487 0.037607
2 0.844231 0.717094 0.021795 0.042735
2 0.434615 0.599145 0.025641 0.049573
2 0.321154 0.428205 0.024359 0.046154
2 0.423718 0.301709 0.029487 0.042735
2 0.114103 0.393162 0.028205 0.027350
2 0.836538 0.015385 0.026923 0.030769
2 0.431410 0.792308 0.026923 0.032479
2 0.212821 0.861538 0.020513 0.041026
2 0.097436 0.319658 0.023077 0.054701
2 0.207051 0.166667 0.026923 0.029060
2 0.453846 0.704274 0.020513 0.034188
2 0.817949 0.912821 0.030769 0.027350
2 0.269872 0.080342 0.024359 0.041026
2 0.353846 0.089744 0.023077 0.029060
2 0.355769 0.282906 0.019231 0.029060
2 0.232051 0.194017 0.023077 0.022222
2 0.530769 0.494017 0.017949 0.034188
2 0.405769 0.121368 0.019231 0.027350
2 0.762821 0.284615 0.017949 0.029060
2 0.046795 0.040171 0.019231 0.025641
2 0.598077 0.970940 0.016667 0.034188
2 0.589744 0.805128 0.017949 0.030769
2 0.603205 0.038462 0.026923 0.025641
2 0.814103 0.801709 0.017949 0.027350
