2 0.846154 0.705128 0.051282 0.107692
2 0.475000 0.117949 0.080769 0.088889
2 0.267949 0.282051 0.058974 0.071795
2 0.611538 0.417949 0.053846 0.056410
2 0.774359 0.557265 0.053846 0.061538
2 0.541026 0.418803 0.043590 0.092308
2 0.197436 0.660684 0.035897 0.066667
2 0.339103 0.736752 0.060256 0.047863
2 0.225000 0.845299 0.039744 0.046154
2 0.777564 0.654701 0.042308 0.041026
2 0.766026 0.443590 0.039744 0.049573
2 0.167949 0.319658 0.035897 0.047863
2 0.747436 0.778632 0.025641 0.063248
2 0.808974 0.596581 0.046154 0.037607
2 0.356410 0.352991 0.023077 0.063248
2 0.403205 0.030769 0.042308 0.037607
2 0.642949 0.330769 0.034615 0.032479
2 0.812179 0.408547 0.026923 0.047863
2 0.741026 0.504274 0.023077 0.047863
2 0.298077 0.546154 0.029487 0.049573
2 0.374359 0.952991 0.035897 0.039316
2 0.432051 0.391453 0.033333 0.027350
2 0.548718 0.746154 0.023077 0.035897
2 0.014103 0.030769 0.028205 0.034188
2 0.602564 0.254701 0.025641 0.044444
2 0.457051 0.880342 0.024359 0.037607
2 0.433974 0.486325 0.024359 0.042735
2 0.665385 0.260684 0.025641 0.035897
2 0.104487 0.402564 0.026923 0.042735
2 0.508974 0.498291 0.020513 0.032479
2 0.792949 0.352137 0.026923 0.027350
2 0.400641 0.429915 0.019231 0.035897
2 0.112821 0.164957 0.017949 0.035897
2 0.330769 0.470085 0.023077 0.030769
2 0.855128 0.562393 0.023077 0.030769
2 0.682051 0.409402 0.020513 0.029060
2 0.715385 0.413675 0.020513 0.030769
2 0.404487 0.515385 0.024359 0.029060
2 0.532051 0.581197 0.015385 0.034188
2 0.974359 0.788889 0.017949 0.029060
2 0.343590 0.247009 0.017949 0.032479
2 0.808974 0.789744 0.020513 0.023932
2 0.161538 0.385470 0.020513 0.025641
2 0.260256 0.471795 0.017949 0.027350
2 0.862179 0.936752 0.016667 0.030769
2 0.948718 0.512821 0.020513 0.020513
2 0.857692 0.802564 0.020513 0.029060
2 0.944872 0.852991 0.012821 0.027350
2 0.623077 0.064957 0.015385 0.023932
2 0.478205 0.241026 0.015385 0.020513
2 0.308974 0.494017 0.015385 0.020513
2 0.305769 0.953846 0.011538 0.030769
