2 0.421795 0.901709 0.084615 0.196581
2 0.340385 0.494017 0.073077 0.222222
2 0.940385 0.185470 0.119231 0.135043
2 0.081410 0.311111 0.060256 0.085470
2 0.894872 0.548718 0.064103 0.064957
2 0.133974 0.215385 0.050000 0.088889
2 0.256410 0.681197 0.064103 0.076923
2 0.487821 0.811111 0.052564 0.080342
2 0.672436 0.072650 0.042308 0.052991
2 0.507051 0.340171 0.026923 0.068376
2 0.205128 0.044444 0.038462 0.037607
2 0.863462 0.297436 0.024359 0.061538
2 0.166026 0.039316 0.021795 0.054701
2 0.457692 0.641026 0.025641 0.034188
2 0.660256 0.427350 0.023077 0.034188
2 0.462179 0.709402 0.029487 0.023932
2 0.838462 0.375214 0.017949 0.042735
2 0.419872 0.359829 0.029487 0.022222
2 0.010256 0.154701 0.020513 0.029060
2 0.007692 0.403419 0.015385 0.037607
2 0.176282 0.589744 0.016667 0.034188
2 0.404487 0.124786 0.024359 0.027350
2 0.588462 0.798291 0.017949 0.023932
2 0.428205 0.090598 0.017949 0.023932
2 0.277564 0.357265 0.016667 0.020513
2 0.895513 0.285470 0.014103 0.023932
2 0.943590 0.372650 0.015385 0.020513
