2 0.539744 0.324786 0.082051 0.054701
2 0.553205 0.523077 0.029487 0.068376
2 0.178846 0.688889 0.050000 0.064957
2 0.229487 0.805983 0.041026 0.049573
2 0.296795 0.274359 0.024359 0.063248
2 0.340385 0.290598 0.029487 0.047863
2 0.512821 0.040171 0.038462 0.035897
2 0.472436 0.734188 0.037179 0.035897
2 0.335897 0.653846 0.030769 0.039316
2 0.315385 0.757265 0.025641 0.041026
2 0.927564 0.071795 0.026923 0.034188
2 0.586538 0.566667 0.021795 0.032479
2 0.135256 0.420513 0.016667 0.037607
2 0.010897 0.756410 0.021795 0.032479
2 0.401923 0.384615 0.021795 0.034188
2 0.223077 0.656410 0.017949 0.030769
2 0.458333 0.820513 0.019231 0.027350
2 0.249359 0.323077 0.026923 0.020513
2 0.817949 0.857265 0.020513 0.022222
2 0.165385 0.558974 0.017949 0.023932
2 0.555128 0.217094 0.015385 0.027350
2 0.625641 0.011111 0.017949 0.022222
2 0.206410 0.499145 0.017949 0.020513
