2 0.780128 0.617949 0.029487 0.032479
2 0.820513 0.526496 0.028205 0.034188
2 0.729487 0.260684 0.030769 0.029060
2 0.577564 0.941880 0.021795 0.044444
2 0.686538 0.604274 0.029487 0.046154
2 0.163462 0.456410 0.024359 0.034188
2 0.176282 0.528205 0.026923 0.041026
2 0.919231 0.092308 0.020513 0.044444
2 0.940385 0.500000 0.024359 0.025641
2 0.467308 0.279487 0.021795 0.029060
2 0.621154 0.310256 0.032051 0.022222
2 0.800000 0.560684 0.020513 0.030769
2 0.507692 0.269231 0.017949 0.022222
2 0.584615 0.749573 0.012821 0.029060
2 0.773718 0.094017 0.016667 0.020513
2 0.841667 0.490598 0.014103 0.023932
2 0.150641 0.498291 0.014103 0.022222
2 0.789103 0.222222 0.016667 0.017094
2 0.851282 0.209402 0.012821 0.022222
