2 0.975641 0.699145 0.048718 0.092308
2 0.845513 0.899145 0.044872 0.075214
2 0.337821 0.594017 0.052564 0.052991
2 0.953846 0.719658 0.030769 0.054701
2 0.887821 0.068376 0.037179 0.058120
2 0.535256 0.505983 0.034615 0.037607
2 0.578846 0.171795 0.034615 0.039316
2 0.424359 0.714530 0.038462 0.037607
2 0.054487 0.420513 0.024359 0.044444
2 0.648718 0.536752 0.017949 0.041026
2 0.416667 0.841026 0.023077 0.030769
2 0.715385 0.935043 0.015385 0.037607
2 0.320513 0.552137 0.017949 0.030769
2 0.555128 0.281197 0.020513 0.029060
2 0.917308 0.247863 0.016667 0.034188
2 0.943590 0.607692 0.017949 0.035897
2 0.469872 0.229060 0.016667 0.034188
2 0.169872 0.430769 0.016667 0.030769
2 0.372436 0.213675 0.016667 0.030769
2 0.159615 0.744444 0.024359 0.029060
2 0.606410 0.316239 0.020513 0.023932
2 0.651923 0.682051 0.014103 0.030769
2 0.580128 0.029060 0.014103 0.027350
2 0.530128 0.898291 0.014103 0.029060
2 0.287821 0.155556 0.019231 0.020513
2 0.378846 0.172650 0.016667 0.023932
2 0.619872 0.764103 0.016667 0.023932
2 0.967949 0.764103 0.025641 0.020513
2 0.976282 0.827350 0.016667 0.020513
2 0.932692 0.371795 0.014103 0.025641
2 0.247436 0.052137 0.012821 0.025641
2 0.473077 0.865812 0.017949 0.018803
2 0.828846 0.257265 0.016667 0.018803
2 0.642308 0.877778 0.015385 0.022222
2 0.619231 0.362393 0.015385 0.020513
2 0.273718 0.693162 0.011538 0.025641
2 0.525000 0.417094 0.011538 0.023932
