2 0.340385 0.660684 0.044872 0.052991
2 0.395513 0.260684 0.042308 0.073504
2 0.863462 0.169231 0.016667 0.085470
2 0.889744 0.370940 0.025641 0.068376
2 0.408333 0.674359 0.032051 0.052991
2 0.821795 0.515385 0.030769 0.052991
2 0.548718 0.717094 0.030769 0.035897
2 0.716667 0.329915 0.033333 0.030769
2 0.292949 0.622222 0.026923 0.037607
2 0.644872 0.337607 0.015385 0.052991
2 0.679487 0.731624 0.020513 0.037607
2 0.831410 0.634188 0.024359 0.051282
2 0.573077 0.178632 0.017949 0.039316
2 0.366026 0.480342 0.016667 0.041026
2 0.150000 0.545299 0.015385 0.030769
2 0.451923 0.486325 0.016667 0.029060
2 0.985897 0.254701 0.017949 0.023932
2 0.785256 0.516239 0.019231 0.023932
2 0.119872 0.387179 0.014103 0.029060
2 0.402564 0.469231 0.020513 0.025641
2 0.611538 0.431624 0.015385 0.022222
2 0.221154 0.414530 0.014103 0.022222
2 0.805769 0.187179 0.014103 0.025641
2 0.405128 0.888034 0.010256 0.032479
2 0.457692 0.323077 0.015385 0.020513
2 0.700641 0.533333 0.024359 0.023932
2 0.085256 0.861538 0.014103 0.020513
2 0.900000 0.723077 0.012821 0.037607
2 0.234615 0.306838 0.017949 0.018803
