2 0.118590 0.515385 0.108974 0.131624
2 0.353205 0.514530 0.083333 0.119658
2 0.419872 0.755556 0.060256 0.119658
2 0.025000 0.413675 0.050000 0.136752
2 0.293590 0.772650 0.053846 0.109402
2 0.053846 0.912821 0.066667 0.092308
2 0.218590 0.401709 0.062821 0.058120
2 0.243590 0.671795 0.046154 0.105983
2 0.257051 0.486325 0.055128 0.063248
2 0.630769 0.469231 0.043590 0.087179
2 0.222436 0.329915 0.047436 0.051282
2 0.232692 0.843590 0.039744 0.059829
2 0.028205 0.127350 0.056410 0.066667
2 0.317308 0.636752 0.050000 0.046154
2 0.014744 0.847009 0.029487 0.059829
2 0.130128 0.675214 0.034615 0.068376
2 0.085256 0.654701 0.021795 0.071795
2 0.054487 0.720513 0.037179 0.076923
2 0.383974 0.209402 0.032051 0.042735
2 0.702564 0.665812 0.025641 0.049573
2 0.860897 0.140171 0.026923 0.047863
2 0.523718 0.817949 0.029487 0.035897
2 0.176282 0.696581 0.024359 0.039316
2 0.530128 0.397436 0.026923 0.039316
2 0.530769 0.580342 0.023077 0.042735
2 0.356410 0.307692 0.025641 0.034188
2 0.679487 0.076068 0.028205 0.032479
2 0.167308 0.409402 0.019231 0.039316
2 0.458333 0.443590 0.026923 0.032479
2 0.417308 0.596581 0.029487 0.030769
2 0.825000 0.981197 0.021795 0.037607
2 0.862821 0.410256 0.015385 0.044444
2 0.080769 0.986325 0.023077 0.027350
2 0.962821 0.270940 0.023077 0.029060
2 0.879487 0.305983 0.017949 0.034188
2 0.669872 0.121368 0.029487 0.030769
2 0.041026 0.986325 0.028205 0.027350
2 0.671154 0.864103 0.016667 0.032479
2 0.819872 0.341880 0.019231 0.030769
2 0.315385 0.112821 0.023077 0.023932
2 0.373077 0.708547 0.020513 0.046154
2 0.292308 0.265812 0.020513 0.032479
2 0.557051 0.936752 0.021795 0.034188
2 0.576282 0.723077 0.024359 0.020513
2 0.603846 0.475214 0.015385 0.030769
2 0.805769 0.171795 0.021795 0.039316
2 0.452564 0.260684 0.020513 0.029060
2 0.360897 0.991453 0.026923 0.017094
2 0.010256 0.682051 0.020513 0.020513
2 0.676923 0.775214 0.012821 0.032479
2 0.839744 0.615385 0.015385 0.027350
2 0.157051 0.297436 0.019231 0.020513
2 0.466667 0.884615 0.020513 0.025641
2 0.191667 0.282051 0.016667 0.023932
2 0.905128 0.653846 0.015385 0.025641
2 0.426923 0.401709 0.017949 0.020513
2 0.065385 0.259829 0.012821 0.027350
2 0.427564 0.352137 0.016667 0.020513
2 0.832692 0.189744 0.016667 0.020513
2 0.627564 0.078632 0.014103 0.023932
2 0.639744 0.043590 0.015385 0.018803
