2 0.860897 0.639316 0.278205 0.290598
2 0.447436 0.188034 0.092308 0.095726
2 0.637821 0.293162 0.098718 0.097436
2 0.489103 0.345299 0.052564 0.105983
2 0.589744 0.882906 0.076923 0.080342
2 0.553846 0.445299 0.056410 0.083761
2 0.135897 0.720513 0.058974 0.080342
2 0.263462 0.206838 0.057692 0.092308
2 0.228846 0.375214 0.075641 0.097436
2 0.888462 0.270085 0.064103 0.071795
2 0.816026 0.234188 0.060256 0.054701
2 0.396795 0.329915 0.042308 0.064957
2 0.985897 0.797436 0.028205 0.080342
2 0.208974 0.787179 0.064103 0.063248
2 0.975000 0.129060 0.050000 0.087179
2 0.707051 0.178632 0.042308 0.059829
2 0.285256 0.444444 0.034615 0.068376
2 0.337179 0.879487 0.028205 0.049573
2 0.250641 0.618803 0.024359 0.044444
2 0.421795 0.982051 0.033333 0.035897
2 0.175000 0.264957 0.021795 0.054701
2 0.719872 0.880342 0.029487 0.037607
2 0.191667 0.616239 0.029487 0.046154
2 0.341667 0.824786 0.039744 0.029060
2 0.357051 0.635043 0.070513 0.039316
2 0.796795 0.716239 0.024359 0.044444
2 0.589103 0.941880 0.032051 0.030769
2 0.097436 0.341026 0.025641 0.025641
2 0.689103 0.571795 0.024359 0.035897
2 0.782692 0.447863 0.019231 0.034188
2 0.439744 0.551282 0.030769 0.025641
2 0.934615 0.285470 0.030769 0.027350
2 0.922436 0.951282 0.024359 0.022222
2 0.851282 0.323077 0.023077 0.023932
2 0.917308 0.058974 0.032051 0.022222
2 0.967949 0.429060 0.020513 0.023932
2 0.214103 0.242735 0.020513 0.027350
2 0.675000 0.154701 0.019231 0.025641
