2 0.212179 0.589744 0.121795 0.102564
2 0.337179 0.813675 0.082051 0.088889
2 0.405769 0.786325 0.037179 0.157265
2 0.245513 0.803419 0.050000 0.105983
2 0.302564 0.701709 0.061538 0.100855
2 0.028846 0.147009 0.044872 0.102564
2 0.500641 0.556410 0.042308 0.090598
2 0.532692 0.342735 0.034615 0.094017
2 0.739744 0.341026 0.051282 0.056410
2 0.646154 0.721368 0.025641 0.075214
2 0.414744 0.474359 0.044872 0.052991
2 0.268590 0.857265 0.032051 0.046154
2 0.479487 0.325641 0.035897 0.066667
2 0.635897 0.463248 0.028205 0.047863
2 0.039103 0.944444 0.029487 0.049573
2 0.283974 0.555556 0.021795 0.064957
2 0.641667 0.060684 0.044872 0.052991
2 0.103205 0.894872 0.021795 0.052991
2 0.360256 0.485470 0.028205 0.054701
2 0.496154 0.910256 0.023077 0.056410
2 0.486538 0.458974 0.034615 0.032479
2 0.750000 0.175214 0.020513 0.042735
2 0.610256 0.827350 0.020513 0.037607
2 0.583333 0.524786 0.028205 0.023932
2 0.312179 0.924786 0.021795 0.041026
2 0.261538 0.452137 0.020513 0.039316
2 0.603846 0.882051 0.015385 0.047863
2 0.629487 0.247863 0.028205 0.023932
2 0.485256 0.267521 0.019231 0.032479
2 0.106410 0.701709 0.028205 0.029060
2 0.608333 0.117094 0.021795 0.029060
2 0.048077 0.794872 0.014103 0.044444
2 0.774359 0.085470 0.025641 0.023932
2 0.578205 0.988034 0.030769 0.023932
2 0.327564 0.481197 0.016667 0.032479
2 0.455128 0.591453 0.023077 0.023932
2 0.542949 0.986325 0.019231 0.027350
2 0.379487 0.653846 0.017949 0.029060
2 0.550641 0.415385 0.016667 0.027350
2 0.232051 0.938462 0.017949 0.037607
2 0.582692 0.743590 0.019231 0.023932
2 0.166667 0.654701 0.015385 0.027350
2 0.791667 0.627350 0.029487 0.023932
2 0.787821 0.466667 0.019231 0.020513
2 0.543590 0.120513 0.012821 0.042735
2 0.213462 0.630769 0.014103 0.023932
2 0.420513 0.258974 0.015385 0.025641
2 0.459615 0.950427 0.014103 0.027350
