2 0.323718 0.348718 0.078205 0.116239
2 0.912179 0.438462 0.075641 0.076923
2 0.375641 0.254701 0.076923 0.047863
2 0.844872 0.510256 0.030769 0.104274
2 0.483333 0.761538 0.051282 0.070085
2 0.246154 0.205128 0.053846 0.037607
2 0.738462 0.762393 0.043590 0.041026
2 0.603846 0.354701 0.041026 0.035897
2 0.021795 0.762393 0.043590 0.041026
2 0.402564 0.804274 0.041026 0.049573
2 0.262179 0.147009 0.044872 0.054701
2 0.357051 0.534188 0.026923 0.039316
2 0.025000 0.339316 0.021795 0.046154
2 0.365385 0.594017 0.025641 0.042735
2 0.432692 0.548718 0.037179 0.047863
2 0.517949 0.560684 0.020513 0.041026
2 0.535897 0.223932 0.041026 0.034188
2 0.199359 0.037607 0.034615 0.037607
2 0.297436 0.104274 0.023077 0.034188
2 0.235256 0.978632 0.019231 0.042735
2 0.736538 0.186325 0.026923 0.034188
2 0.031410 0.602564 0.019231 0.056410
2 0.012179 0.469231 0.024359 0.025641
2 0.490385 0.484615 0.021795 0.032479
2 0.772436 0.823932 0.032051 0.030769
2 0.944872 0.795726 0.023077 0.025641
2 0.543590 0.803419 0.017949 0.030769
2 0.303846 0.171795 0.020513 0.022222
2 0.699359 0.442735 0.019231 0.023932
2 0.379487 0.888034 0.017949 0.029060
2 0.125641 0.040171 0.015385 0.029060
2 0.128846 0.476923 0.016667 0.020513
2 0.728846 0.402564 0.016667 0.018803
