2 0.499359 0.557265 0.055128 0.047863
2 0.458333 0.435897 0.055128 0.051282
2 0.303205 0.719658 0.037179 0.078632
2 0.259615 0.578632 0.024359 0.059829
2 0.192949 0.547009 0.042308 0.044444
2 0.244231 0.756410 0.024359 0.035897
2 0.851923 0.100855 0.026923 0.027350
2 0.978205 0.224786 0.015385 0.046154
2 0.362821 0.541026 0.017949 0.032479
2 0.655769 0.229915 0.019231 0.032479
2 0.508333 0.382906 0.016667 0.037607
2 0.910897 0.166667 0.016667 0.035897
2 0.007692 0.670940 0.015385 0.035897
2 0.214103 0.583761 0.020513 0.022222
2 0.180128 0.634188 0.014103 0.030769
2 0.295513 0.424786 0.021795 0.025641
2 0.905128 0.863248 0.015385 0.027350
2 0.491667 0.118803 0.016667 0.029060
2 0.358974 0.889744 0.012821 0.032479
2 0.809615 0.143590 0.014103 0.023932
2 0.492308 0.605128 0.015385 0.023932
2 0.779487 0.406838 0.012821 0.023932
2 0.555128 0.803419 0.015385 0.020513
2 0.950641 0.215385 0.011538 0.023932
2 0.554487 0.639316 0.011538 0.023932
