2 0.606410 0.370085 0.230769 0.271795
2 0.760256 0.436752 0.100000 0.080342
2 0.896154 0.179487 0.079487 0.085470
2 0.601923 0.935043 0.065385 0.129915
2 0.704487 0.504274 0.085897 0.061538
2 0.197436 0.758974 0.076923 0.092308
2 0.492949 0.877778 0.070513 0.083761
2 0.909615 0.656410 0.055128 0.064957
2 0.373718 0.648718 0.034615 0.087179
2 0.511538 0.648718 0.041026 0.066667
2 0.285897 0.023932 0.064103 0.047863
2 0.409615 0.264957 0.055128 0.061538
2 0.692308 0.234188 0.048718 0.044444
2 0.453846 0.563248 0.033333 0.042735
2 0.531410 0.977778 0.037179 0.044444
2 0.813462 0.501709 0.029487 0.052991
2 0.361538 0.499145 0.035897 0.034188
2 0.014103 0.867521 0.028205 0.056410
2 0.477564 0.206838 0.037179 0.030769
2 0.434615 0.988034 0.043590 0.023932
2 0.116026 0.638462 0.039744 0.032479
2 0.426923 0.161538 0.028205 0.052991
2 0.864103 0.700855 0.023077 0.047863
2 0.663462 0.015385 0.050000 0.030769
2 0.552564 0.716239 0.030769 0.030769
2 0.579487 0.759829 0.023077 0.049573
2 0.756410 0.717949 0.033333 0.034188
2 0.364744 0.356410 0.032051 0.035897
2 0.325641 0.302564 0.030769 0.030769
2 0.878846 0.615385 0.026923 0.037607
2 0.301923 0.468376 0.021795 0.041026
2 0.708333 0.902564 0.021795 0.047863
2 0.792949 0.219658 0.026923 0.039316
2 0.062179 0.861538 0.026923 0.030769
