2 0.754487 0.883761 0.165385 0.201709
2 0.519872 0.365812 0.152564 0.153846
2 0.767949 0.312821 0.123077 0.136752
2 0.960897 0.686325 0.078205 0.179487
2 0.501923 0.195726 0.080769 0.131624
2 0.972436 0.208547 0.055128 0.184615
2 0.184615 0.714530 0.100000 0.112821
2 0.913462 0.100855 0.073077 0.092308
2 0.676282 0.111966 0.060256 0.073504
2 0.361538 0.964103 0.061538 0.071795
2 0.315385 0.693162 0.046154 0.052991
2 0.391026 0.689744 0.079487 0.029060
2 0.903846 0.587179 0.033333 0.073504
2 0.038462 0.477778 0.028205 0.049573
2 0.960256 0.341026 0.041026 0.032479
2 0.894231 0.185470 0.029487 0.049573
2 0.987179 0.515385 0.025641 0.052991
2 0.958333 0.982906 0.034615 0.034188
2 0.832051 0.128205 0.023077 0.044444
2 0.550641 0.842735 0.029487 0.034188
2 0.042308 0.348718 0.030769 0.030769
2 0.156410 0.662393 0.023077 0.042735
2 0.886538 0.934188 0.026923 0.032479
2 0.621154 0.774359 0.019231 0.030769
2 0.413462 0.436752 0.024359 0.025641
2 0.660897 0.023077 0.021795 0.032479
2 0.916026 0.817949 0.019231 0.035897
2 0.614103 0.988034 0.020513 0.023932
