2 0.143590 0.328205 0.082051 0.105983
2 0.250641 0.518803 0.134615 0.063248
2 0.077564 0.386325 0.065385 0.105983
2 0.146795 0.451282 0.044872 0.092308
2 0.559615 0.804274 0.034615 0.090598
2 0.018590 0.458974 0.037179 0.090598
2 0.296154 0.094017 0.038462 0.061538
2 0.333333 0.226496 0.028205 0.052991
2 0.258974 0.166667 0.028205 0.049573
2 0.689103 0.816239 0.050000 0.063248
2 0.527564 0.576923 0.026923 0.042735
2 0.197436 0.583761 0.023077 0.052991
2 0.048077 0.268376 0.024359 0.041026
2 0.310256 0.350427 0.030769 0.041026
2 0.493590 0.150427 0.030769 0.027350
2 0.724359 0.684615 0.023077 0.042735
2 0.387821 0.302564 0.039744 0.054701
2 0.118590 0.207692 0.016667 0.042735
2 0.151923 0.697436 0.021795 0.034188
2 0.269231 0.426496 0.017949 0.032479
2 0.182051 0.678632 0.017949 0.030769
2 0.387179 0.201709 0.017949 0.030769
2 0.100000 0.729915 0.023077 0.023932
2 0.668590 0.918803 0.021795 0.029060
2 0.469872 0.320513 0.019231 0.029060
2 0.101923 0.054701 0.021795 0.030769
2 0.248718 0.666667 0.025641 0.030769
2 0.679487 0.492308 0.015385 0.027350
2 0.088462 0.897436 0.017949 0.027350
2 0.017949 0.723932 0.012821 0.032479
2 0.234615 0.475214 0.015385 0.023932
2 0.583333 0.017949 0.017949 0.035897
2 0.742308 0.600000 0.017949 0.023932
2 0.166667 0.084615 0.012821 0.025641
2 0.051282 0.788889 0.015385 0.018803
