2 0.375000 0.256410 0.037179 0.054701
2 0.655769 0.847863 0.029487 0.058120
2 0.693590 0.327350 0.030769 0.049573
2 0.813462 0.405983 0.032051 0.039316
2 0.987179 0.967521 0.025641 0.051282
2 0.651282 0.724786 0.023077 0.044444
2 0.986538 0.823932 0.026923 0.037607
2 0.442308 0.042735 0.030769 0.034188
2 0.794872 0.656410 0.025641 0.037607
2 0.461538 0.430769 0.020513 0.051282
2 0.712179 0.487179 0.026923 0.030769
2 0.300000 0.300855 0.025641 0.041026
2 0.948718 0.559829 0.028205 0.029060
2 0.604487 0.608547 0.024359 0.037607
2 0.419231 0.477778 0.025641 0.035897
2 0.790385 0.223932 0.024359 0.034188
2 0.494231 0.505983 0.024359 0.023932
2 0.537821 0.900855 0.019231 0.027350
2 0.338462 0.095726 0.017949 0.034188
2 0.475000 0.717949 0.021795 0.023932
2 0.262821 0.379487 0.015385 0.027350
2 0.968590 0.232479 0.019231 0.027350
2 0.303205 0.367521 0.016667 0.023932
2 0.483974 0.123077 0.016667 0.020513
2 0.641667 0.973504 0.016667 0.022222
2 0.018590 0.463248 0.016667 0.020513
2 0.030769 0.739316 0.012821 0.025641
2 0.880769 0.656410 0.015385 0.020513
2 0.644231 0.924786 0.014103 0.020513
2 0.918590 0.012821 0.011538 0.025641
2 0.837821 0.688034 0.016667 0.022222
