2 0.556410 0.516239 0.082051 0.078632
2 0.858974 0.230769 0.035897 0.044444
2 0.510897 0.670085 0.026923 0.047863
2 0.381410 0.573504 0.021795 0.032479
2 0.567308 0.188889 0.034615 0.022222
2 0.369872 0.649573 0.019231 0.030769
2 0.474359 0.441880 0.023077 0.035897
2 0.531410 0.727350 0.024359 0.025641
2 0.591026 0.280342 0.020513 0.023932
2 0.316026 0.413675 0.014103 0.030769
2 0.663462 0.753846 0.014103 0.034188
2 0.623718 0.037607 0.021795 0.023932
2 0.135897 0.868376 0.023077 0.020513
2 0.840385 0.460684 0.019231 0.022222
2 0.567308 0.616239 0.014103 0.025641
2 0.334615 0.646154 0.015385 0.020513
2 0.794231 0.697436 0.014103 0.023932
2 0.881410 0.077778 0.014103 0.022222
2 0.740385 0.289744 0.014103 0.022222
