2 0.779487 0.315385 0.030769 0.039316
2 0.605769 0.213675 0.026923 0.041026
2 0.851923 0.128205 0.032051 0.027350
2 0.678205 0.133333 0.030769 0.034188
2 0.533974 0.376923 0.021795 0.042735
2 0.134615 0.701709 0.028205 0.032479
2 0.403205 0.533333 0.021795 0.030769
2 0.895513 0.616239 0.029487 0.052991
2 0.544872 0.427350 0.030769 0.023932
2 0.333974 0.582906 0.014103 0.034188
2 0.130769 0.518803 0.020513 0.029060
2 0.498077 0.988034 0.016667 0.023932
2 0.118590 0.662393 0.019231 0.022222
2 0.707692 0.511966 0.015385 0.022222
2 0.765385 0.259829 0.012821 0.030769
2 0.091667 0.850427 0.011538 0.025641
