2 0.245513 0.116239 0.165385 0.201709
2 0.480128 0.634188 0.152564 0.153846
2 0.232051 0.687179 0.123077 0.136752
2 0.039103 0.313675 0.078205 0.179487
2 0.498077 0.804274 0.080769 0.131624
2 0.027564 0.791453 0.055128 0.184615
2 0.815385 0.285470 0.100000 0.112821
2 0.086538 0.899145 0.073077 0.092308
2 0.323718 0.888034 0.060256 0.073504
2 0.638462 0.035897 0.061538 0.071795
2 0.684615 0.306838 0.046154 0.052991
2 0.608974 0.310256 0.079487 0.029060
2 0.096154 0.412821 0.033333 0.073504
2 0.961538 0.522222 0.028205 0.049573
2 0.039744 0.658974 0.041026 0.032479
2 0.105769 0.814530 0.029487 0.049573
2 0.012821 0.484615 0.025641 0.052991
2 0.041667 0.017094 0.034615 0.034188
2 0.167949 0.871795 0.023077 0.044444
2 0.449359 0.157265 0.029487 0.034188
2 0.957692 0.651282 0.030769 0.030769
2 0.843590 0.337607 0.023077 0.042735
2 0.113462 0.065812 0.026923 0.032479
2 0.378846 0.225641 0.019231 0.030769
2 0.586538 0.563248 0.024359 0.025641
2 0.339103 0.976923 0.021795 0.032479
2 0.083974 0.182051 0.019231 0.035897
2 0.385897 0.011966 0.020513 0.023932
