2 0.311538 0.668376 0.094872 0.088889
2 0.808333 0.434188 0.083333 0.054701
2 0.608974 0.770940 0.043590 0.075214
2 0.675000 0.374359 0.052564 0.054701
2 0.712179 0.400855 0.037179 0.035897
2 0.554487 0.717949 0.029487 0.044444
2 0.535897 0.770940 0.023077 0.030769
2 0.651923 0.817094 0.016667 0.034188
2 0.837821 0.544444 0.016667 0.035897
2 0.991026 0.332479 0.017949 0.042735
2 0.551923 0.305128 0.026923 0.029060
2 0.902564 0.514530 0.017949 0.034188
2 0.701923 0.298291 0.019231 0.029060
2 0.610897 0.303419 0.019231 0.029060
2 0.565385 0.121368 0.015385 0.030769
2 0.383333 0.605128 0.020513 0.020513
2 0.889744 0.300000 0.015385 0.029060
2 0.808974 0.033333 0.015385 0.025641
2 0.296795 0.208547 0.021795 0.017094
2 0.180128 0.508547 0.011538 0.029060
2 0.971154 0.529060 0.014103 0.022222
2 0.298077 0.069231 0.016667 0.018803
2 0.254487 0.552991 0.016667 0.022222
