2 0.885897 0.342735 0.105128 0.241026
2 0.601923 0.527350 0.124359 0.124786
2 0.892308 0.594872 0.061538 0.136752
2 0.521795 0.408547 0.087179 0.085470
2 0.970513 0.423932 0.058974 0.085470
2 0.582692 0.288034 0.060256 0.080342
2 0.389103 0.232479 0.044872 0.109402
2 0.368590 0.371795 0.065385 0.117949
2 0.484615 0.168376 0.066667 0.070085
2 0.762821 0.261538 0.048718 0.068376
2 0.750641 0.470085 0.057692 0.054701
2 0.364744 0.845299 0.055128 0.080342
2 0.716667 0.036752 0.033333 0.073504
2 0.792949 0.394872 0.067949 0.071795
2 0.553846 0.667521 0.041026 0.073504
2 0.373077 0.477778 0.041026 0.056410
2 0.685897 0.447863 0.025641 0.061538
2 0.520513 0.949573 0.035897 0.059829
2 0.698077 0.531624 0.029487 0.047863
2 0.810256 0.610256 0.025641 0.051282
2 0.920513 0.523077 0.030769 0.041026
2 0.887179 0.717094 0.033333 0.049573
2 0.485256 0.756410 0.029487 0.049573
2 0.560897 0.067521 0.024359 0.052991
2 0.665385 0.805128 0.030769 0.034188
2 0.433333 0.207692 0.035897 0.032479
2 0.886538 0.054701 0.024359 0.041026
2 0.728846 0.586325 0.019231 0.044444
2 0.435897 0.443590 0.041026 0.025641
2 0.341026 0.267521 0.020513 0.035897
2 0.053205 0.778632 0.039744 0.029060
2 0.055769 0.275214 0.029487 0.027350
2 0.751282 0.062393 0.035897 0.029060
2 0.419231 0.286325 0.023077 0.029060
2 0.697436 0.604274 0.017949 0.035897
2 0.301923 0.165812 0.032051 0.034188
2 0.964103 0.345299 0.025641 0.027350
2 0.368590 0.026496 0.019231 0.032479
2 0.978205 0.952137 0.020513 0.044444
2 0.632692 0.204274 0.021795 0.029060
2 0.132692 0.641026 0.019231 0.030769
2 0.510897 0.576068 0.019231 0.030769
2 0.132692 0.197436 0.016667 0.042735
2 0.405769 0.905128 0.021795 0.029060
2 0.305769 0.668376 0.019231 0.030769
2 0.186538 0.248718 0.016667 0.032479
2 0.128205 0.132479 0.023077 0.025641
2 0.231410 0.164103 0.021795 0.027350
2 0.894231 0.865812 0.024359 0.029060
2 0.438462 0.482051 0.025641 0.030769
2 0.573718 0.944444 0.029487 0.022222
2 0.987179 0.617094 0.025641 0.027350
2 0.810256 0.943590 0.015385 0.034188
2 0.105769 0.481197 0.016667 0.042735
2 0.810256 0.721368 0.015385 0.027350
2 0.344872 0.571795 0.020513 0.022222
2 0.161538 0.329915 0.017949 0.023932
2 0.271795 0.441026 0.017949 0.027350
2 0.316026 0.453846 0.021795 0.022222
2 0.220513 0.216239 0.015385 0.025641
2 0.321154 0.741880 0.016667 0.023932
2 0.825000 0.172650 0.016667 0.020513
2 0.266667 0.265812 0.015385 0.022222
2 0.362179 0.159829 0.016667 0.018803
2 0.800000 0.155556 0.017949 0.017094
2 0.026282 0.352137 0.011538 0.023932
2 0.142949 0.260684 0.014103 0.018803
