2 0.821154 0.870940 0.065385 0.073504
2 0.555769 0.504274 0.047436 0.078632
2 0.072436 0.885470 0.037179 0.099145
2 0.437821 0.458974 0.062821 0.059829
2 0.604487 0.685470 0.050000 0.044444
2 0.094872 0.530769 0.038462 0.056410
2 0.289103 0.864957 0.039744 0.051282
2 0.232692 0.709402 0.032051 0.044444
2 0.432692 0.523077 0.032051 0.041026
2 0.642308 0.298291 0.028205 0.029060
2 0.462179 0.887179 0.021795 0.034188
2 0.635256 0.720513 0.024359 0.029060
2 0.183974 0.501709 0.019231 0.032479
2 0.376282 0.598291 0.019231 0.030769
2 0.060897 0.790598 0.019231 0.035897
2 0.349359 0.011966 0.021795 0.023932
2 0.298077 0.752991 0.019231 0.025641
2 0.496795 0.634188 0.019231 0.027350
2 0.229487 0.071795 0.017949 0.030769
2 0.271795 0.810256 0.012821 0.027350
2 0.851282 0.950427 0.015385 0.027350
2 0.948718 0.947863 0.012821 0.025641
2 0.520513 0.728205 0.015385 0.020513
