2 0.550000 0.475214 0.084615 0.078632
2 0.608974 0.589744 0.074359 0.044444
2 0.427564 0.599145 0.060256 0.049573
2 0.238462 0.737607 0.043590 0.042735
2 0.091026 0.979487 0.030769 0.041026
2 0.974359 0.363248 0.028205 0.046154
2 0.021154 0.824786 0.032051 0.032479
2 0.391667 0.378632 0.032051 0.035897
2 0.713462 0.160684 0.026923 0.041026
2 0.795513 0.294872 0.032051 0.032479
2 0.910256 0.239316 0.023077 0.044444
2 0.508333 0.153846 0.016667 0.041026
2 0.735256 0.534188 0.026923 0.049573
2 0.760897 0.645299 0.021795 0.032479
2 0.855128 0.608547 0.025641 0.023932
2 0.201923 0.822222 0.026923 0.023932
2 0.927564 0.439316 0.016667 0.034188
2 0.142949 0.664103 0.016667 0.029060
2 0.589103 0.279487 0.019231 0.029060
2 0.348718 0.761538 0.017949 0.029060
2 0.859615 0.488889 0.014103 0.041026
2 0.789744 0.125641 0.020513 0.029060
2 0.831410 0.723932 0.021795 0.022222
2 0.678205 0.368376 0.015385 0.029060
2 0.223718 0.616239 0.016667 0.025641
2 0.876923 0.972650 0.015385 0.023932
2 0.746154 0.121368 0.017949 0.027350
2 0.088462 0.472650 0.012821 0.029060
2 0.568590 0.651282 0.021795 0.017094
2 0.006410 0.098291 0.012821 0.029060
2 0.473718 0.060684 0.014103 0.025641
2 0.328846 0.521368 0.016667 0.020513
2 0.105128 0.537607 0.012821 0.025641
2 0.856410 0.348718 0.012821 0.023932
2 0.184615 0.247009 0.012821 0.022222
2 0.500641 0.273504 0.016667 0.017094
