2 0.441026 0.565812 0.076923 0.102564
2 0.650000 0.500000 0.076923 0.148718
2 0.293590 0.490598 0.041026 0.092308
2 0.380769 0.382051 0.038462 0.042735
2 0.525641 0.356410 0.033333 0.070085
2 0.323077 0.214530 0.030769 0.042735
2 0.400641 0.801709 0.029487 0.051282
2 0.541667 0.549573 0.029487 0.063248
2 0.453205 0.364957 0.029487 0.035897
2 0.502564 0.535043 0.025641 0.030769
2 0.723077 0.630769 0.046154 0.034188
2 0.712821 0.848718 0.025641 0.042735
2 0.782051 0.710256 0.028205 0.035897
2 0.603205 0.958120 0.034615 0.032479
2 0.746154 0.708547 0.025641 0.029060
2 0.571795 0.612821 0.020513 0.029060
2 0.472436 0.437607 0.029487 0.034188
2 0.286538 0.023932 0.016667 0.047863
2 0.103205 0.373504 0.019231 0.029060
2 0.894231 0.952137 0.016667 0.034188
2 0.558333 0.391453 0.021795 0.030769
2 0.366667 0.686325 0.017949 0.025641
2 0.087821 0.682051 0.014103 0.027350
2 0.289744 0.416239 0.020513 0.025641
2 0.551282 0.450427 0.015385 0.029060
2 0.982692 0.969231 0.019231 0.023932
2 0.528205 0.140171 0.015385 0.023932
2 0.691026 0.441026 0.017949 0.020513
2 0.376282 0.641026 0.014103 0.023932
2 0.572436 0.652137 0.016667 0.025641
2 0.009615 0.056410 0.019231 0.020513
2 0.907051 0.850427 0.014103 0.025641
2 0.239744 0.929915 0.017949 0.023932
2 0.996154 0.556410 0.007692 0.039316
2 0.849359 0.493162 0.014103 0.022222
2 0.995513 0.650427 0.008974 0.039316
2 0.931410 0.975214 0.011538 0.025641
