2 0.050000 0.938462 0.100000 0.123077
2 0.174359 0.941026 0.066667 0.117949
2 0.894231 0.744444 0.042308 0.056410
2 0.455128 0.817949 0.028205 0.035897
2 0.501923 0.322222 0.026923 0.035897
2 0.738462 0.727350 0.028205 0.029060
2 0.266026 0.252991 0.019231 0.034188
2 0.550000 0.391453 0.023077 0.037607
2 0.798718 0.435043 0.020513 0.032479
2 0.053205 0.507692 0.024359 0.020513
2 0.842949 0.064957 0.021795 0.027350
2 0.266026 0.890598 0.019231 0.027350
2 0.851923 0.712821 0.016667 0.034188
2 0.749359 0.758120 0.021795 0.032479
2 0.752564 0.873504 0.020513 0.020513
2 0.008974 0.330769 0.017949 0.029060
2 0.058333 0.458974 0.019231 0.022222
2 0.066667 0.298291 0.020513 0.022222
2 0.102564 0.988889 0.017949 0.022222
2 0.119231 0.912821 0.020513 0.020513
2 0.023718 0.643590 0.019231 0.018803
2 0.033333 0.439316 0.015385 0.023932
2 0.108974 0.525641 0.015385 0.029060
