2 0.484615 0.541026 0.082051 0.114530
2 0.438462 0.336752 0.043590 0.047863
2 0.776282 0.898291 0.029487 0.029060
2 0.450641 0.059829 0.021795 0.037607
2 0.627564 0.417949 0.019231 0.042735
2 0.280769 0.537607 0.023077 0.046154
2 0.753205 0.672650 0.029487 0.039316
2 0.088462 0.970940 0.017949 0.027350
2 0.645513 0.354701 0.014103 0.039316
2 0.200000 0.982051 0.012821 0.035897
2 0.702564 0.586325 0.028205 0.020513
2 0.348718 0.629915 0.020513 0.025641
2 0.652564 0.143590 0.015385 0.027350
2 0.951282 0.080342 0.017949 0.023932
2 0.593590 0.634188 0.015385 0.027350
2 0.553205 0.597436 0.019231 0.025641
2 0.776923 0.597436 0.017949 0.022222
2 0.960897 0.615385 0.016667 0.027350
2 0.108974 0.270940 0.015385 0.022222
2 0.592949 0.329060 0.016667 0.018803
