2 0.787821 0.410256 0.121795 0.102564
2 0.662821 0.186325 0.082051 0.088889
2 0.594231 0.213675 0.037179 0.157265
2 0.754487 0.196581 0.050000 0.105983
2 0.697436 0.298291 0.061538 0.100855
2 0.971154 0.852991 0.044872 0.102564
2 0.499359 0.443590 0.042308 0.090598
2 0.467308 0.657265 0.034615 0.094017
2 0.260256 0.658974 0.051282 0.056410
2 0.353846 0.278632 0.025641 0.075214
2 0.585256 0.525641 0.044872 0.052991
2 0.731410 0.142735 0.032051 0.046154
2 0.520513 0.674359 0.035897 0.066667
2 0.364103 0.536752 0.028205 0.047863
2 0.960897 0.055556 0.029487 0.049573
2 0.716026 0.444444 0.021795 0.064957
2 0.358333 0.939316 0.044872 0.052991
2 0.896795 0.105128 0.021795 0.052991
2 0.639744 0.514530 0.028205 0.054701
2 0.503846 0.089744 0.023077 0.056410
2 0.513462 0.541026 0.034615 0.032479
2 0.250000 0.824786 0.020513 0.042735
2 0.389744 0.172650 0.020513 0.037607
2 0.416667 0.475214 0.028205 0.023932
2 0.687821 0.075214 0.021795 0.041026
2 0.738462 0.547863 0.020513 0.039316
2 0.396154 0.117949 0.015385 0.047863
2 0.370513 0.752137 0.028205 0.023932
2 0.514744 0.732479 0.019231 0.032479
2 0.893590 0.298291 0.028205 0.029060
2 0.391667 0.882906 0.021795 0.029060
2 0.951923 0.205128 0.014103 0.044444
2 0.225641 0.914530 0.025641 0.023932
2 0.421795 0.011966 0.030769 0.023932
2 0.672436 0.518803 0.016667 0.032479
2 0.544872 0.408547 0.023077 0.023932
2 0.457051 0.013675 0.019231 0.027350
2 0.620513 0.346154 0.017949 0.029060
2 0.449359 0.584615 0.016667 0.027350
2 0.767949 0.061538 0.017949 0.037607
2 0.417308 0.256410 0.019231 0.023932
2 0.833333 0.345299 0.015385 0.027350
2 0.208333 0.372650 0.029487 0.023932
2 0.212179 0.533333 0.019231 0.020513
2 0.456410 0.879487 0.012821 0.042735
2 0.786538 0.369231 0.014103 0.023932
2 0.579487 0.741026 0.015385 0.025641
2 0.540385 0.049573 0.014103 0.027350
