2 0.744231 0.801709 0.052564 0.047863
2 0.359615 0.491453 0.021795 0.046154
2 0.719872 0.393162 0.029487 0.037607
2 0.376923 0.561538 0.028205 0.032479
2 0.905769 0.947863 0.021795 0.046154
2 0.946795 0.091453 0.019231 0.056410
2 0.180769 0.573504 0.015385 0.049573
2 0.871154 0.841880 0.019231 0.032479
2 0.268590 0.798291 0.016667 0.034188
2 0.760897 0.912821 0.019231 0.041026
2 0.068590 0.478632 0.016667 0.037607
2 0.017949 0.991453 0.035897 0.017094
2 0.862179 0.794872 0.014103 0.030769
2 0.846795 0.936752 0.016667 0.023932
2 0.008974 0.890598 0.017949 0.020513
2 0.185256 0.703419 0.016667 0.022222
2 0.800000 0.264103 0.028205 0.015385
2 0.657692 0.574359 0.012821 0.027350
2 0.329487 0.652137 0.015385 0.022222
2 0.028846 0.063248 0.011538 0.027350
2 0.612821 0.328205 0.017949 0.017094
2 0.923077 0.134188 0.017949 0.018803
2 0.652564 0.461538 0.012821 0.023932
2 0.434615 0.872650 0.015385 0.018803
