2 0.178846 0.505983 0.119231 0.304274
2 0.262179 0.070085 0.221795 0.109402
2 0.633974 0.722222 0.080769 0.128205
2 0.357051 0.272650 0.085897 0.097436
2 0.379487 0.823077 0.046154 0.121368
2 0.444231 0.225641 0.085897 0.058120
2 0.236538 0.317094 0.057692 0.080342
2 0.323077 0.159829 0.048718 0.066667
2 0.599359 0.573504 0.034615 0.083761
2 0.053205 0.281197 0.029487 0.111111
2 0.275000 0.647009 0.050000 0.066667
2 0.060256 0.931624 0.053846 0.071795
2 0.096795 0.371795 0.037179 0.073504
2 0.387179 0.171795 0.043590 0.046154
2 0.065385 0.022222 0.061538 0.044444
2 0.558974 0.813675 0.041026 0.061538
2 0.801282 0.850427 0.023077 0.059829
2 0.358974 0.426496 0.035897 0.039316
2 0.102564 0.979487 0.038462 0.041026
2 0.305769 0.375214 0.032051 0.063248
2 0.423718 0.500000 0.029487 0.046154
2 0.742949 0.529915 0.042308 0.030769
2 0.264744 0.508547 0.032051 0.039316
2 0.651282 0.464103 0.041026 0.029060
2 0.184615 0.220513 0.030769 0.037607
2 0.649359 0.523932 0.029487 0.042735
2 0.453205 0.338462 0.026923 0.034188
2 0.375641 0.930769 0.028205 0.046154
2 0.142308 0.714530 0.017949 0.041026
2 0.058333 0.486325 0.029487 0.039316
2 0.935897 0.175214 0.028205 0.042735
2 0.541667 0.692308 0.024359 0.030769
2 0.283974 0.200000 0.021795 0.034188
2 0.416667 0.605128 0.023077 0.030769
2 0.464744 0.067521 0.019231 0.039316
2 0.028846 0.570085 0.039744 0.029060
2 0.322436 0.470085 0.029487 0.034188
2 0.991667 0.868376 0.016667 0.041026
2 0.511538 0.560684 0.023077 0.030769
2 0.117949 0.797436 0.023077 0.029060
2 0.432692 0.563248 0.026923 0.029060
2 0.117949 0.079487 0.017949 0.035897
2 0.810897 0.170940 0.016667 0.037607
2 0.682692 0.353846 0.021795 0.027350
2 0.096795 0.251282 0.019231 0.030769
2 0.900000 0.129915 0.020513 0.034188
2 0.690385 0.805983 0.021795 0.025641
2 0.108333 0.198291 0.014103 0.037607
2 0.010897 0.294017 0.021795 0.023932
2 0.023718 0.129915 0.016667 0.034188
2 0.368590 0.984615 0.016667 0.030769
2 0.536538 0.754701 0.021795 0.022222
2 0.502564 0.094872 0.020513 0.022222
2 0.791667 0.376923 0.016667 0.025641
2 0.421154 0.007692 0.024359 0.015385
2 0.302564 0.888034 0.025641 0.018803
2 0.876923 0.456410 0.012821 0.027350
2 0.433333 0.081197 0.017949 0.022222
2 0.050641 0.400855 0.014103 0.025641
2 0.736538 0.379487 0.016667 0.020513
2 0.495513 0.136752 0.014103 0.023932
2 0.784615 0.716239 0.015385 0.020513
2 0.777564 0.408547 0.019231 0.020513
2 0.780769 0.211111 0.017949 0.018803
2 0.928846 0.220513 0.014103 0.020513
