2 0.554487 0.358974 0.080769 0.075214
2 0.583333 0.493162 0.048718 0.100855
2 0.494231 0.322222 0.047436 0.073504
2 0.524359 0.934188 0.038462 0.073504
2 0.017308 0.885470 0.034615 0.064957
2 0.322436 0.130769 0.029487 0.059829
2 0.321795 0.535897 0.028205 0.046154
2 0.600000 0.561538 0.028205 0.042735
2 0.627564 0.395726 0.021795 0.052991
2 0.228846 0.523077 0.032051 0.047863
2 0.328846 0.057265 0.026923 0.035897
2 0.785256 0.255556 0.019231 0.042735
2 0.682051 0.833333 0.033333 0.032479
2 0.184615 0.740171 0.030769 0.027350
2 0.620513 0.694017 0.023077 0.041026
2 0.217308 0.185470 0.024359 0.032479
2 0.570513 0.204274 0.017949 0.042735
2 0.368590 0.144444 0.021795 0.039316
2 0.782051 0.986325 0.023077 0.027350
2 0.251282 0.017094 0.020513 0.034188
2 0.291026 0.352137 0.020513 0.027350
2 0.403205 0.106838 0.021795 0.029060
2 0.451282 0.383761 0.023077 0.018803
2 0.983974 0.259829 0.011538 0.037607
2 0.103205 0.693162 0.016667 0.022222
2 0.794872 0.170085 0.015385 0.022222
2 0.994231 0.606838 0.011538 0.027350
