2 0.766667 0.658120 0.110256 0.153846
2 0.978846 0.826496 0.042308 0.056410
2 0.694872 0.495726 0.051282 0.047863
2 0.664744 0.801709 0.037179 0.034188
2 0.684615 0.867521 0.017949 0.042735
2 0.797436 0.568376 0.020513 0.032479
2 0.501923 0.729915 0.016667 0.030769
2 0.834615 0.515385 0.015385 0.035897
2 0.692308 0.988889 0.020513 0.022222
2 0.630128 0.843590 0.016667 0.032479
2 0.742308 0.223932 0.015385 0.023932
2 0.797436 0.429915 0.012821 0.029060
2 0.833333 0.787179 0.012821 0.025641
2 0.903846 0.273504 0.015385 0.023932
