2 0.216667 0.331624 0.035897 0.105983
2 0.820513 0.510256 0.061538 0.066667
2 0.649359 0.461538 0.029487 0.085470
2 0.441026 0.650427 0.030769 0.080342
2 0.484615 0.086325 0.035897 0.063248
2 0.682051 0.330769 0.035897 0.059829
2 0.546795 0.148718 0.024359 0.061538
2 0.594872 0.360684 0.033333 0.044444
2 0.198718 0.685470 0.028205 0.075214
2 0.412179 0.699145 0.021795 0.064957
2 0.505769 0.679487 0.039744 0.032479
2 0.193590 0.215385 0.030769 0.030769
2 0.380128 0.188034 0.024359 0.041026
2 0.849359 0.426496 0.024359 0.035897
2 0.417949 0.167521 0.017949 0.047863
2 0.399359 0.409402 0.021795 0.032479
2 0.233333 0.604274 0.020513 0.032479
2 0.953205 0.315385 0.019231 0.039316
2 0.490385 0.337607 0.024359 0.032479
2 0.633974 0.408547 0.019231 0.030769
2 0.150000 0.297436 0.028205 0.020513
2 0.851923 0.700000 0.019231 0.029060
2 0.548718 0.382051 0.017949 0.035897
2 0.469231 0.141880 0.025641 0.037607
2 0.562821 0.220513 0.025641 0.023932
2 0.696154 0.438462 0.017949 0.025641
2 0.537179 0.279487 0.015385 0.029060
2 0.122436 0.191453 0.014103 0.034188
2 0.050000 0.101709 0.023077 0.018803
2 0.090385 0.152137 0.019231 0.020513
2 0.444231 0.182906 0.019231 0.020513
2 0.452564 0.217949 0.020513 0.022222
2 0.226282 0.244444 0.021795 0.027350
2 0.708974 0.072650 0.023077 0.029060
2 0.169231 0.335043 0.017949 0.020513
2 0.621154 0.689744 0.016667 0.022222
2 0.475000 0.286325 0.016667 0.018803
2 0.543590 0.794872 0.015385 0.020513
2 0.736538 0.114530 0.016667 0.030769
