2 0.835897 0.206838 0.038462 0.105983
2 0.517308 0.769231 0.047436 0.037607
2 0.807051 0.362393 0.032051 0.088889
2 0.825641 0.832479 0.041026 0.054701
2 0.829487 0.449573 0.038462 0.051282
2 0.968590 0.394017 0.026923 0.042735
2 0.985897 0.915385 0.028205 0.052991
2 0.053846 0.895726 0.028205 0.054701
2 0.324359 0.796581 0.038462 0.030769
2 0.503846 0.269231 0.030769 0.032479
2 0.356410 0.711966 0.030769 0.039316
2 0.562179 0.470085 0.021795 0.047863
2 0.914744 0.122222 0.032051 0.032479
2 0.363462 0.390598 0.024359 0.035897
2 0.841026 0.304274 0.017949 0.037607
2 0.951282 0.721368 0.023077 0.041026
2 0.593590 0.629915 0.020513 0.035897
2 0.027564 0.828205 0.016667 0.042735
2 0.271154 0.288034 0.024359 0.029060
2 0.424359 0.713675 0.023077 0.032479
2 0.951923 0.152137 0.021795 0.030769
2 0.578846 0.186325 0.016667 0.044444
2 0.329487 0.121368 0.023077 0.041026
2 0.573077 0.121368 0.023077 0.027350
2 0.260897 0.948718 0.021795 0.034188
2 0.989103 0.370940 0.021795 0.037607
2 0.791026 0.244444 0.017949 0.034188
2 0.634615 0.234188 0.017949 0.030769
2 0.849359 0.794017 0.019231 0.032479
2 0.223077 0.391453 0.028205 0.020513
2 0.875000 0.875214 0.021795 0.027350
2 0.767949 0.645299 0.017949 0.029060
2 0.676282 0.147009 0.021795 0.027350
2 0.942949 0.352991 0.016667 0.029060
2 0.885256 0.181197 0.019231 0.023932
2 0.477564 0.347863 0.016667 0.025641
2 0.109615 0.905128 0.016667 0.029060
2 0.751282 0.147009 0.023077 0.023932
2 0.612821 0.317949 0.017949 0.023932
2 0.868590 0.257265 0.019231 0.022222
2 0.969872 0.540171 0.014103 0.027350
2 0.404487 0.092308 0.016667 0.023932
2 0.205769 0.849573 0.014103 0.027350
2 0.360897 0.794872 0.016667 0.027350
2 0.802564 0.545299 0.020513 0.020513
2 0.667308 0.200000 0.014103 0.023932
2 0.592308 0.249573 0.015385 0.023932
2 0.349359 0.184615 0.014103 0.023932
2 0.725641 0.421368 0.015385 0.025641
2 0.808333 0.009402 0.016667 0.018803
2 0.716026 0.246154 0.016667 0.020513
2 0.214103 0.552137 0.015385 0.020513
2 0.478205 0.913675 0.015385 0.018803
2 0.301923 0.466667 0.011538 0.027350
2 0.771795 0.429915 0.017949 0.018803
2 0.995513 0.035043 0.008974 0.042735
