2 0.761538 0.517094 0.058974 0.094017
2 0.973718 0.794872 0.034615 0.058120
2 0.651282 0.235897 0.028205 0.061538
2 0.262821 0.488034 0.020513 0.035897
2 0.654487 0.126496 0.024359 0.047863
2 0.560897 0.386325 0.021795 0.027350
2 0.665385 0.534188 0.017949 0.042735
2 0.451923 0.588034 0.032051 0.041026
2 0.716667 0.741026 0.020513 0.035897
2 0.554487 0.243590 0.014103 0.032479
2 0.745513 0.900855 0.011538 0.041026
2 0.955769 0.415385 0.014103 0.044444
2 0.753846 0.448718 0.017949 0.022222
2 0.937821 0.676923 0.014103 0.030769
2 0.612821 0.211111 0.015385 0.025641
2 0.293590 0.548718 0.015385 0.023932
2 0.779487 0.608547 0.015385 0.023932
2 0.685897 0.476923 0.015385 0.023932
2 0.950000 0.824786 0.015385 0.022222
2 0.564744 0.173504 0.019231 0.022222
2 0.637179 0.908547 0.015385 0.029060
2 0.339744 0.727350 0.015385 0.025641
2 0.701282 0.527350 0.020513 0.015385
2 0.717949 0.236752 0.010256 0.032479
2 0.992308 0.646154 0.015385 0.020513
2 0.421795 0.651282 0.012821 0.023932
2 0.627564 0.278632 0.014103 0.020513
