2 0.447436 0.389744 0.053846 0.082051
2 0.241667 0.335897 0.021795 0.063248
2 0.672436 0.823932 0.026923 0.051282
2 0.591026 0.390598 0.028205 0.046154
2 0.247436 0.463248 0.020513 0.034188
2 0.780769 0.901709 0.023077 0.039316
2 0.611538 0.949573 0.020513 0.025641
2 0.603846 0.011966 0.020513 0.023932
2 0.378846 0.952991 0.029487 0.018803
2 0.357051 0.916239 0.016667 0.023932
2 0.865385 0.758120 0.017949 0.022222
2 0.025000 0.629915 0.019231 0.018803
2 0.371795 0.887179 0.015385 0.023932
2 0.471154 0.207692 0.014103 0.025641
2 0.944872 0.604274 0.015385 0.025641
