2 0.541667 0.298291 0.065385 0.162393
2 0.758974 0.184615 0.058974 0.129915
2 0.535897 0.961538 0.064103 0.076923
2 0.899359 0.318803 0.052564 0.090598
2 0.272436 0.741880 0.055128 0.061538
2 0.964744 0.889744 0.032051 0.094017
2 0.843590 0.213675 0.053846 0.071795
2 0.639744 0.444444 0.028205 0.075214
2 0.964744 0.786325 0.047436 0.071795
2 0.240385 0.630769 0.037179 0.047863
2 0.824359 0.353846 0.033333 0.058120
2 0.911538 0.246154 0.046154 0.030769
2 0.509615 0.383761 0.029487 0.035897
2 0.878846 0.645299 0.026923 0.035897
2 0.957051 0.305983 0.032051 0.034188
2 0.530769 0.870085 0.043590 0.027350
2 0.085897 0.322222 0.025641 0.032479
2 0.439744 0.352991 0.020513 0.046154
2 0.814744 0.758120 0.019231 0.042735
2 0.722436 0.644444 0.024359 0.030769
2 0.635256 0.535043 0.024359 0.030769
2 0.545513 0.015385 0.026923 0.030769
2 0.792949 0.288034 0.032051 0.025641
2 0.312179 0.560684 0.019231 0.037607
2 0.840385 0.718803 0.021795 0.032479
2 0.660256 0.138462 0.020513 0.034188
2 0.695513 0.065812 0.019231 0.032479
2 0.752564 0.829915 0.020513 0.029060
2 0.410256 0.135043 0.023077 0.027350
2 0.991026 0.577778 0.017949 0.030769
2 0.276282 0.894872 0.016667 0.035897
2 0.757692 0.729915 0.017949 0.034188
2 0.980128 0.139316 0.016667 0.029060
2 0.587179 0.283761 0.017949 0.027350
2 0.661538 0.877778 0.017949 0.025641
2 0.148718 0.330769 0.015385 0.032479
2 0.933333 0.728205 0.023077 0.023932
2 0.467308 0.578632 0.019231 0.025641
2 0.662821 0.594872 0.017949 0.030769
2 0.588462 0.050427 0.017949 0.025641
2 0.777564 0.699145 0.014103 0.034188
2 0.898718 0.961538 0.017949 0.025641
2 0.792949 0.494017 0.021795 0.020513
2 0.727564 0.769231 0.016667 0.027350
2 0.259615 0.852137 0.016667 0.025641
2 0.604487 0.617094 0.021795 0.017094
2 0.745513 0.076923 0.021795 0.017094
2 0.007692 0.058120 0.015385 0.020513
2 0.818590 0.267521 0.014103 0.022222
