2 0.571795 0.480342 0.246154 0.290598
2 0.689744 0.073504 0.205128 0.147009
2 0.045513 0.591453 0.091026 0.239316
2 0.124359 0.215385 0.158974 0.123077
2 0.958974 0.079487 0.082051 0.158974
2 0.363462 0.639316 0.101282 0.071795
2 0.548077 0.252991 0.055128 0.085470
2 0.708333 0.341026 0.075641 0.138462
2 0.295513 0.976923 0.065385 0.046154
2 0.805769 0.902564 0.078205 0.088889
2 0.022436 0.339316 0.044872 0.076923
2 0.946795 0.464103 0.055128 0.090598
2 0.236538 0.883761 0.044872 0.071795
2 0.663462 0.694017 0.042308 0.054701
2 0.423077 0.417094 0.035897 0.041026
2 0.144872 0.223932 0.035897 0.037607
2 0.654487 0.128205 0.024359 0.054701
2 0.376282 0.941880 0.032051 0.058120
2 0.724359 0.532479 0.038462 0.046154
2 0.438462 0.604274 0.033333 0.049573
2 0.734615 0.202564 0.025641 0.035897
2 0.650000 0.798291 0.033333 0.027350
2 0.617308 0.284615 0.029487 0.032479
