2 0.236538 0.529060 0.050000 0.056410
2 0.226282 0.405983 0.070513 0.042735
2 0.926923 0.625641 0.030769 0.061538
2 0.315385 0.798291 0.030769 0.061538
2 0.372436 0.355556 0.021795 0.047863
2 0.139744 0.280342 0.030769 0.037607
2 0.399359 0.861538 0.021795 0.037607
2 0.026282 0.586325 0.024359 0.037607
2 0.357051 0.293162 0.026923 0.029060
2 0.332692 0.443590 0.019231 0.032479
2 0.441026 0.851282 0.020513 0.044444
2 0.455128 0.754701 0.038462 0.025641
2 0.258974 0.317094 0.023077 0.035897
2 0.711538 0.629060 0.023077 0.034188
2 0.467308 0.457265 0.024359 0.029060
2 0.253846 0.590598 0.017949 0.032479
2 0.278205 0.427350 0.017949 0.027350
2 0.666667 0.019658 0.020513 0.025641
2 0.957051 0.584615 0.029487 0.023932
2 0.985897 0.967521 0.015385 0.027350
2 0.640385 0.366667 0.019231 0.025641
2 0.047436 0.673504 0.015385 0.027350
2 0.538462 0.294872 0.015385 0.025641
2 0.748718 0.788034 0.017949 0.023932
2 0.977564 0.526496 0.014103 0.027350
2 0.862179 0.990598 0.021795 0.018803
2 0.995513 0.767521 0.008974 0.058120
2 0.589103 0.220513 0.021795 0.020513
2 0.136538 0.674359 0.014103 0.025641
2 0.063462 0.788889 0.016667 0.018803
