2 0.229487 0.185470 0.058974 0.097436
2 0.635897 0.358974 0.046154 0.102564
2 0.665385 0.258974 0.071795 0.070085
2 0.688462 0.746154 0.051282 0.042735
2 0.764744 0.699145 0.037179 0.058120
2 0.760897 0.094872 0.047436 0.039316
2 0.546795 0.170085 0.026923 0.059829
2 0.460897 0.183761 0.029487 0.035897
2 0.562821 0.388034 0.028205 0.034188
2 0.469872 0.606838 0.024359 0.034188
2 0.832051 0.198291 0.020513 0.041026
2 0.443590 0.857265 0.025641 0.035897
2 0.849359 0.864103 0.024359 0.035897
2 0.950641 0.060684 0.024359 0.035897
2 0.310897 0.517949 0.032051 0.044444
2 0.251282 0.092308 0.038462 0.041026
2 0.295513 0.351282 0.021795 0.039316
2 0.806410 0.835897 0.020513 0.044444
2 0.158333 0.252137 0.026923 0.035897
2 0.978205 0.019658 0.017949 0.039316
2 0.864103 0.463248 0.025641 0.030769
2 0.390385 0.851282 0.019231 0.034188
2 0.585256 0.135897 0.021795 0.032479
2 0.506410 0.098291 0.015385 0.042735
2 0.537179 0.495726 0.020513 0.030769
2 0.798718 0.365812 0.030769 0.030769
2 0.667949 0.199145 0.023077 0.029060
2 0.242949 0.504274 0.021795 0.027350
2 0.624359 0.643590 0.023077 0.029060
2 0.285897 0.828205 0.015385 0.032479
2 0.801282 0.305128 0.015385 0.032479
2 0.702564 0.906838 0.015385 0.035897
2 0.334615 0.454701 0.017949 0.030769
2 0.989103 0.155556 0.021795 0.023932
2 0.638462 0.090598 0.017949 0.027350
2 0.464744 0.117949 0.016667 0.030769
2 0.921154 0.623932 0.019231 0.027350
2 0.285256 0.498291 0.016667 0.025641
2 0.823077 0.246154 0.020513 0.023932
2 0.444872 0.142735 0.020513 0.029060
2 0.372436 0.180342 0.016667 0.025641
2 0.813462 0.438462 0.016667 0.025641
2 0.092949 0.438462 0.014103 0.029060
2 0.085256 0.950427 0.014103 0.027350
2 0.400000 0.941026 0.012821 0.032479
2 0.247436 0.334188 0.017949 0.025641
2 0.495513 0.904274 0.016667 0.023932
2 0.964103 0.120513 0.017949 0.018803
2 0.921795 0.550427 0.012821 0.023932
2 0.315385 0.740171 0.015385 0.020513
2 0.576923 0.458974 0.015385 0.022222
2 0.215385 0.685470 0.015385 0.023932
2 0.737179 0.900000 0.012821 0.022222
