2 0.368590 0.553846 0.060256 0.150427
2 0.028205 0.961538 0.056410 0.076923
2 0.177564 0.645299 0.034615 0.073504
2 0.563462 0.980342 0.044872 0.039316
2 0.487821 0.409402 0.024359 0.056410
2 0.327564 0.417949 0.034615 0.073504
2 0.358974 0.699145 0.025641 0.061538
2 0.521154 0.643590 0.037179 0.049573
2 0.576923 0.290598 0.046154 0.037607
2 0.655769 0.019658 0.050000 0.039316
2 0.613462 0.899145 0.024359 0.054701
2 0.641667 0.370085 0.032051 0.042735
2 0.698718 0.309402 0.023077 0.037607
2 0.498077 0.184615 0.044872 0.034188
2 0.850000 0.471795 0.025641 0.051282
2 0.422436 0.541880 0.019231 0.037607
2 0.688462 0.367521 0.020513 0.034188
2 0.639744 0.852991 0.020513 0.030769
2 0.804487 0.683761 0.024359 0.027350
2 0.424359 0.788034 0.017949 0.030769
2 0.635897 0.706838 0.015385 0.032479
2 0.462821 0.459829 0.015385 0.027350
2 0.460897 0.721368 0.014103 0.030769
2 0.830769 0.172650 0.015385 0.027350
2 0.006410 0.232479 0.012821 0.037607
2 0.212821 0.431624 0.020513 0.022222
2 0.912179 0.425641 0.016667 0.023932
2 0.707051 0.033333 0.016667 0.022222
2 0.994231 0.605128 0.011538 0.030769
2 0.217949 0.894017 0.012821 0.027350
2 0.793590 0.317949 0.012821 0.023932
2 0.804487 0.207692 0.014103 0.022222
