2 0.457051 0.482906 0.342308 0.401709
2 0.226923 0.589744 0.100000 0.222222
2 0.442949 0.715385 0.091026 0.135043
2 0.682051 0.589744 0.087179 0.194872
2 0.703205 0.189744 0.052564 0.116239
2 0.357692 0.846154 0.051282 0.133333
2 0.475641 0.813675 0.066667 0.085470
2 0.723077 0.644444 0.043590 0.082051
2 0.597436 0.171795 0.071795 0.056410
2 0.066667 0.763248 0.041026 0.063248
2 0.512821 0.546154 0.051282 0.052991
2 0.173077 0.782906 0.061538 0.068376
2 0.793590 0.552137 0.043590 0.075214
2 0.387179 0.670085 0.053846 0.061538
2 0.447436 0.397436 0.035897 0.059829
2 0.394872 0.135897 0.033333 0.076923
2 0.754487 0.364103 0.052564 0.051282
2 0.749359 0.576923 0.037179 0.056410
2 0.739744 0.318803 0.053846 0.076923
2 0.030769 0.917949 0.035897 0.058120
2 0.986538 0.683761 0.026923 0.078632
2 0.588462 0.790598 0.038462 0.046154
2 0.805128 0.618803 0.043590 0.041026
2 0.302564 0.634188 0.035897 0.037607
