2 0.920513 0.697436 0.089744 0.082051
2 0.780769 0.620513 0.064103 0.061538
2 0.562821 0.639316 0.048718 0.068376
2 0.641667 0.427350 0.042308 0.071795
2 0.725641 0.470940 0.046154 0.039316
2 0.650000 0.210256 0.030769 0.068376
2 0.835256 0.865812 0.024359 0.080342
2 0.716667 0.061538 0.028205 0.068376
2 0.896154 0.428205 0.028205 0.046154
2 0.739744 0.405128 0.023077 0.068376
2 0.223718 0.123077 0.019231 0.058120
2 0.946795 0.610256 0.024359 0.044444
2 0.237821 0.067521 0.026923 0.032479
2 0.273077 0.160684 0.035897 0.023932
2 0.128846 0.243590 0.019231 0.035897
2 0.297436 0.017094 0.020513 0.034188
2 0.275641 0.602564 0.025641 0.025641
2 0.392308 0.556410 0.017949 0.046154
2 0.755769 0.694872 0.019231 0.035897
2 0.065385 0.205983 0.023077 0.035897
2 0.928205 0.347009 0.028205 0.030769
2 0.314103 0.307692 0.020513 0.034188
2 0.819231 0.783761 0.020513 0.029060
2 0.188462 0.269231 0.028205 0.022222
2 0.464103 0.512821 0.015385 0.044444
2 0.550000 0.458120 0.025641 0.034188
2 0.342949 0.276923 0.019231 0.037607
2 0.257692 0.283761 0.017949 0.030769
2 0.340385 0.627350 0.019231 0.030769
2 0.055128 0.974359 0.023077 0.020513
2 0.258333 0.115385 0.016667 0.025641
2 0.879487 0.259829 0.017949 0.023932
2 0.911538 0.265812 0.017949 0.029060
2 0.621154 0.504274 0.019231 0.020513
2 0.921795 0.049573 0.015385 0.027350
2 0.587179 0.513675 0.015385 0.029060
2 0.791026 0.758120 0.015385 0.029060
2 0.841667 0.511111 0.014103 0.023932
2 0.741667 0.887179 0.011538 0.027350
2 0.942949 0.477778 0.014103 0.022222
2 0.770513 0.312821 0.023077 0.023932
2 0.308974 0.352137 0.012821 0.023932
