2 0.135897 0.364103 0.030769 0.075214
2 0.566667 0.651282 0.048718 0.044444
2 0.051282 0.956410 0.046154 0.059829
2 0.506410 0.204274 0.043590 0.042735
2 0.305769 0.518803 0.034615 0.046154
2 0.823077 0.385470 0.028205 0.059829
2 0.631410 0.208547 0.034615 0.041026
2 0.475641 0.987179 0.038462 0.025641
2 0.957692 0.842735 0.023077 0.047863
2 0.739103 0.105128 0.021795 0.046154
2 0.513462 0.375214 0.026923 0.046154
2 0.588462 0.595726 0.025641 0.035897
2 0.755769 0.341880 0.021795 0.041026
2 0.358974 0.123932 0.023077 0.039316
2 0.150641 0.471795 0.019231 0.044444
2 0.317308 0.983761 0.021795 0.032479
2 0.403205 0.888034 0.021795 0.035897
2 0.017308 0.223077 0.019231 0.035897
2 0.393590 0.178632 0.033333 0.022222
2 0.485897 0.693162 0.017949 0.032479
2 0.169231 0.496581 0.020513 0.029060
2 0.420513 0.263248 0.015385 0.030769
2 0.581410 0.465812 0.019231 0.029060
2 0.965385 0.893162 0.012821 0.035897
2 0.559615 0.556410 0.016667 0.029060
2 0.866026 0.256410 0.016667 0.023932
2 0.539103 0.684615 0.016667 0.025641
2 0.778205 0.284615 0.012821 0.029060
2 0.266667 0.193162 0.012821 0.030769
2 0.728846 0.020513 0.026923 0.017094
2 0.407692 0.445299 0.015385 0.022222
2 0.930128 0.600000 0.016667 0.020513
2 0.305128 0.705983 0.015385 0.020513
2 0.282051 0.879487 0.012821 0.025641
2 0.380128 0.442735 0.016667 0.020513
2 0.307051 0.229915 0.016667 0.018803
2 0.256410 0.897436 0.015385 0.020513
