2 0.397436 0.611966 0.058974 0.109402
2 0.600641 0.651282 0.065385 0.092308
2 0.926282 0.352991 0.098718 0.083761
2 0.232692 0.718803 0.055128 0.070085
2 0.029487 0.116239 0.058974 0.068376
2 0.032051 0.049573 0.038462 0.078632
2 0.751923 0.471795 0.037179 0.068376
2 0.985256 0.211966 0.029487 0.047863
2 0.358333 0.725641 0.037179 0.042735
2 0.405128 0.082906 0.053846 0.039316
2 0.091667 0.465812 0.032051 0.035897
2 0.084615 0.088034 0.033333 0.029060
2 0.905128 0.173504 0.028205 0.035897
2 0.007692 0.429915 0.015385 0.046154
2 0.182051 0.447009 0.020513 0.042735
2 0.714103 0.469231 0.017949 0.032479
2 0.066667 0.052991 0.017949 0.027350
2 0.660897 0.323077 0.021795 0.023932
2 0.209615 0.075214 0.019231 0.023932
2 0.335256 0.849573 0.019231 0.020513
2 0.883333 0.276923 0.017949 0.020513
2 0.056410 0.548718 0.015385 0.027350
2 0.937179 0.034188 0.015385 0.023932
2 0.644872 0.632479 0.020513 0.017094
2 0.050000 0.832479 0.015385 0.020513
