2 0.607051 0.762393 0.037179 0.082051
2 0.524359 0.400000 0.048718 0.037607
2 0.474359 0.867521 0.025641 0.052991
2 0.558974 0.684615 0.023077 0.059829
2 0.668590 0.230769 0.021795 0.064957
2 0.534615 0.549573 0.035897 0.032479
2 0.588462 0.251282 0.023077 0.044444
2 0.612179 0.142735 0.019231 0.052991
2 0.801282 0.827350 0.023077 0.034188
2 0.700641 0.318803 0.026923 0.025641
2 0.590385 0.331624 0.021795 0.027350
2 0.690385 0.119658 0.019231 0.030769
2 0.437179 0.447863 0.030769 0.030769
2 0.673718 0.653846 0.016667 0.039316
2 0.264103 0.232479 0.015385 0.034188
2 0.490385 0.300000 0.014103 0.022222
2 0.410897 0.728205 0.011538 0.027350
