2 0.353846 0.623932 0.066667 0.116239
2 0.292949 0.701709 0.052564 0.059829
2 0.539744 0.692308 0.058974 0.037607
2 0.650000 0.868376 0.030769 0.078632
2 0.246154 0.340171 0.030769 0.068376
2 0.874359 0.958120 0.025641 0.066667
2 0.685256 0.917949 0.024359 0.051282
2 0.814103 0.174359 0.030769 0.041026
2 0.464103 0.209402 0.033333 0.032479
2 0.207051 0.317094 0.029487 0.039316
2 0.532692 0.168376 0.044872 0.046154
2 0.529487 0.558974 0.035897 0.027350
2 0.544872 0.486325 0.025641 0.035897
2 0.520513 0.619658 0.028205 0.042735
2 0.940385 0.480342 0.024359 0.034188
2 0.415385 0.808547 0.023077 0.030769
2 0.899359 0.081197 0.024359 0.025641
2 0.476923 0.561538 0.020513 0.029060
2 0.322436 0.372650 0.024359 0.023932
2 0.485256 0.888034 0.016667 0.035897
2 0.548077 0.282906 0.026923 0.029060
2 0.132051 0.771795 0.017949 0.029060
2 0.517949 0.102564 0.017949 0.027350
2 0.342949 0.201709 0.016667 0.027350
2 0.690385 0.100855 0.014103 0.027350
2 0.135256 0.020513 0.014103 0.027350
2 0.950641 0.202564 0.016667 0.018803
2 0.719872 0.956410 0.016667 0.015385
