2 0.596154 0.778632 0.025641 0.083761
2 0.869231 0.620513 0.025641 0.037607
2 0.485897 0.292308 0.020513 0.047863
2 0.775000 0.525641 0.026923 0.049573
2 0.441667 0.468376 0.026923 0.027350
2 0.607692 0.480342 0.020513 0.041026
2 0.639103 0.709402 0.019231 0.054701
2 0.438462 0.879487 0.015385 0.039316
2 0.949359 0.975214 0.016667 0.032479
2 0.725000 0.289744 0.021795 0.035897
2 0.419231 0.795726 0.030769 0.022222
2 0.912821 0.647863 0.017949 0.030769
2 0.383333 0.726496 0.017949 0.034188
2 0.462821 0.086325 0.023077 0.022222
2 0.953846 0.455556 0.023077 0.025641
2 0.803846 0.891453 0.015385 0.029060
2 0.378205 0.070940 0.015385 0.025641
2 0.671154 0.631624 0.014103 0.022222
2 0.371795 0.013675 0.012821 0.027350
2 0.779487 0.679487 0.015385 0.029060
2 0.038462 0.690598 0.015385 0.020513
2 0.891667 0.429060 0.016667 0.020513
2 0.580128 0.305128 0.014103 0.022222
2 0.231410 0.093162 0.014103 0.022222
2 0.803205 0.073504 0.016667 0.017094
