2 0.821795 0.429915 0.189744 0.203419
2 0.392308 0.377778 0.194872 0.229060
2 0.135897 0.252991 0.117949 0.181197
2 0.153205 0.646154 0.103846 0.229060
2 0.662821 0.577778 0.102564 0.119658
2 0.132051 0.442735 0.094872 0.109402
2 0.034615 0.347863 0.069231 0.135043
2 0.483333 0.636752 0.056410 0.100855
2 0.501923 0.857265 0.047436 0.097436
2 0.377564 0.786325 0.042308 0.088889
2 0.899359 0.520513 0.026923 0.063248
2 0.983333 0.177778 0.033333 0.071795
2 0.800641 0.974359 0.057692 0.051282
2 0.294231 0.641026 0.029487 0.051282
2 0.286538 0.717094 0.044872 0.049573
2 0.071795 0.057265 0.046154 0.059829
2 0.210897 0.819658 0.021795 0.066667
2 0.136538 0.667521 0.032051 0.039316
2 0.874359 0.747863 0.030769 0.035897
2 0.787821 0.697436 0.024359 0.041026
2 0.330769 0.807692 0.033333 0.025641
2 0.460256 0.208547 0.028205 0.027350
2 0.987179 0.986325 0.025641 0.027350
2 0.679487 0.034188 0.025641 0.030769
