2 0.569872 0.115385 0.108974 0.090598
2 0.566026 0.496581 0.116667 0.141880
2 0.603205 0.434188 0.106410 0.085470
2 0.493590 0.601709 0.100000 0.092308
2 0.692308 0.397436 0.058974 0.111111
2 0.121795 0.570940 0.056410 0.095726
2 0.169872 0.411966 0.073077 0.075214
2 0.927564 0.764103 0.055128 0.054701
2 0.261538 0.650427 0.030769 0.066667
2 0.050000 0.558974 0.058974 0.037607
2 0.465385 0.482906 0.046154 0.039316
2 0.441667 0.739316 0.032051 0.052991
2 0.914103 0.213675 0.033333 0.071795
2 0.871795 0.270085 0.041026 0.041026
2 0.630769 0.788034 0.035897 0.041026
2 0.474359 0.661538 0.025641 0.054701
2 0.937179 0.469231 0.028205 0.049573
2 0.982051 0.561538 0.035897 0.059829
2 0.813462 0.230769 0.034615 0.037607
2 0.442308 0.226496 0.043590 0.029060
2 0.127564 0.288889 0.026923 0.044444
2 0.274359 0.288889 0.025641 0.047863
2 0.931410 0.058120 0.029487 0.037607
2 0.769872 0.178632 0.024359 0.049573
2 0.656410 0.309402 0.030769 0.034188
2 0.807051 0.560684 0.032051 0.034188
2 0.241667 0.497436 0.024359 0.037607
2 0.209615 0.770940 0.024359 0.037607
2 0.347436 0.900000 0.041026 0.039316
2 0.073718 0.012821 0.039744 0.025641
2 0.641026 0.562393 0.020513 0.041026
2 0.167308 0.554701 0.021795 0.035897
2 0.361538 0.184615 0.025641 0.034188
2 0.592949 0.728205 0.021795 0.030769
2 0.369872 0.414530 0.019231 0.035897
2 0.642949 0.972650 0.016667 0.054701
2 0.178846 0.271795 0.024359 0.027350
2 0.203846 0.318803 0.030769 0.025641
2 0.373718 0.758974 0.021795 0.030769
2 0.510256 0.061538 0.020513 0.030769
2 0.714103 0.289744 0.020513 0.032479
2 0.731410 0.235897 0.024359 0.023932
2 0.991667 0.294872 0.016667 0.032479
2 0.271154 0.962393 0.021795 0.030769
2 0.111538 0.166667 0.017949 0.029060
2 0.642949 0.169231 0.019231 0.030769
2 0.155128 0.251282 0.020513 0.030769
2 0.292949 0.921368 0.016667 0.030769
2 0.563462 0.186325 0.016667 0.027350
2 0.135897 0.083761 0.017949 0.027350
2 0.071795 0.761538 0.025641 0.035897
2 0.317308 0.186325 0.014103 0.030769
2 0.007051 0.461538 0.014103 0.030769
2 0.020513 0.872650 0.015385 0.032479
2 0.882051 0.747863 0.015385 0.029060
2 0.163462 0.764957 0.019231 0.025641
2 0.221154 0.354701 0.021795 0.025641
2 0.123077 0.756410 0.017949 0.022222
2 0.314103 0.144444 0.015385 0.029060
2 0.141667 0.013675 0.016667 0.027350
2 0.610897 0.886325 0.019231 0.018803
2 0.625641 0.732479 0.015385 0.022222
2 0.972436 0.813675 0.026923 0.023932
2 0.843590 0.215385 0.015385 0.020513
2 0.622436 0.851282 0.014103 0.020513
2 0.603205 0.680342 0.016667 0.017094
2 0.940385 0.584615 0.011538 0.023932
