2 0.445513 0.641026 0.080769 0.075214
2 0.416667 0.506838 0.048718 0.100855
2 0.505769 0.677778 0.047436 0.073504
2 0.475641 0.065812 0.038462 0.073504
2 0.982692 0.114530 0.034615 0.064957
2 0.677564 0.869231 0.029487 0.059829
2 0.678205 0.464103 0.028205 0.046154
2 0.400000 0.438462 0.028205 0.042735
2 0.372436 0.604274 0.021795 0.052991
2 0.771154 0.476923 0.032051 0.047863
2 0.671154 0.942735 0.026923 0.035897
2 0.214744 0.744444 0.019231 0.042735
2 0.317949 0.166667 0.033333 0.032479
2 0.815385 0.259829 0.030769 0.027350
2 0.379487 0.305983 0.023077 0.041026
2 0.782692 0.814530 0.024359 0.032479
2 0.429487 0.795726 0.017949 0.042735
2 0.631410 0.855556 0.021795 0.039316
2 0.217949 0.013675 0.023077 0.027350
2 0.748718 0.982906 0.020513 0.034188
2 0.708974 0.647863 0.020513 0.027350
2 0.596795 0.893162 0.021795 0.029060
2 0.548077 0.616239 0.021795 0.018803
2 0.016026 0.740171 0.011538 0.037607
2 0.896795 0.306838 0.016667 0.022222
2 0.205128 0.829915 0.015385 0.022222
2 0.005769 0.393162 0.011538 0.027350
