2 0.360256 0.642735 0.035897 0.051282
2 0.635256 0.665812 0.026923 0.056410
2 0.754487 0.529060 0.032051 0.063248
2 0.657051 0.605128 0.029487 0.051282
2 0.422436 0.527350 0.039744 0.029060
2 0.620513 0.812821 0.025641 0.035897
2 0.597436 0.586325 0.043590 0.037607
2 0.503205 0.747009 0.024359 0.051282
2 0.589103 0.499145 0.024359 0.044444
2 0.663462 0.332479 0.024359 0.035897
2 0.213462 0.633333 0.029487 0.032479
2 0.542308 0.723077 0.015385 0.041026
2 0.960897 0.577778 0.021795 0.030769
2 0.554487 0.519658 0.016667 0.034188
2 0.573077 0.309402 0.017949 0.041026
2 0.689744 0.541880 0.020513 0.023932
2 0.521154 0.200000 0.016667 0.027350
2 0.763462 0.692308 0.019231 0.023932
2 0.289744 0.355556 0.020513 0.020513
2 0.603846 0.694872 0.015385 0.025641
2 0.511538 0.341026 0.015385 0.029060
2 0.907051 0.682051 0.016667 0.023932
2 0.421154 0.782906 0.016667 0.020513
2 0.669872 0.264957 0.014103 0.023932
2 0.064744 0.803419 0.011538 0.027350
2 0.610897 0.215385 0.024359 0.013675
2 0.664744 0.812821 0.014103 0.022222
2 0.415385 0.819658 0.025641 0.022222
