2 0.808974 0.613675 0.033333 0.051282
2 0.811538 0.809402 0.033333 0.066667
2 0.326282 0.449573 0.026923 0.044444
2 0.260897 0.648718 0.032051 0.029060
2 0.592308 0.908547 0.020513 0.029060
2 0.777564 0.305983 0.019231 0.034188
2 0.164744 0.441880 0.021795 0.046154
2 0.912179 0.981197 0.014103 0.037607
2 0.578205 0.577778 0.017949 0.034188
2 0.026282 0.458120 0.029487 0.023932
2 0.226282 0.680342 0.019231 0.023932
2 0.639103 0.205983 0.021795 0.022222
2 0.308974 0.590598 0.017949 0.022222
2 0.482692 0.194872 0.014103 0.027350
2 0.231410 0.622222 0.014103 0.027350
2 0.133974 0.562393 0.016667 0.020513
2 0.813462 0.371795 0.016667 0.022222
2 0.096154 0.213675 0.015385 0.023932
2 0.479487 0.626496 0.015385 0.022222
2 0.242308 0.493162 0.015385 0.018803
2 0.276282 0.267521 0.019231 0.022222
2 0.843590 0.615385 0.015385 0.020513
2 0.242949 0.376923 0.014103 0.022222
2 0.907051 0.694872 0.014103 0.022222
2 0.541667 0.611966 0.016667 0.017094
