2 0.393590 0.629915 0.230769 0.271795
2 0.239744 0.563248 0.100000 0.080342
2 0.103846 0.820513 0.079487 0.085470
2 0.398077 0.064957 0.065385 0.129915
2 0.295513 0.495726 0.085897 0.061538
2 0.802564 0.241026 0.076923 0.092308
2 0.507051 0.122222 0.070513 0.083761
2 0.090385 0.343590 0.055128 0.064957
2 0.626282 0.351282 0.034615 0.087179
2 0.488462 0.351282 0.041026 0.066667
2 0.714103 0.976068 0.064103 0.047863
2 0.590385 0.735043 0.055128 0.061538
2 0.307692 0.765812 0.048718 0.044444
2 0.546154 0.436752 0.033333 0.042735
2 0.468590 0.022222 0.037179 0.044444
2 0.186538 0.498291 0.029487 0.052991
2 0.638462 0.500855 0.035897 0.034188
2 0.985897 0.132479 0.028205 0.056410
2 0.522436 0.793162 0.037179 0.030769
2 0.565385 0.011966 0.043590 0.023932
2 0.883974 0.361538 0.039744 0.032479
2 0.573077 0.838462 0.028205 0.052991
2 0.135897 0.299145 0.023077 0.047863
2 0.336538 0.984615 0.050000 0.030769
2 0.447436 0.283761 0.030769 0.030769
2 0.420513 0.240171 0.023077 0.049573
2 0.243590 0.282051 0.033333 0.034188
2 0.635256 0.643590 0.032051 0.035897
2 0.674359 0.697436 0.030769 0.030769
2 0.121154 0.384615 0.026923 0.037607
2 0.698077 0.531624 0.021795 0.041026
2 0.291667 0.097436 0.021795 0.047863
2 0.207051 0.780342 0.026923 0.039316
2 0.937821 0.138462 0.026923 0.030769
