2 0.660897 0.733333 0.085897 0.157265
2 0.605769 0.358120 0.116667 0.141880
2 0.800000 0.942735 0.069231 0.114530
2 0.803846 0.839316 0.058974 0.071795
2 0.421154 0.168376 0.044872 0.066667
2 0.582051 0.965812 0.041026 0.068376
2 0.155769 0.389744 0.037179 0.041026
2 0.604487 0.652137 0.024359 0.049573
2 0.493590 0.323077 0.020513 0.044444
2 0.036538 0.885470 0.021795 0.051282
2 0.744231 0.905128 0.021795 0.049573
2 0.192308 0.725641 0.033333 0.039316
2 0.713462 0.482906 0.026923 0.035897
2 0.811538 0.505128 0.023077 0.035897
2 0.439744 0.462393 0.041026 0.025641
2 0.959615 0.332479 0.032051 0.035897
2 0.787821 0.545299 0.026923 0.034188
2 0.413462 0.372650 0.024359 0.034188
2 0.539744 0.435043 0.025641 0.035897
2 0.124359 0.256410 0.023077 0.034188
2 0.746795 0.849573 0.021795 0.037607
2 0.134615 0.965812 0.033333 0.037607
2 0.280128 0.173504 0.044872 0.039316
2 0.698077 0.438462 0.024359 0.025641
2 0.307051 0.707692 0.019231 0.037607
2 0.157692 0.504274 0.017949 0.034188
2 0.641026 0.273504 0.023077 0.023932
2 0.214744 0.518803 0.021795 0.032479
2 0.973718 0.979487 0.019231 0.027350
2 0.066026 0.488034 0.016667 0.035897
2 0.816026 0.567521 0.016667 0.030769
2 0.876282 0.135043 0.024359 0.020513
2 0.343590 0.841880 0.015385 0.032479
2 0.666667 0.764103 0.017949 0.027350
2 0.933974 0.987179 0.019231 0.025641
2 0.008333 0.088034 0.016667 0.025641
2 0.737821 0.807692 0.021795 0.022222
2 0.598077 0.012821 0.016667 0.025641
2 0.687179 0.847863 0.017949 0.023932
2 0.814103 0.353846 0.015385 0.027350
2 0.099359 0.390598 0.019231 0.022222
2 0.333333 0.073504 0.017949 0.020513
2 0.238462 0.554701 0.017949 0.018803
2 0.541026 0.895726 0.012821 0.020513
