2 0.558974 0.434188 0.076923 0.102564
2 0.350000 0.500000 0.076923 0.148718
2 0.706410 0.509402 0.041026 0.092308
2 0.619231 0.617949 0.038462 0.042735
2 0.474359 0.643590 0.033333 0.070085
2 0.676923 0.785470 0.030769 0.042735
2 0.599359 0.198291 0.029487 0.051282
2 0.458333 0.450427 0.029487 0.063248
2 0.546795 0.635043 0.029487 0.035897
2 0.497436 0.464957 0.025641 0.030769
2 0.276923 0.369231 0.046154 0.034188
2 0.287179 0.151282 0.025641 0.042735
2 0.217949 0.289744 0.028205 0.035897
2 0.396795 0.041880 0.034615 0.032479
2 0.253846 0.291453 0.025641 0.029060
2 0.428205 0.387179 0.020513 0.029060
2 0.527564 0.562393 0.029487 0.034188
2 0.713462 0.976068 0.016667 0.047863
2 0.896795 0.626496 0.019231 0.029060
2 0.105769 0.047863 0.016667 0.034188
2 0.441667 0.608547 0.021795 0.030769
2 0.633333 0.313675 0.017949 0.025641
2 0.912179 0.317949 0.014103 0.027350
2 0.710256 0.583761 0.020513 0.025641
2 0.448718 0.549573 0.015385 0.029060
2 0.017308 0.030769 0.019231 0.023932
2 0.471795 0.859829 0.015385 0.023932
2 0.308974 0.558974 0.017949 0.020513
2 0.623718 0.358974 0.014103 0.023932
2 0.427564 0.347863 0.016667 0.025641
2 0.990385 0.943590 0.019231 0.020513
2 0.092949 0.149573 0.014103 0.025641
2 0.760256 0.070085 0.017949 0.023932
2 0.003846 0.443590 0.007692 0.039316
2 0.150641 0.506838 0.014103 0.022222
2 0.004487 0.349573 0.008974 0.039316
2 0.068590 0.024786 0.011538 0.025641
