2 0.395513 0.320513 0.124359 0.261538
2 0.538462 0.216239 0.092308 0.145299
2 0.832692 0.274359 0.080769 0.087179
2 0.323718 0.453846 0.055128 0.100855
2 0.624359 0.098291 0.061538 0.066667
2 0.595513 0.151282 0.060256 0.059829
2 0.663462 0.409402 0.055128 0.059829
2 0.237179 0.619658 0.028205 0.056410
2 0.492308 0.382051 0.033333 0.049573
2 0.235897 0.303419 0.028205 0.052991
2 0.532692 0.077778 0.052564 0.056410
2 0.409615 0.490598 0.042308 0.041026
2 0.037179 0.916239 0.025641 0.051282
2 0.825000 0.667521 0.034615 0.049573
2 0.389744 0.056410 0.041026 0.041026
2 0.267949 0.458974 0.020513 0.073504
2 0.513462 0.656410 0.032051 0.041026
2 0.771795 0.776068 0.041026 0.034188
2 0.583333 0.682906 0.023077 0.056410
2 0.932051 0.294872 0.023077 0.063248
2 0.009615 0.364103 0.019231 0.058120
2 0.349359 0.822222 0.021795 0.044444
2 0.523718 0.947863 0.019231 0.049573
2 0.537179 0.353846 0.025641 0.037607
2 0.288462 0.274359 0.028205 0.032479
2 0.252564 0.178632 0.020513 0.049573
2 0.300641 0.917094 0.024359 0.029060
2 0.977564 0.079487 0.019231 0.042735
2 0.828846 0.602564 0.019231 0.032479
2 0.855769 0.705128 0.016667 0.042735
2 0.155769 0.549573 0.032051 0.032479
2 0.280128 0.629915 0.021795 0.032479
2 0.078846 0.621368 0.024359 0.029060
2 0.787821 0.669231 0.021795 0.029060
2 0.389744 0.628205 0.017949 0.032479
2 0.778846 0.728205 0.019231 0.030769
2 0.988462 0.182906 0.023077 0.030769
2 0.157051 0.929915 0.014103 0.044444
2 0.396795 0.104274 0.021795 0.027350
2 0.733974 0.223077 0.019231 0.029060
2 0.066667 0.252991 0.020513 0.027350
2 0.223718 0.787179 0.021795 0.039316
2 0.425000 0.950427 0.024359 0.023932
2 0.588462 0.938462 0.023077 0.023932
2 0.539744 0.253846 0.017949 0.025641
2 0.340385 0.132479 0.019231 0.025641
2 0.080128 0.688034 0.019231 0.035897
2 0.428846 0.752991 0.016667 0.025641
2 0.857051 0.611111 0.016667 0.025641
2 0.978205 0.928205 0.012821 0.037607
