2 0.830769 0.394872 0.053846 0.102564
2 0.694231 0.305128 0.037179 0.042735
2 0.355769 0.177778 0.034615 0.030769
2 0.244231 0.480342 0.026923 0.027350
2 0.576923 0.203419 0.015385 0.041026
2 0.359615 0.340171 0.019231 0.034188
2 0.941667 0.452137 0.026923 0.022222
2 0.717308 0.472650 0.032051 0.032479
2 0.408333 0.156410 0.016667 0.032479
2 0.458333 0.035043 0.014103 0.032479
2 0.219872 0.700000 0.019231 0.032479
2 0.300641 0.014530 0.016667 0.029060
2 0.028846 0.161538 0.016667 0.029060
2 0.285897 0.693162 0.020513 0.022222
2 0.788462 0.847863 0.012821 0.034188
2 0.260256 0.221368 0.017949 0.025641
2 0.511538 0.147009 0.020513 0.020513
2 0.723077 0.525641 0.012821 0.032479
2 0.908333 0.306838 0.019231 0.018803
2 0.080128 0.064957 0.014103 0.020513
2 0.629487 0.576923 0.012821 0.022222
