2 0.224359 0.692308 0.038462 0.099145
2 0.509615 0.311111 0.047436 0.051282
2 0.497436 0.174359 0.046154 0.058120
2 0.355128 0.282906 0.023077 0.066667
2 0.416026 0.377778 0.044872 0.034188
2 0.604487 0.770940 0.026923 0.051282
2 0.306410 0.837607 0.020513 0.058120
2 0.367308 0.847863 0.021795 0.058120
2 0.550641 0.452137 0.029487 0.039316
2 0.758974 0.427350 0.020513 0.047863
2 0.746154 0.531624 0.028205 0.047863
2 0.795513 0.860684 0.024359 0.039316
2 0.044872 0.831624 0.025641 0.035897
2 0.483333 0.675214 0.025641 0.030769
2 0.417949 0.568376 0.020513 0.039316
2 0.177564 0.249573 0.024359 0.037607
2 0.727564 0.749573 0.021795 0.035897
2 0.755769 0.786325 0.026923 0.027350
2 0.887821 0.732479 0.021795 0.032479
2 0.016667 0.658120 0.033333 0.034188
2 0.701282 0.974359 0.017949 0.051282
2 0.385256 0.529915 0.026923 0.037607
2 0.227564 0.790598 0.021795 0.039316
2 0.570513 0.084615 0.028205 0.049573
2 0.295513 0.940171 0.032051 0.030769
2 0.703846 0.817949 0.020513 0.046154
2 0.416667 0.817094 0.028205 0.023932
2 0.307051 0.641880 0.016667 0.035897
2 0.381410 0.608547 0.019231 0.041026
2 0.698077 0.898291 0.032051 0.032479
2 0.818590 0.309402 0.019231 0.030769
2 0.877564 0.018803 0.014103 0.037607
2 0.992949 0.776068 0.014103 0.034188
2 0.191667 0.390598 0.021795 0.022222
2 0.428205 0.310256 0.017949 0.032479
2 0.855769 0.525641 0.019231 0.025641
2 0.891026 0.942735 0.017949 0.025641
2 0.659615 0.821368 0.014103 0.032479
2 0.529487 0.709402 0.020513 0.027350
2 0.123718 0.260684 0.011538 0.039316
2 0.885897 0.303419 0.015385 0.029060
2 0.290385 0.078632 0.019231 0.034188
2 0.021795 0.722222 0.015385 0.025641
2 0.051282 0.427350 0.020513 0.020513
2 0.311538 0.597436 0.015385 0.025641
2 0.171154 0.507692 0.014103 0.027350
2 0.496154 0.753846 0.017949 0.020513
2 0.281410 0.790598 0.016667 0.022222
2 0.725000 0.853846 0.024359 0.018803
2 0.055769 0.651282 0.014103 0.023932
2 0.278846 0.541880 0.016667 0.020513
2 0.441667 0.716239 0.014103 0.020513
2 0.068590 0.388034 0.014103 0.020513
