2 0.453205 0.755556 0.126923 0.126496
2 0.242308 0.064957 0.092308 0.129915
2 0.585256 0.475214 0.111538 0.095726
2 0.138462 0.403419 0.061538 0.092308
2 0.271795 0.396581 0.048718 0.061538
2 0.333333 0.170940 0.041026 0.092308
2 0.401282 0.152991 0.035897 0.087179
2 0.885897 0.305983 0.041026 0.075214
2 0.807051 0.465812 0.050000 0.052991
2 0.635256 0.211966 0.047436 0.051282
2 0.746154 0.721368 0.033333 0.075214
2 0.450641 0.631624 0.029487 0.073504
2 0.172436 0.278632 0.047436 0.044444
2 0.517308 0.058974 0.034615 0.070085
2 0.455769 0.170940 0.047436 0.051282
2 0.601923 0.259829 0.034615 0.051282
2 0.211538 0.341880 0.033333 0.082051
2 0.803846 0.682906 0.035897 0.039316
2 0.372436 0.330769 0.034615 0.035897
2 0.639744 0.137607 0.025641 0.046154
2 0.962821 0.792308 0.030769 0.032479
2 0.930769 0.709402 0.025641 0.041026
2 0.082692 0.079487 0.044872 0.035897
2 0.502564 0.127350 0.023077 0.046154
2 0.987179 0.056410 0.025641 0.047863
2 0.125000 0.243590 0.029487 0.029060
2 0.036538 0.805983 0.026923 0.029060
2 0.558333 0.987179 0.026923 0.025641
2 0.885256 0.519658 0.021795 0.034188
2 0.175000 0.887179 0.021795 0.034188
2 0.492949 0.894872 0.016667 0.032479
2 0.441667 0.284615 0.021795 0.025641
2 0.204487 0.632479 0.016667 0.030769
2 0.069231 0.829060 0.017949 0.027350
2 0.102564 0.710256 0.017949 0.039316
2 0.497436 0.331624 0.017949 0.027350
2 0.310256 0.562393 0.020513 0.020513
2 0.592308 0.547863 0.030769 0.015385
2 0.358974 0.903419 0.020513 0.022222
2 0.610897 0.683761 0.021795 0.030769
2 0.804487 0.747863 0.014103 0.029060
2 0.951923 0.372650 0.019231 0.020513
2 0.385256 0.480342 0.021795 0.020513
2 0.694872 0.960684 0.010256 0.034188
2 0.086538 0.410256 0.016667 0.020513
2 0.168590 0.475214 0.014103 0.023932
2 0.858333 0.169231 0.016667 0.020513
2 0.502564 0.843590 0.012821 0.025641
2 0.331410 0.744444 0.014103 0.022222
2 0.983974 0.453846 0.016667 0.018803
2 0.192949 0.431624 0.014103 0.022222
