2 0.462821 0.305128 0.035897 0.165812
2 0.187179 0.625641 0.076923 0.088889
2 0.970513 0.352991 0.041026 0.076923
2 0.438462 0.418803 0.028205 0.058120
2 0.250641 0.352137 0.021795 0.041026
2 0.485897 0.984615 0.030769 0.030769
2 0.683333 0.199145 0.015385 0.042735
2 0.580128 0.406838 0.019231 0.030769
2 0.250000 0.889744 0.015385 0.039316
2 0.627564 0.572650 0.016667 0.030769
2 0.237821 0.455556 0.016667 0.032479
2 0.885897 0.652991 0.020513 0.023932
2 0.352564 0.641026 0.015385 0.037607
2 0.462821 0.858974 0.023077 0.022222
2 0.651923 0.820513 0.016667 0.027350
2 0.250000 0.825641 0.012821 0.027350
2 0.567949 0.139316 0.015385 0.025641
2 0.816026 0.341026 0.016667 0.022222
2 0.542308 0.509402 0.017949 0.017094
2 0.141026 0.529915 0.010256 0.041026
