2 0.832692 0.846154 0.073077 0.109402
2 0.952564 0.416239 0.051282 0.059829
2 0.733974 0.595726 0.039744 0.073504
2 0.953846 0.570940 0.038462 0.092308
2 0.537179 0.585470 0.041026 0.070085
2 0.834615 0.183761 0.043590 0.056410
2 0.210897 0.491453 0.042308 0.073504
2 0.760256 0.036752 0.048718 0.073504
2 0.831410 0.440171 0.047436 0.052991
2 0.505128 0.295726 0.033333 0.037607
2 0.708974 0.027350 0.030769 0.054701
2 0.464744 0.564103 0.034615 0.041026
2 0.990385 0.720513 0.019231 0.087179
2 0.662821 0.152137 0.020513 0.044444
2 0.515385 0.417094 0.028205 0.034188
2 0.951282 0.268376 0.038462 0.030769
2 0.933974 0.341026 0.026923 0.052991
2 0.895513 0.925641 0.019231 0.049573
2 0.922436 0.818803 0.016667 0.044444
2 0.792308 0.656410 0.020513 0.034188
2 0.712821 0.248718 0.020513 0.032479
2 0.764103 0.085470 0.023077 0.027350
2 0.603846 0.221368 0.017949 0.035897
2 0.395513 0.218803 0.024359 0.030769
2 0.600641 0.143590 0.016667 0.030769
2 0.431410 0.211966 0.019231 0.027350
2 0.883333 0.731624 0.020513 0.034188
2 0.702564 0.944444 0.020513 0.029060
2 0.660256 0.236752 0.020513 0.025641
2 0.903205 0.304274 0.019231 0.023932
2 0.963462 0.813675 0.014103 0.041026
2 0.374359 0.295726 0.020513 0.020513
2 0.553846 0.258120 0.017949 0.030769
2 0.623718 0.388034 0.016667 0.023932
2 0.559615 0.314530 0.016667 0.020513
2 0.641026 0.412821 0.012821 0.022222
2 0.910897 0.879487 0.016667 0.018803
2 0.996154 0.235897 0.007692 0.054701
