2 0.604487 0.679487 0.124359 0.261538
2 0.461538 0.783761 0.092308 0.145299
2 0.167308 0.725641 0.080769 0.087179
2 0.676282 0.546154 0.055128 0.100855
2 0.375641 0.901709 0.061538 0.066667
2 0.404487 0.848718 0.060256 0.059829
2 0.336538 0.590598 0.055128 0.059829
2 0.762821 0.380342 0.028205 0.056410
2 0.507692 0.617949 0.033333 0.049573
2 0.764103 0.696581 0.028205 0.052991
2 0.467308 0.922222 0.052564 0.056410
2 0.590385 0.509402 0.042308 0.041026
2 0.962821 0.083761 0.025641 0.051282
2 0.175000 0.332479 0.034615 0.049573
2 0.610256 0.943590 0.041026 0.041026
2 0.732051 0.541026 0.020513 0.073504
2 0.486538 0.343590 0.032051 0.041026
2 0.228205 0.223932 0.041026 0.034188
2 0.416667 0.317094 0.023077 0.056410
2 0.067949 0.705128 0.023077 0.063248
2 0.990385 0.635897 0.019231 0.058120
2 0.650641 0.177778 0.021795 0.044444
2 0.476282 0.052137 0.019231 0.049573
2 0.462821 0.646154 0.025641 0.037607
2 0.711538 0.725641 0.028205 0.032479
2 0.747436 0.821368 0.020513 0.049573
2 0.699359 0.082906 0.024359 0.029060
2 0.022436 0.920513 0.019231 0.042735
2 0.171154 0.397436 0.019231 0.032479
2 0.144231 0.294872 0.016667 0.042735
2 0.844231 0.450427 0.032051 0.032479
2 0.719872 0.370085 0.021795 0.032479
2 0.921154 0.378632 0.024359 0.029060
2 0.212179 0.330769 0.021795 0.029060
2 0.610256 0.371795 0.017949 0.032479
2 0.221154 0.271795 0.019231 0.030769
2 0.011538 0.817094 0.023077 0.030769
2 0.842949 0.070085 0.014103 0.044444
2 0.603205 0.895726 0.021795 0.027350
2 0.266026 0.776923 0.019231 0.029060
2 0.933333 0.747009 0.020513 0.027350
2 0.776282 0.212821 0.021795 0.039316
2 0.575000 0.049573 0.024359 0.023932
2 0.411538 0.061538 0.023077 0.023932
2 0.460256 0.746154 0.017949 0.025641
2 0.659615 0.867521 0.019231 0.025641
2 0.919872 0.311966 0.019231 0.035897
2 0.571154 0.247009 0.016667 0.025641
2 0.142949 0.388889 0.016667 0.025641
2 0.021795 0.071795 0.012821 0.037607
