2 0.371154 0.448718 0.075641 0.083761
2 0.393590 0.346154 0.033333 0.039316
2 0.561538 0.123077 0.025641 0.047863
2 0.490385 0.343590 0.029487 0.034188
2 0.919231 0.626496 0.035897 0.035897
2 0.669872 0.330769 0.019231 0.046154
2 0.839103 0.274359 0.039744 0.046154
2 0.488462 0.277778 0.028205 0.029060
2 0.961538 0.974359 0.023077 0.037607
2 0.355128 0.889744 0.015385 0.039316
2 0.592949 0.356410 0.016667 0.029060
2 0.943590 0.851282 0.015385 0.047863
2 0.459615 0.462393 0.016667 0.025641
2 0.762821 0.605983 0.017949 0.029060
2 0.825641 0.318803 0.020513 0.022222
2 0.835256 0.446154 0.016667 0.023932
2 0.232692 0.278632 0.016667 0.027350
2 0.794231 0.452991 0.016667 0.020513
2 0.429487 0.236752 0.015385 0.022222
