2 0.578205 0.098291 0.084615 0.196581
2 0.659615 0.505983 0.073077 0.222222
2 0.059615 0.814530 0.119231 0.135043
2 0.918590 0.688889 0.060256 0.085470
2 0.105128 0.451282 0.064103 0.064957
2 0.866026 0.784615 0.050000 0.088889
2 0.743590 0.318803 0.064103 0.076923
2 0.512179 0.188889 0.052564 0.080342
2 0.327564 0.927350 0.042308 0.052991
2 0.492949 0.659829 0.026923 0.068376
2 0.794872 0.955556 0.038462 0.037607
2 0.136538 0.702564 0.024359 0.061538
2 0.833974 0.960684 0.021795 0.054701
2 0.542308 0.358974 0.025641 0.034188
2 0.339744 0.572650 0.023077 0.034188
2 0.537821 0.290598 0.029487 0.023932
2 0.161538 0.624786 0.017949 0.042735
2 0.580128 0.640171 0.029487 0.022222
2 0.989744 0.845299 0.020513 0.029060
2 0.992308 0.596581 0.015385 0.037607
2 0.823718 0.410256 0.016667 0.034188
2 0.595513 0.875214 0.024359 0.027350
2 0.411538 0.201709 0.017949 0.023932
2 0.571795 0.909402 0.017949 0.023932
2 0.722436 0.642735 0.016667 0.020513
2 0.104487 0.714530 0.014103 0.023932
2 0.056410 0.627350 0.015385 0.020513
