2 0.169231 0.602564 0.120513 0.305983
2 0.483333 0.494872 0.179487 0.135043
2 0.862179 0.399145 0.091026 0.172650
2 0.271795 0.393162 0.066667 0.123077
2 0.495513 0.800000 0.067949 0.119658
2 0.339103 0.504274 0.047436 0.085470
2 0.187179 0.301709 0.048718 0.107692
2 0.548077 0.303419 0.044872 0.076923
2 0.201282 0.469231 0.043590 0.066667
2 0.600641 0.478632 0.042308 0.078632
2 0.601282 0.109402 0.056410 0.064957
2 0.444872 0.646154 0.056410 0.047863
2 0.080769 0.604274 0.048718 0.052991
2 0.227564 0.847009 0.055128 0.080342
2 0.784615 0.593162 0.041026 0.061538
2 0.180769 0.396581 0.038462 0.061538
2 0.418590 0.970940 0.042308 0.058120
2 0.454487 0.944444 0.032051 0.083761
2 0.726282 0.631624 0.052564 0.059829
2 0.305769 0.608547 0.034615 0.044444
2 0.697436 0.172650 0.030769 0.061538
2 0.032051 0.857265 0.046154 0.039316
2 0.835256 0.164957 0.039744 0.046154
2 0.541667 0.635897 0.026923 0.058120
2 0.364103 0.308547 0.028205 0.049573
2 0.465385 0.380342 0.025641 0.049573
2 0.612179 0.629915 0.039744 0.059829
2 0.387821 0.746154 0.029487 0.046154
2 0.490385 0.688889 0.029487 0.037607
2 0.363462 0.393162 0.032051 0.034188
2 0.246154 0.500855 0.025641 0.034188
2 0.654487 0.431624 0.024359 0.035897
2 0.933333 0.187179 0.025641 0.046154
2 0.380769 0.197436 0.020513 0.042735
2 0.246795 0.758120 0.024359 0.039316
2 0.440385 0.727350 0.021795 0.039316
2 0.346154 0.964957 0.038462 0.029060
2 0.432692 0.886325 0.021795 0.039316
2 0.161538 0.752137 0.020513 0.037607
2 0.720513 0.426496 0.017949 0.039316
2 0.258974 0.239316 0.017949 0.037607
2 0.379487 0.068376 0.017949 0.041026
2 0.032051 0.694017 0.025641 0.027350
2 0.859615 0.048718 0.016667 0.039316
2 0.076282 0.349573 0.024359 0.025641
2 0.414103 0.835897 0.020513 0.034188
2 0.327564 0.408547 0.024359 0.044444
2 0.436538 0.776923 0.021795 0.029060
2 0.643590 0.688034 0.020513 0.029060
2 0.453846 0.156410 0.017949 0.029060
2 0.417308 0.156410 0.026923 0.029060
2 0.405769 0.327350 0.026923 0.025641
2 0.732692 0.035043 0.019231 0.029060
2 0.918590 0.646154 0.019231 0.030769
2 0.670513 0.805983 0.020513 0.025641
2 0.369231 0.694017 0.017949 0.027350
2 0.097436 0.377778 0.020513 0.020513
2 0.054487 0.430769 0.016667 0.027350
2 0.914744 0.139316 0.016667 0.025641
2 0.108974 0.760684 0.015385 0.027350
2 0.324359 0.709402 0.025641 0.020513
2 0.068590 0.805128 0.019231 0.020513
2 0.162821 0.642735 0.017949 0.020513
2 0.076282 0.291453 0.016667 0.022222
2 0.601923 0.871795 0.014103 0.023932
2 0.675641 0.771795 0.017949 0.018803
2 0.106410 0.281197 0.015385 0.022222
2 0.892308 0.664103 0.015385 0.022222
