2 0.303205 0.256410 0.047436 0.064957
2 0.553205 0.471795 0.039744 0.054701
2 0.526282 0.212821 0.029487 0.049573
2 0.756410 0.950427 0.028205 0.061538
2 0.460256 0.847009 0.028205 0.049573
2 0.441026 0.524786 0.033333 0.054701
2 0.923718 0.613675 0.037179 0.034188
2 0.858974 0.974359 0.030769 0.051282
2 0.826282 0.772650 0.039744 0.041026
2 0.309615 0.611111 0.029487 0.039316
2 0.099359 0.701709 0.026923 0.046154
2 0.735256 0.822222 0.032051 0.058120
2 0.831410 0.703419 0.024359 0.049573
2 0.133333 0.370940 0.020513 0.047863
2 0.423077 0.688034 0.020513 0.042735
2 0.482051 0.528205 0.020513 0.041026
2 0.297436 0.724786 0.023077 0.037607
2 0.603846 0.765812 0.025641 0.027350
2 0.186538 0.652137 0.029487 0.029060
2 0.581410 0.599145 0.024359 0.029060
2 0.582692 0.701709 0.026923 0.032479
2 0.721154 0.468376 0.021795 0.027350
2 0.651282 0.279487 0.020513 0.029060
2 0.042949 0.751282 0.026923 0.025641
2 0.911538 0.766667 0.020513 0.025641
2 0.362821 0.173504 0.017949 0.032479
2 0.283333 0.664957 0.023077 0.023932
2 0.310256 0.486325 0.020513 0.029060
2 0.979487 0.669231 0.017949 0.025641
2 0.192308 0.594017 0.015385 0.025641
2 0.116026 0.519658 0.014103 0.027350
2 0.650641 0.237607 0.016667 0.023932
2 0.660256 0.593162 0.017949 0.023932
2 0.893590 0.866667 0.017949 0.023932
2 0.612179 0.616239 0.019231 0.018803
2 0.201282 0.962393 0.017949 0.020513
2 0.830769 0.142735 0.015385 0.035897
2 0.319872 0.923077 0.014103 0.023932
2 0.835897 0.359829 0.015385 0.018803
2 0.417308 0.858120 0.014103 0.020513
2 0.485897 0.642735 0.015385 0.017094
