2 0.688462 0.331624 0.094872 0.088889
2 0.191667 0.565812 0.083333 0.054701
2 0.391026 0.229060 0.043590 0.075214
2 0.325000 0.624786 0.052564 0.056410
2 0.287821 0.599145 0.037179 0.035897
2 0.445513 0.282051 0.029487 0.044444
2 0.464103 0.229060 0.023077 0.030769
2 0.348077 0.182906 0.016667 0.034188
2 0.008974 0.667521 0.017949 0.042735
2 0.162179 0.455556 0.016667 0.035897
2 0.448077 0.694872 0.026923 0.029060
2 0.298077 0.701709 0.019231 0.029060
2 0.097436 0.485470 0.017949 0.034188
2 0.389103 0.696581 0.019231 0.029060
2 0.434615 0.879487 0.015385 0.032479
2 0.616667 0.394872 0.020513 0.020513
2 0.110256 0.700000 0.015385 0.029060
2 0.191026 0.966667 0.015385 0.025641
2 0.703205 0.791453 0.021795 0.017094
2 0.819872 0.491453 0.011538 0.029060
2 0.028846 0.470940 0.014103 0.022222
2 0.701923 0.930769 0.016667 0.018803
2 0.745513 0.447009 0.016667 0.022222
