2 0.342949 0.411966 0.229487 0.324786
2 0.107051 0.211111 0.106410 0.114530
2 0.237179 0.670085 0.069231 0.147009
2 0.324359 0.629060 0.041026 0.140171
2 0.900000 0.615385 0.061538 0.123077
2 0.314103 0.785470 0.041026 0.059829
2 0.596154 0.529060 0.033333 0.080342
2 0.238462 0.534188 0.035897 0.066667
2 0.649359 0.852137 0.039744 0.066667
2 0.571795 0.110256 0.051282 0.042735
2 0.154487 0.691453 0.029487 0.046154
2 0.580769 0.712821 0.030769 0.068376
2 0.200000 0.846154 0.038462 0.064957
2 0.527564 0.343590 0.029487 0.034188
2 0.165385 0.623077 0.025641 0.056410
2 0.526282 0.669231 0.026923 0.042735
2 0.511538 0.558120 0.033333 0.059829
2 0.823718 0.162393 0.039744 0.041026
2 0.366026 0.940171 0.029487 0.034188
2 0.293590 0.726496 0.020513 0.041026
2 0.564744 0.429915 0.024359 0.039316
2 0.832051 0.368376 0.028205 0.032479
2 0.051282 0.590598 0.023077 0.035897
