2 0.847436 0.419658 0.305128 0.548718
2 0.168590 0.653846 0.226923 0.411966
2 0.307051 0.922222 0.157692 0.155556
2 0.365385 0.338462 0.174359 0.167521
2 0.635897 0.468376 0.107692 0.150427
2 0.454487 0.064103 0.111538 0.128205
2 0.024359 0.655556 0.048718 0.090598
2 0.251282 0.590598 0.071795 0.111111
2 0.985256 0.730769 0.029487 0.141880
2 0.021154 0.219658 0.042308 0.070085
2 0.652564 0.984615 0.061538 0.030769
2 0.659615 0.100000 0.029487 0.083761
2 0.597436 0.239316 0.038462 0.051282
2 0.978846 0.215385 0.042308 0.071795
2 0.937821 0.487179 0.044872 0.034188
