2 0.569231 0.769231 0.076923 0.157265
2 0.460256 0.409402 0.125641 0.128205
2 0.734615 0.931624 0.058974 0.088889
2 0.247436 0.273504 0.046154 0.064957
2 0.724359 0.839316 0.051282 0.058120
2 0.802564 0.300855 0.033333 0.047863
2 0.679487 0.507692 0.025641 0.041026
2 0.664103 0.554701 0.025641 0.039316
2 0.024359 0.564103 0.030769 0.034188
2 0.964744 0.946154 0.029487 0.035897
2 0.341667 0.410256 0.021795 0.041026
2 0.501282 0.704274 0.023077 0.044444
2 0.582051 0.513675 0.023077 0.035897
2 0.672436 0.917094 0.021795 0.042735
2 0.404487 0.509402 0.026923 0.030769
2 0.106410 0.880342 0.028205 0.037607
2 0.667949 0.862393 0.020513 0.032479
2 0.271154 0.478632 0.019231 0.030769
2 0.481410 0.322222 0.026923 0.022222
2 0.692308 0.130769 0.025641 0.025641
2 0.695513 0.571795 0.016667 0.035897
2 0.662179 0.357265 0.021795 0.027350
2 0.400000 0.079487 0.017949 0.032479
2 0.560897 0.471795 0.021795 0.027350
2 0.150641 0.205128 0.019231 0.027350
2 0.122436 0.321368 0.029487 0.023932
2 0.873077 0.952991 0.012821 0.032479
2 0.609615 0.876923 0.016667 0.023932
2 0.905128 0.328205 0.015385 0.023932
2 0.040385 0.675214 0.014103 0.027350
2 0.909615 0.930769 0.016667 0.022222
2 0.215385 0.832479 0.015385 0.027350
2 0.574359 0.178632 0.015385 0.022222
2 0.991667 0.582051 0.016667 0.018803
2 0.653846 0.822222 0.017949 0.017094
2 0.321795 0.559829 0.012821 0.022222
