2 0.514103 0.645299 0.087179 0.148718
2 0.369872 0.631624 0.083333 0.080342
2 0.162179 0.700000 0.065385 0.080342
2 0.212821 0.549573 0.051282 0.070085
2 0.610897 0.767521 0.052564 0.075214
2 0.657692 0.957265 0.025641 0.085470
2 0.418590 0.448718 0.050000 0.063248
2 0.583333 0.288889 0.025641 0.085470
2 0.426282 0.731624 0.034615 0.061538
2 0.427564 0.566667 0.029487 0.070085
2 0.374359 0.555556 0.041026 0.044444
2 0.214103 0.624786 0.030769 0.052991
2 0.631410 0.566667 0.034615 0.070085
2 0.576282 0.372650 0.044872 0.047863
2 0.448077 0.382906 0.024359 0.054701
2 0.421795 0.146154 0.030769 0.046154
2 0.253846 0.335897 0.025641 0.052991
2 0.326282 0.476923 0.024359 0.054701
2 0.618590 0.868376 0.037179 0.027350
2 0.502564 0.076068 0.033333 0.039316
2 0.560256 0.784615 0.028205 0.030769
2 0.653846 0.314530 0.023077 0.034188
2 0.679487 0.207692 0.023077 0.049573
2 0.311538 0.176068 0.030769 0.030769
2 0.231410 0.279487 0.019231 0.035897
2 0.593590 0.700855 0.023077 0.027350
2 0.211538 0.313675 0.025641 0.025641
2 0.523077 0.530769 0.020513 0.029060
2 0.422436 0.312821 0.026923 0.027350
2 0.626923 0.481197 0.023077 0.025641
2 0.142949 0.109402 0.029487 0.044444
2 0.083974 0.695726 0.016667 0.034188
2 0.569872 0.840171 0.029487 0.032479
2 0.166026 0.162393 0.021795 0.023932
2 0.411538 0.505983 0.020513 0.034188
2 0.221795 0.039316 0.015385 0.034188
2 0.144231 0.321368 0.021795 0.023932
2 0.909615 0.232479 0.016667 0.030769
2 0.750641 0.456410 0.019231 0.027350
2 0.287179 0.363248 0.020513 0.022222
2 0.297436 0.281197 0.015385 0.029060
2 0.871154 0.433333 0.016667 0.025641
2 0.010256 0.196581 0.020513 0.020513
2 0.333974 0.854701 0.016667 0.027350
2 0.756410 0.144444 0.015385 0.029060
2 0.858333 0.356410 0.019231 0.022222
2 0.007051 0.731624 0.014103 0.027350
2 0.760897 0.699145 0.014103 0.027350
2 0.042308 0.259829 0.017949 0.023932
2 0.533333 0.405128 0.015385 0.020513
2 0.626282 0.337607 0.016667 0.018803
2 0.792949 0.919658 0.011538 0.027350
2 0.122436 0.778632 0.019231 0.025641
2 0.050641 0.496581 0.014103 0.022222
2 0.463462 0.447009 0.014103 0.032479
