2 0.821154 0.494017 0.119231 0.304274
2 0.737821 0.929915 0.221795 0.109402
2 0.366026 0.277778 0.080769 0.128205
2 0.642949 0.727350 0.085897 0.097436
2 0.620513 0.176923 0.046154 0.121368
2 0.555769 0.774359 0.085897 0.058120
2 0.763462 0.682906 0.057692 0.080342
2 0.676923 0.840171 0.048718 0.066667
2 0.400641 0.426496 0.034615 0.083761
2 0.946795 0.718803 0.029487 0.111111
2 0.725000 0.352991 0.050000 0.066667
2 0.939744 0.068376 0.053846 0.071795
2 0.903205 0.628205 0.037179 0.073504
2 0.612821 0.828205 0.043590 0.046154
2 0.934615 0.977778 0.061538 0.044444
2 0.441026 0.186325 0.041026 0.061538
2 0.198718 0.149573 0.023077 0.059829
2 0.641026 0.573504 0.035897 0.039316
2 0.897436 0.020513 0.038462 0.041026
2 0.694231 0.624786 0.032051 0.063248
2 0.576282 0.500000 0.029487 0.046154
2 0.257051 0.470085 0.042308 0.030769
2 0.735256 0.491453 0.032051 0.039316
2 0.348718 0.535897 0.041026 0.029060
2 0.815385 0.779487 0.030769 0.037607
2 0.350641 0.476068 0.029487 0.042735
2 0.546795 0.661538 0.026923 0.034188
2 0.624359 0.069231 0.028205 0.046154
2 0.857692 0.285470 0.017949 0.041026
2 0.941667 0.513675 0.029487 0.039316
2 0.064103 0.824786 0.028205 0.042735
2 0.458333 0.307692 0.024359 0.030769
2 0.716026 0.800000 0.021795 0.034188
2 0.535256 0.932479 0.019231 0.039316
2 0.583333 0.394872 0.023077 0.030769
2 0.971154 0.429915 0.039744 0.029060
2 0.677564 0.529915 0.029487 0.034188
2 0.008333 0.131624 0.016667 0.041026
2 0.488462 0.439316 0.023077 0.030769
2 0.882051 0.202564 0.023077 0.029060
2 0.567308 0.436752 0.026923 0.029060
2 0.882051 0.920513 0.017949 0.035897
2 0.189103 0.829060 0.016667 0.037607
2 0.903205 0.748718 0.019231 0.030769
2 0.317308 0.646154 0.021795 0.027350
2 0.100000 0.870085 0.020513 0.034188
2 0.309615 0.194017 0.021795 0.025641
2 0.891667 0.801709 0.014103 0.037607
2 0.989103 0.705983 0.021795 0.023932
2 0.976282 0.870085 0.016667 0.034188
2 0.463462 0.245299 0.021795 0.022222
2 0.631410 0.015385 0.016667 0.030769
2 0.497436 0.905128 0.020513 0.022222
2 0.208333 0.623077 0.016667 0.025641
2 0.578846 0.992308 0.024359 0.015385
2 0.697436 0.111966 0.025641 0.018803
2 0.123077 0.543590 0.012821 0.027350
2 0.566667 0.918803 0.017949 0.022222
2 0.949359 0.599145 0.014103 0.025641
2 0.263462 0.620513 0.016667 0.020513
2 0.504487 0.863248 0.014103 0.023932
2 0.215385 0.283761 0.015385 0.020513
2 0.219231 0.788889 0.017949 0.018803
2 0.222436 0.591453 0.019231 0.020513
2 0.071154 0.779487 0.014103 0.020513
