2 0.943590 0.586325 0.043590 0.105983
2 0.350641 0.445299 0.039744 0.073504
2 0.475000 0.409402 0.032051 0.032479
2 0.726282 0.420513 0.024359 0.034188
2 0.401923 0.541880 0.016667 0.051282
2 0.507692 0.554701 0.020513 0.042735
2 0.548077 0.356410 0.034615 0.029060
2 0.480128 0.517949 0.026923 0.027350
2 0.028846 0.788034 0.024359 0.030769
2 0.355769 0.623077 0.016667 0.029060
2 0.138462 0.468376 0.025641 0.030769
2 0.048077 0.843590 0.021795 0.022222
2 0.701282 0.113675 0.017949 0.035897
2 0.830128 0.900855 0.019231 0.030769
2 0.341026 0.570085 0.017949 0.022222
2 0.515385 0.094017 0.020513 0.027350
2 0.478846 0.369231 0.016667 0.020513
2 0.846795 0.857265 0.011538 0.032479
2 0.350641 0.184615 0.016667 0.020513
2 0.099359 0.799145 0.016667 0.018803
2 0.144231 0.885470 0.019231 0.017094
2 0.505128 0.370940 0.015385 0.020513
