2 0.448077 0.478632 0.067949 0.099145
2 0.375641 0.438462 0.041026 0.100855
2 0.098718 0.964957 0.041026 0.070085
2 0.264744 0.720513 0.047436 0.039316
2 0.610256 0.266667 0.035897 0.064957
2 0.616026 0.384615 0.044872 0.034188
2 0.425000 0.382906 0.039744 0.034188
2 0.334615 0.707692 0.053846 0.044444
2 0.664744 0.618803 0.021795 0.058120
2 0.276923 0.450427 0.028205 0.049573
2 0.848718 0.690598 0.025641 0.051282
2 0.442949 0.256410 0.032051 0.041026
2 0.208974 0.189744 0.025641 0.037607
2 0.048077 0.709402 0.029487 0.037607
2 0.820513 0.417094 0.023077 0.044444
2 0.435897 0.337607 0.041026 0.025641
2 0.697436 0.041026 0.028205 0.030769
2 0.870513 0.642735 0.023077 0.034188
2 0.354487 0.758974 0.024359 0.027350
2 0.800000 0.680342 0.025641 0.027350
2 0.133974 0.810256 0.014103 0.041026
2 0.298077 0.052137 0.016667 0.029060
2 0.372436 0.166667 0.016667 0.025641
2 0.546154 0.685470 0.020513 0.023932
2 0.082051 0.882051 0.017949 0.023932
2 0.887821 0.448718 0.019231 0.022222
2 0.124359 0.695726 0.020513 0.020513
2 0.550641 0.380342 0.021795 0.018803
2 0.278846 0.500000 0.016667 0.029060
2 0.294872 0.893162 0.017949 0.018803
2 0.672436 0.100000 0.014103 0.029060
2 0.905769 0.729060 0.021795 0.018803
2 0.317949 0.870085 0.015385 0.020513
