2 0.792308 0.593162 0.189744 0.208547
2 0.416026 0.324786 0.216667 0.150427
2 0.219872 0.087179 0.088462 0.174359
2 0.121795 0.453846 0.123077 0.206838
2 0.073718 0.080342 0.114103 0.147009
2 0.622436 0.656410 0.070513 0.105983
2 0.160256 0.255556 0.107692 0.076923
2 0.657051 0.138462 0.085897 0.191453
2 0.263462 0.693162 0.085897 0.083761
2 0.429487 0.609402 0.051282 0.094017
2 0.378205 0.826496 0.028205 0.100855
2 0.936538 0.436752 0.078205 0.042735
2 0.096154 0.459829 0.035897 0.044444
2 0.118590 0.641880 0.026923 0.066667
2 0.205128 0.931624 0.043590 0.037607
2 0.251282 0.518803 0.028205 0.046154
2 0.986538 0.700855 0.026923 0.044444
2 0.289103 0.985470 0.037179 0.029060
2 0.228205 0.594872 0.023077 0.041026
2 0.529487 0.200000 0.025641 0.044444
2 0.688462 0.826496 0.023077 0.039316
2 0.840385 0.722222 0.019231 0.056410
2 0.755769 0.917949 0.024359 0.030769
