2 0.306410 0.566667 0.212821 0.292308
2 0.512821 0.177778 0.253846 0.242735
2 0.775641 0.281197 0.156410 0.251282
2 0.328846 0.339316 0.065385 0.097436
2 0.456410 0.478632 0.084615 0.129915
2 0.068590 0.647009 0.091026 0.094017
2 0.901282 0.234188 0.076923 0.099145
2 0.661538 0.686325 0.066667 0.087179
2 0.346154 0.807692 0.038462 0.056410
2 0.453846 0.256410 0.035897 0.051282
2 0.437179 0.670940 0.046154 0.035897
2 0.515385 0.356410 0.030769 0.039316
2 0.171795 0.448718 0.030769 0.035897
2 0.148077 0.641880 0.034615 0.042735
2 0.035256 0.041026 0.034615 0.034188
