2 0.351923 0.858974 0.052564 0.073504
2 0.295513 0.911111 0.065385 0.068376
2 0.487179 0.508547 0.043590 0.070085
2 0.408974 0.485470 0.030769 0.071795
2 0.048077 0.477778 0.044872 0.052991
2 0.885256 0.532479 0.042308 0.056410
2 0.830769 0.486325 0.030769 0.056410
2 0.406410 0.281197 0.033333 0.046154
2 0.728846 0.607692 0.029487 0.042735
2 0.141026 0.972650 0.030769 0.054701
2 0.125000 0.841880 0.029487 0.039316
2 0.550641 0.366667 0.039744 0.035897
2 0.903846 0.124786 0.028205 0.037607
2 0.598718 0.784615 0.023077 0.041026
2 0.217308 0.600000 0.021795 0.041026
2 0.801923 0.571795 0.024359 0.035897
2 0.826923 0.346154 0.023077 0.049573
2 0.775000 0.651282 0.021795 0.037607
2 0.196795 0.777778 0.024359 0.034188
2 0.428205 0.342735 0.033333 0.035897
2 0.228846 0.731624 0.032051 0.027350
2 0.433974 0.896581 0.024359 0.025641
2 0.641026 0.411111 0.015385 0.039316
2 0.161538 0.808547 0.025641 0.020513
2 0.822436 0.223077 0.021795 0.025641
2 0.850000 0.752137 0.020513 0.027350
2 0.241026 0.427350 0.020513 0.023932
2 0.246795 0.674359 0.019231 0.025641
2 0.709615 0.529060 0.019231 0.025641
2 0.264744 0.152137 0.016667 0.030769
2 0.512179 0.345299 0.016667 0.023932
2 0.489744 0.640171 0.020513 0.022222
2 0.666667 0.481197 0.017949 0.025641
2 0.262821 0.970085 0.017949 0.025641
2 0.043590 0.679487 0.015385 0.025641
2 0.171795 0.073504 0.015385 0.023932
2 0.786538 0.798291 0.014103 0.023932
2 0.497436 0.829060 0.015385 0.020513
2 0.451282 0.825641 0.015385 0.020513
2 0.260897 0.300855 0.014103 0.020513
