2 0.407692 0.507692 0.056410 0.085470
2 0.294231 0.564103 0.055128 0.064957
2 0.020513 0.333333 0.041026 0.061538
2 0.229487 0.921368 0.041026 0.064957
2 0.900641 0.947009 0.060256 0.064957
2 0.750641 0.761538 0.037179 0.049573
2 0.967949 0.808547 0.051282 0.034188
2 0.642308 0.256410 0.033333 0.051282
2 0.492308 0.607692 0.035897 0.046154
2 0.098077 0.382906 0.032051 0.044444
2 0.561538 0.661538 0.025641 0.044444
2 0.058974 0.975214 0.030769 0.049573
2 0.230128 0.840171 0.029487 0.035897
2 0.012821 0.810256 0.025641 0.041026
2 0.408974 0.344444 0.025641 0.035897
2 0.350000 0.506838 0.020513 0.042735
2 0.304487 0.955556 0.034615 0.030769
2 0.076282 0.018803 0.021795 0.037607
2 0.993590 0.590598 0.012821 0.063248
2 0.730769 0.575214 0.023077 0.029060
2 0.773077 0.403419 0.023077 0.027350
2 0.932692 0.656410 0.021795 0.030769
2 0.519872 0.388034 0.019231 0.034188
2 0.685256 0.743590 0.019231 0.030769
2 0.275641 0.635897 0.020513 0.027350
2 0.944872 0.423932 0.017949 0.034188
2 0.857692 0.718803 0.023077 0.025641
2 0.282692 0.889744 0.021795 0.022222
2 0.318590 0.285470 0.039744 0.023932
2 0.994872 0.017094 0.010256 0.034188
2 0.006410 0.933333 0.012821 0.034188
2 0.825641 0.876923 0.017949 0.020513
2 0.852564 0.835897 0.012821 0.023932
