2 0.724359 0.060684 0.043590 0.063248
2 0.773718 0.424786 0.037179 0.046154
2 0.723077 0.459829 0.033333 0.023932
2 0.428205 0.061538 0.017949 0.034188
2 0.528205 0.304274 0.020513 0.034188
2 0.173077 0.294017 0.023077 0.027350
2 0.408974 0.879487 0.020513 0.032479
2 0.916026 0.939316 0.016667 0.035897
2 0.782692 0.211111 0.016667 0.035897
2 0.478846 0.174359 0.019231 0.020513
2 0.984615 0.170940 0.015385 0.030769
2 0.525000 0.258120 0.016667 0.023932
2 0.644231 0.433333 0.016667 0.025641
2 0.226282 0.117094 0.016667 0.022222
2 0.550641 0.403419 0.016667 0.020513
2 0.940385 0.266667 0.016667 0.020513
2 0.537821 0.230769 0.014103 0.020513
