2 0.666667 0.591453 0.041026 0.075214
2 0.411538 0.831624 0.033333 0.070085
2 0.603205 0.592308 0.044872 0.063248
2 0.467308 0.241880 0.021795 0.059829
2 0.561538 0.232479 0.038462 0.047863
2 0.351282 0.762393 0.023077 0.051282
2 0.263462 0.203419 0.024359 0.041026
2 0.010897 0.273504 0.021795 0.034188
2 0.637821 0.330769 0.021795 0.052991
2 0.039744 0.405128 0.030769 0.027350
2 0.352564 0.970940 0.025641 0.041026
2 0.367949 0.878632 0.020513 0.037607
2 0.524359 0.295726 0.025641 0.037607
2 0.791026 0.367521 0.020513 0.030769
2 0.182051 0.478632 0.020513 0.027350
2 0.357051 0.281197 0.019231 0.029060
2 0.446154 0.815385 0.017949 0.027350
2 0.660256 0.443590 0.028205 0.032479
2 0.629487 0.398291 0.017949 0.034188
2 0.354487 0.703419 0.034615 0.018803
2 0.637821 0.217094 0.019231 0.030769
2 0.657692 0.845299 0.017949 0.035897
2 0.591667 0.362393 0.021795 0.020513
2 0.770513 0.492308 0.015385 0.023932
2 0.842949 0.537607 0.014103 0.029060
2 0.394231 0.639316 0.019231 0.017094
2 0.379487 0.239316 0.017949 0.020513
2 0.219231 0.139316 0.010256 0.032479
2 0.760256 0.889744 0.010256 0.029060
2 0.742949 0.541880 0.011538 0.023932
