2 0.516667 0.797436 0.151282 0.405128
2 0.312821 0.813675 0.266667 0.136752
2 0.122436 0.880342 0.057692 0.123077
2 0.211538 0.591453 0.079487 0.112821
2 0.428846 0.629915 0.078205 0.076923
2 0.060256 0.382906 0.064103 0.105983
2 0.620513 0.545299 0.058974 0.078632
2 0.339103 0.477778 0.085897 0.052991
2 0.426923 0.953846 0.046154 0.092308
2 0.510256 0.270085 0.051282 0.085470
2 0.607051 0.274359 0.047436 0.073504
2 0.053846 0.600855 0.051282 0.056410
2 0.110256 0.658974 0.051282 0.073504
2 0.386538 0.543590 0.044872 0.058120
2 0.277564 0.341026 0.057692 0.063248
2 0.446154 0.161538 0.033333 0.059829
2 0.108974 0.445299 0.035897 0.059829
2 0.383333 0.257265 0.033333 0.059829
2 0.148077 0.399145 0.039744 0.042735
2 0.633333 0.792308 0.033333 0.052991
2 0.137821 0.494872 0.042308 0.035897
2 0.591667 0.881197 0.037179 0.032479
2 0.314103 0.535897 0.030769 0.039316
2 0.791667 0.271795 0.032051 0.047863
2 0.497436 0.214530 0.033333 0.032479
2 0.178846 0.939316 0.032051 0.066667
2 0.278205 0.930769 0.017949 0.052991
2 0.161538 0.265812 0.041026 0.035897
2 0.176282 0.080342 0.032051 0.030769
2 0.182051 0.499145 0.020513 0.037607
2 0.555128 0.506838 0.025641 0.025641
2 0.066026 0.211966 0.029487 0.020513
2 0.463462 0.089744 0.021795 0.032479
