2 0.553846 0.595726 0.061538 0.100855
2 0.671795 0.311966 0.046154 0.073504
2 0.809615 0.714530 0.060256 0.054701
2 0.522436 0.370940 0.032051 0.075214
2 0.982051 0.670940 0.035897 0.059829
2 0.061538 0.578632 0.035897 0.052991
2 0.421154 0.184615 0.026923 0.064957
2 0.181410 0.581197 0.032051 0.041026
2 0.572436 0.406838 0.024359 0.044444
2 0.687821 0.934188 0.024359 0.039316
2 0.139744 0.329060 0.033333 0.035897
2 0.788462 0.489744 0.028205 0.032479
2 0.540385 0.504274 0.024359 0.041026
2 0.140385 0.239316 0.021795 0.037607
2 0.359615 0.014530 0.026923 0.029060
2 0.822436 0.547863 0.024359 0.039316
2 0.612179 0.602564 0.026923 0.039316
2 0.166667 0.288889 0.023077 0.030769
2 0.487179 0.988889 0.033333 0.022222
2 0.392949 0.266667 0.024359 0.027350
2 0.505128 0.179487 0.025641 0.027350
2 0.525000 0.760684 0.021795 0.034188
2 0.303205 0.745299 0.019231 0.030769
2 0.169231 0.647009 0.020513 0.035897
2 0.471154 0.248718 0.014103 0.042735
2 0.046154 0.452137 0.020513 0.025641
2 0.089103 0.182051 0.014103 0.039316
2 0.382051 0.595726 0.025641 0.032479
2 0.875000 0.058120 0.014103 0.030769
2 0.129487 0.803419 0.023077 0.017094
2 0.594872 0.369231 0.017949 0.020513
2 0.083333 0.620513 0.015385 0.023932
2 0.030769 0.189744 0.015385 0.020513
2 0.959615 0.922222 0.016667 0.018803
2 0.308974 0.551282 0.015385 0.022222
2 0.689744 0.188034 0.017949 0.017094
