2 0.430128 0.884615 0.108974 0.090598
2 0.433974 0.503419 0.116667 0.141880
2 0.396795 0.565812 0.106410 0.085470
2 0.506410 0.398291 0.100000 0.092308
2 0.307692 0.602564 0.058974 0.111111
2 0.878205 0.429060 0.056410 0.095726
2 0.830128 0.588034 0.073077 0.075214
2 0.072436 0.235897 0.055128 0.054701
2 0.738462 0.349573 0.030769 0.066667
2 0.950000 0.441026 0.058974 0.037607
2 0.534615 0.517094 0.046154 0.039316
2 0.558333 0.260684 0.032051 0.052991
2 0.085897 0.786325 0.033333 0.071795
2 0.128205 0.729915 0.041026 0.041026
2 0.369231 0.211966 0.035897 0.041026
2 0.525000 0.338462 0.026923 0.054701
2 0.062821 0.530769 0.028205 0.049573
2 0.017949 0.438462 0.035897 0.059829
2 0.186538 0.769231 0.034615 0.037607
2 0.557692 0.773504 0.043590 0.029060
2 0.872436 0.711111 0.026923 0.044444
2 0.725641 0.711111 0.025641 0.047863
2 0.068590 0.941880 0.029487 0.037607
2 0.230128 0.821368 0.024359 0.049573
2 0.343590 0.690598 0.030769 0.034188
2 0.192949 0.439316 0.032051 0.034188
2 0.758333 0.502564 0.024359 0.037607
2 0.790385 0.229060 0.024359 0.037607
2 0.652564 0.100000 0.041026 0.039316
2 0.926282 0.987179 0.039744 0.025641
2 0.358974 0.436752 0.020513 0.042735
2 0.832692 0.446154 0.021795 0.037607
2 0.638462 0.815385 0.025641 0.034188
2 0.407051 0.271795 0.021795 0.030769
2 0.630128 0.585470 0.019231 0.035897
2 0.357051 0.027350 0.016667 0.054701
2 0.821795 0.728205 0.023077 0.027350
2 0.796154 0.681197 0.030769 0.025641
2 0.626282 0.241026 0.021795 0.030769
2 0.489744 0.938462 0.020513 0.030769
2 0.285897 0.710256 0.020513 0.032479
2 0.268590 0.764103 0.024359 0.023932
2 0.008333 0.705128 0.016667 0.032479
2 0.728846 0.037607 0.021795 0.030769
2 0.888462 0.833333 0.017949 0.029060
2 0.357051 0.830769 0.019231 0.030769
2 0.844872 0.748718 0.020513 0.030769
2 0.864103 0.916239 0.017949 0.027350
2 0.436538 0.813675 0.016667 0.027350
2 0.707051 0.078632 0.016667 0.030769
2 0.928205 0.238462 0.025641 0.035897
2 0.682692 0.813675 0.014103 0.030769
2 0.992949 0.538462 0.014103 0.030769
2 0.979487 0.127350 0.015385 0.032479
2 0.117949 0.252137 0.015385 0.029060
2 0.836538 0.235043 0.019231 0.025641
2 0.778846 0.645299 0.021795 0.025641
2 0.876923 0.243590 0.017949 0.022222
2 0.858333 0.986325 0.016667 0.027350
2 0.685897 0.855556 0.015385 0.029060
2 0.389103 0.113675 0.019231 0.018803
2 0.374359 0.267521 0.015385 0.022222
2 0.027564 0.186325 0.026923 0.023932
2 0.156410 0.784615 0.015385 0.020513
2 0.377564 0.148718 0.014103 0.020513
2 0.396795 0.319658 0.016667 0.017094
2 0.059615 0.415385 0.011538 0.023932
