2 0.500000 0.189744 0.148718 0.181197
2 0.317308 0.792308 0.129487 0.186325
2 0.574359 0.404274 0.107692 0.128205
2 0.121795 0.725641 0.105128 0.107692
2 0.428846 0.305128 0.111538 0.117949
2 0.559615 0.700000 0.132051 0.070085
2 0.823718 0.321368 0.044872 0.088889
2 0.257051 0.545299 0.060256 0.054701
2 0.645513 0.841880 0.047436 0.070085
2 0.211538 0.105983 0.038462 0.088889
2 0.169872 0.658974 0.037179 0.059829
2 0.701923 0.288889 0.052564 0.037607
2 0.317308 0.249573 0.039744 0.064957
2 0.858333 0.172650 0.034615 0.051282
2 0.739103 0.141880 0.024359 0.061538
2 0.691026 0.930769 0.033333 0.046154
2 0.900000 0.974359 0.035897 0.037607
2 0.444231 0.874359 0.029487 0.035897
2 0.166026 0.287179 0.021795 0.034188
2 0.966667 0.550427 0.023077 0.034188
2 0.791026 0.231624 0.023077 0.029060
2 0.708974 0.108547 0.020513 0.035897
2 0.246154 0.013675 0.020513 0.027350
2 0.356410 0.476068 0.017949 0.032479
2 0.608333 0.029060 0.016667 0.037607
2 0.267308 0.720513 0.021795 0.025641
2 0.219231 0.701709 0.015385 0.032479
2 0.991026 0.358120 0.017949 0.032479
2 0.855128 0.622222 0.017949 0.030769
2 0.259615 0.096581 0.016667 0.029060
2 0.838462 0.475214 0.017949 0.027350
2 0.087821 0.390598 0.016667 0.025641
