2 0.379487 0.057265 0.130769 0.114530
2 0.530128 0.528205 0.075641 0.109402
2 0.883974 0.313675 0.060256 0.162393
2 0.613462 0.562393 0.073077 0.061538
2 0.317949 0.205128 0.066667 0.075214
2 0.655769 0.349573 0.044872 0.049573
2 0.847436 0.609402 0.058974 0.066667
2 0.437179 0.602564 0.038462 0.083761
2 0.439103 0.238462 0.052564 0.046154
2 0.579487 0.451282 0.035897 0.058120
2 0.590385 0.395726 0.039744 0.052991
2 0.207051 0.106838 0.037179 0.059829
2 0.353846 0.145299 0.048718 0.037607
2 0.368590 0.758120 0.029487 0.046154
2 0.684615 0.275214 0.025641 0.075214
2 0.403205 0.193162 0.032051 0.041026
2 0.277564 0.847863 0.029487 0.047863
2 0.633974 0.707692 0.044872 0.027350
2 0.175000 0.133333 0.024359 0.041026
2 0.245513 0.408547 0.024359 0.037607
2 0.625641 0.235043 0.028205 0.039316
2 0.365385 0.848718 0.030769 0.032479
2 0.646795 0.294017 0.024359 0.037607
2 0.018590 0.426496 0.037179 0.032479
2 0.966667 0.712821 0.023077 0.047863
2 0.689103 0.651282 0.024359 0.044444
2 0.167308 0.692308 0.021795 0.034188
2 0.275000 0.339316 0.024359 0.032479
2 0.621795 0.670085 0.030769 0.030769
2 0.732692 0.382051 0.021795 0.032479
2 0.394872 0.271795 0.025641 0.027350
2 0.402564 0.493162 0.020513 0.035897
2 0.623077 0.485470 0.023077 0.030769
2 0.396154 0.029060 0.017949 0.034188
2 0.990385 0.119658 0.019231 0.037607
2 0.069872 0.082906 0.019231 0.039316
2 0.338462 0.358120 0.028205 0.042735
2 0.902564 0.535043 0.017949 0.034188
2 0.116026 0.582906 0.024359 0.027350
2 0.244231 0.477778 0.034615 0.039316
2 0.508333 0.809402 0.021795 0.025641
2 0.133974 0.198291 0.019231 0.030769
2 0.987821 0.522222 0.024359 0.025641
2 0.015385 0.746154 0.030769 0.022222
2 0.516667 0.415385 0.017949 0.027350
2 0.795513 0.412821 0.026923 0.018803
2 0.824359 0.943590 0.017949 0.023932
2 0.940385 0.264957 0.011538 0.034188
2 0.760897 0.571795 0.019231 0.022222
2 0.925641 0.166667 0.017949 0.022222
2 0.315385 0.112821 0.015385 0.023932
2 0.684615 0.743590 0.017949 0.020513
2 0.146795 0.421368 0.014103 0.025641
2 0.734615 0.300855 0.017949 0.020513
2 0.084615 0.662393 0.015385 0.022222
2 0.014744 0.622222 0.016667 0.020513
