2 0.460256 0.675214 0.082051 0.054701
2 0.446795 0.476923 0.029487 0.068376
2 0.821154 0.311111 0.050000 0.064957
2 0.770513 0.194017 0.041026 0.049573
2 0.703205 0.725641 0.024359 0.063248
2 0.659615 0.709402 0.029487 0.047863
2 0.487179 0.959829 0.038462 0.035897
2 0.527564 0.265812 0.037179 0.035897
2 0.664103 0.346154 0.030769 0.039316
2 0.684615 0.242735 0.025641 0.041026
2 0.072436 0.928205 0.026923 0.034188
2 0.413462 0.433333 0.021795 0.032479
2 0.864744 0.579487 0.016667 0.037607
2 0.989103 0.243590 0.021795 0.032479
2 0.598077 0.615385 0.021795 0.034188
2 0.776923 0.343590 0.017949 0.030769
2 0.541667 0.179487 0.019231 0.027350
2 0.750641 0.676923 0.026923 0.020513
2 0.182051 0.142735 0.020513 0.022222
2 0.834615 0.441026 0.017949 0.023932
2 0.374359 0.988889 0.017949 0.022222
2 0.444872 0.782906 0.015385 0.027350
2 0.793590 0.500855 0.017949 0.020513
