2 0.407051 0.592308 0.047436 0.066667
2 0.429487 0.356410 0.033333 0.046154
2 0.653205 0.818803 0.032051 0.037607
2 0.683974 0.938462 0.016667 0.054701
2 0.487821 0.547863 0.016667 0.046154
2 0.722436 0.382051 0.019231 0.042735
2 0.680128 0.756410 0.016667 0.035897
2 0.967949 0.641026 0.023077 0.037607
2 0.644231 0.524786 0.014103 0.037607
2 0.655769 0.403419 0.021795 0.023932
2 0.892308 0.640171 0.020513 0.022222
2 0.721154 0.897436 0.014103 0.027350
2 0.794231 0.776068 0.014103 0.027350
2 0.283333 0.417949 0.020513 0.018803
2 0.426923 0.504274 0.012821 0.030769
2 0.842949 0.712821 0.016667 0.020513
2 0.456410 0.565812 0.015385 0.020513
2 0.264103 0.781197 0.015385 0.020513
2 0.876923 0.712821 0.010256 0.030769
2 0.585897 0.879487 0.015385 0.018803
