2 0.328846 0.585470 0.026923 0.042735
2 0.117949 0.572650 0.030769 0.047863
2 0.682051 0.105983 0.017949 0.034188
2 0.443590 0.400855 0.017949 0.032479
2 0.512821 0.732479 0.020513 0.029060
2 0.701923 0.547863 0.019231 0.029060
2 0.475000 0.011966 0.021795 0.023932
2 0.255769 0.642735 0.016667 0.030769
2 0.612179 0.935897 0.019231 0.029060
2 0.573077 0.807692 0.012821 0.032479
2 0.623718 0.652137 0.016667 0.032479
2 0.407692 0.939316 0.017949 0.022222
2 0.380128 0.919658 0.016667 0.020513
2 0.216026 0.510256 0.016667 0.025641
2 0.692949 0.173504 0.016667 0.018803
2 0.770513 0.098291 0.012821 0.022222
