2 0.116026 0.105983 0.065385 0.150427
2 0.565385 0.493162 0.071795 0.114530
2 0.435256 0.635897 0.062821 0.160684
2 0.769872 0.205983 0.047436 0.090598
2 0.160897 0.539316 0.062821 0.066667
2 0.219872 0.036752 0.050000 0.073504
2 0.303205 0.389744 0.050000 0.092308
2 0.964744 0.971795 0.070513 0.056410
2 0.803205 0.928205 0.088462 0.071795
2 0.405769 0.559829 0.047436 0.063248
2 0.836538 0.430769 0.026923 0.082051
2 0.919872 0.388889 0.050000 0.052991
2 0.736538 0.578632 0.042308 0.046154
2 0.016026 0.195726 0.032051 0.052991
2 0.637179 0.447009 0.025641 0.049573
2 0.560256 0.678632 0.038462 0.037607
2 0.762179 0.511111 0.039744 0.044444
2 0.946795 0.138462 0.029487 0.047863
2 0.913462 0.022222 0.050000 0.027350
2 0.498718 0.266667 0.028205 0.037607
2 0.469231 0.336752 0.038462 0.030769
2 0.461538 0.282906 0.028205 0.035897
2 0.574359 0.611966 0.025641 0.037607
2 0.752564 0.800000 0.025641 0.034188
2 0.522436 0.566667 0.024359 0.035897
2 0.224359 0.460684 0.038462 0.032479
2 0.925641 0.701709 0.025641 0.035897
2 0.430769 0.011111 0.035897 0.022222
2 0.257051 0.924786 0.024359 0.034188
2 0.312179 0.305983 0.024359 0.037607
2 0.532051 0.806838 0.023077 0.037607
2 0.829487 0.780342 0.028205 0.029060
2 0.271795 0.960684 0.023077 0.027350
2 0.355769 0.988889 0.021795 0.022222
2 0.689744 0.835043 0.020513 0.022222
2 0.218590 0.926496 0.014103 0.044444
2 0.400641 0.912821 0.016667 0.020513
2 0.121795 0.870940 0.012821 0.025641
2 0.900641 0.815385 0.016667 0.017094
2 0.993590 0.618803 0.012821 0.023932
2 0.469231 0.007692 0.020513 0.015385
