2 0.608333 0.282906 0.060256 0.090598
2 0.055128 0.643590 0.048718 0.094017
2 0.596795 0.600855 0.039744 0.066667
2 0.540385 0.311966 0.029487 0.052991
2 0.883333 0.564103 0.030769 0.041026
2 0.581410 0.445299 0.021795 0.066667
2 0.398718 0.620513 0.020513 0.071795
2 0.658974 0.931624 0.025641 0.044444
2 0.370513 0.047863 0.028205 0.037607
2 0.894231 0.476068 0.019231 0.052991
2 0.650641 0.613675 0.032051 0.027350
2 0.637179 0.442735 0.020513 0.037607
2 0.546154 0.821368 0.023077 0.039316
2 0.368590 0.296581 0.024359 0.032479
2 0.037821 0.561538 0.032051 0.029060
2 0.545513 0.208547 0.024359 0.041026
2 0.726923 0.011966 0.041026 0.023932
2 0.602564 0.193162 0.033333 0.034188
2 0.117308 0.286325 0.026923 0.032479
2 0.126282 0.513675 0.024359 0.039316
2 0.750000 0.177778 0.015385 0.041026
2 0.961538 0.911111 0.017949 0.030769
2 0.879487 0.379487 0.015385 0.034188
2 0.514103 0.856410 0.015385 0.037607
2 0.750641 0.804274 0.019231 0.025641
2 0.538462 0.600855 0.025641 0.022222
2 0.794231 0.810256 0.026923 0.030769
2 0.457051 0.113675 0.021795 0.022222
2 0.014744 0.600855 0.016667 0.029060
2 0.773077 0.612821 0.023077 0.025641
2 0.915385 0.722222 0.020513 0.022222
2 0.977564 0.947863 0.014103 0.029060
2 0.993590 0.029915 0.012821 0.035897
2 0.116026 0.241880 0.019231 0.029060
2 0.786538 0.761538 0.016667 0.018803
2 0.892308 0.329060 0.015385 0.022222
2 0.162179 0.303419 0.016667 0.018803
2 0.846154 0.547009 0.017949 0.017094
