2 0.169231 0.605128 0.053846 0.102564
2 0.305769 0.694872 0.037179 0.042735
2 0.644231 0.822222 0.034615 0.030769
2 0.755769 0.519658 0.026923 0.027350
2 0.423077 0.796581 0.015385 0.041026
2 0.640385 0.659829 0.019231 0.034188
2 0.058333 0.547863 0.026923 0.022222
2 0.282692 0.527350 0.032051 0.032479
2 0.591667 0.843590 0.016667 0.032479
2 0.541667 0.964957 0.014103 0.032479
2 0.780128 0.300000 0.019231 0.032479
2 0.699359 0.985470 0.016667 0.029060
2 0.971154 0.838462 0.016667 0.029060
2 0.714103 0.306838 0.020513 0.022222
2 0.211538 0.152137 0.012821 0.034188
2 0.739744 0.778632 0.017949 0.025641
2 0.488462 0.852991 0.020513 0.020513
2 0.276923 0.474359 0.012821 0.032479
2 0.092308 0.693162 0.017949 0.018803
2 0.919872 0.935043 0.014103 0.020513
2 0.370513 0.423077 0.012821 0.022222
