2 0.602564 0.388034 0.058974 0.109402
2 0.399359 0.348718 0.065385 0.092308
2 0.073077 0.647009 0.097436 0.083761
2 0.767308 0.281197 0.055128 0.070085
2 0.970513 0.883761 0.058974 0.068376
2 0.967949 0.950427 0.038462 0.078632
2 0.248077 0.528205 0.037179 0.068376
2 0.014744 0.788034 0.029487 0.047863
2 0.641667 0.274359 0.037179 0.042735
2 0.594872 0.917094 0.053846 0.039316
2 0.908333 0.534188 0.032051 0.035897
2 0.915385 0.911966 0.033333 0.029060
2 0.094872 0.826496 0.028205 0.035897
2 0.992308 0.570085 0.015385 0.046154
2 0.817949 0.552991 0.020513 0.042735
2 0.285897 0.530769 0.017949 0.032479
2 0.933333 0.947863 0.017949 0.025641
2 0.339103 0.676923 0.021795 0.023932
2 0.790385 0.924786 0.019231 0.023932
2 0.664744 0.150427 0.019231 0.020513
2 0.116667 0.723077 0.017949 0.020513
2 0.943590 0.451282 0.015385 0.027350
2 0.062821 0.965812 0.015385 0.023932
2 0.355128 0.367521 0.020513 0.017094
2 0.950000 0.167521 0.015385 0.020513
