2 0.551923 0.521368 0.067949 0.099145
2 0.624359 0.561538 0.041026 0.100855
2 0.901282 0.035043 0.041026 0.070085
2 0.735256 0.279487 0.047436 0.039316
2 0.389744 0.733333 0.035897 0.064957
2 0.383974 0.615385 0.044872 0.034188
2 0.575000 0.617094 0.039744 0.034188
2 0.665385 0.292308 0.053846 0.044444
2 0.335256 0.381197 0.021795 0.058120
2 0.723077 0.549573 0.028205 0.049573
2 0.151282 0.309402 0.025641 0.051282
2 0.557051 0.743590 0.032051 0.041026
2 0.791026 0.810256 0.025641 0.037607
2 0.951923 0.290598 0.029487 0.037607
2 0.179487 0.582906 0.023077 0.044444
2 0.564103 0.662393 0.041026 0.025641
2 0.302564 0.958974 0.028205 0.030769
2 0.129487 0.357265 0.023077 0.034188
2 0.645513 0.241026 0.024359 0.027350
2 0.200000 0.319658 0.025641 0.027350
2 0.866026 0.189744 0.014103 0.041026
2 0.701923 0.947863 0.016667 0.029060
2 0.627564 0.833333 0.016667 0.025641
2 0.453846 0.314530 0.020513 0.023932
2 0.917949 0.117949 0.017949 0.023932
2 0.112179 0.551282 0.019231 0.022222
2 0.875641 0.304274 0.020513 0.020513
2 0.449359 0.619658 0.021795 0.018803
2 0.721154 0.500000 0.016667 0.029060
2 0.705128 0.106838 0.017949 0.018803
2 0.327564 0.900000 0.014103 0.029060
2 0.094231 0.270940 0.021795 0.018803
2 0.682051 0.129915 0.015385 0.020513
