2 0.505128 0.497436 0.151282 0.157265
2 0.401282 0.891453 0.084615 0.117949
2 0.798077 0.617094 0.055128 0.054701
2 0.739103 0.553846 0.065385 0.061538
2 0.986538 0.436752 0.026923 0.063248
2 0.073718 0.452137 0.026923 0.063248
2 0.212821 0.206838 0.038462 0.044444
2 0.251923 0.047009 0.029487 0.042735
2 0.383974 0.148718 0.044872 0.041026
2 0.677564 0.467521 0.021795 0.042735
2 0.328846 0.368376 0.026923 0.032479
2 0.161538 0.270940 0.020513 0.032479
2 0.482051 0.769231 0.020513 0.023932
2 0.598077 0.694872 0.021795 0.025641
2 0.554487 0.093162 0.016667 0.025641
2 0.866026 0.628205 0.026923 0.015385
2 0.968590 0.182906 0.016667 0.023932
2 0.972436 0.009402 0.021795 0.018803
2 0.285897 0.010256 0.015385 0.020513
2 0.793590 0.834188 0.015385 0.027350
