2 0.579487 0.547009 0.051282 0.075214
2 0.698077 0.691453 0.034615 0.056410
2 0.537179 0.647009 0.030769 0.076923
2 0.741667 0.459829 0.019231 0.075214
2 0.892308 0.526496 0.023077 0.037607
2 0.511538 0.678632 0.030769 0.030769
2 0.141026 0.558120 0.020513 0.032479
2 0.480128 0.918803 0.021795 0.029060
2 0.481410 0.638462 0.021795 0.025641
2 0.488462 0.777778 0.020513 0.027350
2 0.480128 0.429060 0.014103 0.030769
2 0.966026 0.098291 0.016667 0.042735
2 0.636538 0.728205 0.021795 0.027350
2 0.832051 0.569231 0.015385 0.023932
2 0.048077 0.653846 0.014103 0.025641
2 0.657692 0.607692 0.017949 0.018803
2 0.323077 0.533333 0.015385 0.020513
