2 0.153846 0.294872 0.051282 0.107692
2 0.525000 0.882051 0.080769 0.088889
2 0.732051 0.717949 0.058974 0.071795
2 0.388462 0.582051 0.053846 0.056410
2 0.225641 0.442735 0.053846 0.061538
2 0.458974 0.581197 0.043590 0.092308
2 0.802564 0.339316 0.035897 0.066667
2 0.660897 0.263248 0.060256 0.047863
2 0.775000 0.154701 0.039744 0.046154
2 0.222436 0.345299 0.042308 0.041026
2 0.233974 0.556410 0.039744 0.049573
2 0.832051 0.680342 0.035897 0.047863
2 0.252564 0.221368 0.025641 0.063248
2 0.191026 0.403419 0.046154 0.037607
2 0.643590 0.647009 0.023077 0.063248
2 0.596795 0.969231 0.042308 0.037607
2 0.357051 0.669231 0.034615 0.032479
2 0.187821 0.591453 0.026923 0.047863
2 0.258333 0.495726 0.021795 0.047863
2 0.701923 0.453846 0.029487 0.049573
2 0.625641 0.047009 0.035897 0.039316
2 0.567949 0.608547 0.033333 0.027350
2 0.451282 0.253846 0.023077 0.035897
2 0.985897 0.969231 0.028205 0.034188
2 0.397436 0.745299 0.025641 0.044444
2 0.542949 0.119658 0.024359 0.037607
2 0.566026 0.513675 0.024359 0.042735
2 0.334615 0.739316 0.025641 0.035897
2 0.895513 0.597436 0.026923 0.042735
2 0.491026 0.501709 0.020513 0.032479
2 0.207051 0.647863 0.026923 0.027350
2 0.599359 0.570085 0.019231 0.035897
2 0.887179 0.835043 0.017949 0.035897
2 0.669231 0.529915 0.023077 0.030769
2 0.144872 0.437607 0.023077 0.030769
2 0.317949 0.590598 0.020513 0.029060
2 0.284615 0.586325 0.020513 0.030769
2 0.595513 0.484615 0.024359 0.029060
2 0.467949 0.418803 0.015385 0.034188
2 0.025641 0.211111 0.017949 0.029060
2 0.656410 0.752991 0.017949 0.032479
2 0.191026 0.210256 0.020513 0.023932
2 0.838462 0.614530 0.020513 0.025641
2 0.739744 0.528205 0.017949 0.027350
2 0.137821 0.063248 0.016667 0.030769
2 0.051282 0.487179 0.020513 0.020513
2 0.142308 0.197436 0.020513 0.029060
2 0.055128 0.147009 0.012821 0.027350
2 0.376923 0.935043 0.015385 0.023932
2 0.521795 0.758974 0.015385 0.020513
2 0.691026 0.505983 0.015385 0.020513
2 0.694231 0.046154 0.011538 0.030769
