2 0.266026 0.908547 0.093590 0.182906
2 0.237821 0.323077 0.078205 0.150427
2 0.397436 0.816239 0.102564 0.107692
2 0.179487 0.804274 0.051282 0.107692
2 0.111538 0.364103 0.043590 0.102564
2 0.109615 0.200000 0.057692 0.071795
2 0.153205 0.433333 0.047436 0.097436
2 0.429487 0.222222 0.051282 0.068376
2 0.197436 0.356410 0.043590 0.049573
2 0.101282 0.482051 0.053846 0.044444
2 0.120513 0.270940 0.030769 0.046154
2 0.017308 0.262393 0.034615 0.042735
2 0.051282 0.289744 0.025641 0.032479
2 0.144231 0.620513 0.029487 0.034188
2 0.032692 0.218803 0.019231 0.034188
2 0.061538 0.600000 0.025641 0.051282
2 0.348077 0.841880 0.026923 0.049573
2 0.232051 0.099145 0.025641 0.030769
2 0.391667 0.700855 0.019231 0.027350
2 0.159615 0.305983 0.019231 0.027350
2 0.311538 0.735043 0.020513 0.041026
2 0.142308 0.515385 0.017949 0.029060
2 0.028205 0.974359 0.030769 0.017094
2 0.205128 0.434188 0.020513 0.023932
2 0.141026 0.717094 0.023077 0.025641
2 0.157692 0.097436 0.020513 0.023932
2 0.163462 0.234188 0.019231 0.020513
2 0.182692 0.736752 0.021795 0.020513
2 0.229487 0.449573 0.015385 0.023932
2 0.307051 0.643590 0.014103 0.029060
2 0.267949 0.641880 0.012821 0.029060
2 0.118590 0.604274 0.016667 0.022222
2 0.119872 0.010256 0.014103 0.020513
2 0.266026 0.426496 0.014103 0.022222
2 0.335256 0.552991 0.011538 0.035897
