2 0.808974 0.751282 0.151282 0.220513
2 0.446795 0.212821 0.162821 0.223932
2 0.235897 0.710256 0.156410 0.169231
2 0.538462 0.492308 0.125641 0.140171
2 0.095513 0.796581 0.119231 0.136752
2 0.160256 0.904274 0.123077 0.191453
2 0.027564 0.459829 0.055128 0.143590
2 0.043590 0.293162 0.087179 0.104274
2 0.593590 0.752137 0.071795 0.068376
2 0.336538 0.922222 0.057692 0.076923
2 0.123718 0.243590 0.055128 0.066667
2 0.336538 0.635897 0.050000 0.095726
2 0.365385 0.727350 0.046154 0.042735
2 0.323718 0.464957 0.037179 0.041026
2 0.864744 0.969231 0.037179 0.037607
2 0.119231 0.425641 0.033333 0.047863
2 0.515385 0.816239 0.028205 0.046154
2 0.275000 0.958120 0.032051 0.029060
2 0.451282 0.256410 0.017949 0.037607
2 0.442308 0.653846 0.028205 0.029060
2 0.284615 0.017949 0.017949 0.035897
2 0.026923 0.984615 0.020513 0.030769
2 0.009615 0.557265 0.019231 0.027350
