2 0.733974 0.091453 0.093590 0.182906
2 0.762179 0.676923 0.078205 0.150427
2 0.602564 0.183761 0.102564 0.107692
2 0.820513 0.195726 0.051282 0.107692
2 0.888462 0.635897 0.043590 0.102564
2 0.890385 0.800000 0.057692 0.071795
2 0.846795 0.566667 0.047436 0.097436
2 0.570513 0.777778 0.051282 0.068376
2 0.802564 0.643590 0.043590 0.049573
2 0.898718 0.517949 0.053846 0.044444
2 0.879487 0.729060 0.030769 0.046154
2 0.982692 0.737607 0.034615 0.042735
2 0.948718 0.710256 0.025641 0.032479
2 0.855769 0.379487 0.029487 0.034188
2 0.967308 0.781197 0.019231 0.034188
2 0.938462 0.400000 0.025641 0.051282
2 0.651923 0.158120 0.026923 0.049573
2 0.767949 0.900855 0.025641 0.030769
2 0.608333 0.299145 0.019231 0.027350
2 0.840385 0.694017 0.019231 0.027350
2 0.688462 0.264957 0.020513 0.041026
2 0.857692 0.484615 0.017949 0.029060
2 0.794872 0.565812 0.020513 0.023932
2 0.971795 0.025641 0.030769 0.017094
2 0.858974 0.282906 0.023077 0.025641
2 0.842308 0.902564 0.020513 0.023932
2 0.836538 0.765812 0.019231 0.020513
2 0.817308 0.263248 0.021795 0.020513
2 0.770513 0.550427 0.015385 0.023932
2 0.692949 0.356410 0.014103 0.029060
2 0.732051 0.358120 0.012821 0.029060
2 0.881410 0.395726 0.016667 0.022222
2 0.880128 0.989744 0.014103 0.020513
2 0.733974 0.573504 0.014103 0.022222
2 0.664744 0.447009 0.011538 0.035897
