2 0.191026 0.747009 0.058974 0.109402
2 0.719231 0.485470 0.025641 0.078632
2 0.654487 0.619658 0.034615 0.066667
2 0.243590 0.276068 0.046154 0.059829
2 0.548718 0.785470 0.023077 0.059829
2 0.444872 0.822222 0.020513 0.044444
2 0.728846 0.746154 0.029487 0.035897
2 0.374359 0.641026 0.023077 0.041026
2 0.444231 0.646154 0.026923 0.027350
2 0.700641 0.545299 0.019231 0.037607
2 0.325000 0.332479 0.026923 0.025641
2 0.714103 0.845299 0.017949 0.035897
2 0.776282 0.594872 0.024359 0.027350
2 0.265385 0.894872 0.023077 0.025641
2 0.685256 0.474359 0.016667 0.039316
2 0.291026 0.843590 0.020513 0.025641
2 0.456410 0.560684 0.020513 0.027350
2 0.087821 0.576068 0.016667 0.030769
2 0.251282 0.812821 0.017949 0.025641
2 0.644872 0.462393 0.017949 0.025641
2 0.329487 0.498291 0.015385 0.025641
2 0.785256 0.765812 0.021795 0.034188
2 0.573077 0.749573 0.015385 0.025641
2 0.736538 0.788889 0.014103 0.029060
2 0.008333 0.253846 0.016667 0.025641
2 0.823718 0.889744 0.016667 0.022222
2 0.462179 0.194017 0.014103 0.025641
2 0.470513 0.873504 0.012821 0.027350
2 0.342949 0.706838 0.011538 0.029060
2 0.690385 0.728205 0.016667 0.023932
2 0.305128 0.361538 0.015385 0.022222
2 0.398718 0.332479 0.017949 0.018803
2 0.487821 0.830769 0.011538 0.027350
2 0.469231 0.305128 0.017949 0.018803
2 0.307051 0.991453 0.016667 0.017094
2 0.801923 0.663248 0.011538 0.027350
2 0.529487 0.911111 0.015385 0.020513
