2 0.856410 0.671795 0.082051 0.105983
2 0.749359 0.481197 0.134615 0.063248
2 0.922436 0.613675 0.065385 0.105983
2 0.853205 0.548718 0.044872 0.092308
2 0.440385 0.195726 0.034615 0.090598
2 0.981410 0.541026 0.037179 0.090598
2 0.703846 0.905983 0.038462 0.061538
2 0.666667 0.773504 0.028205 0.052991
2 0.741026 0.833333 0.028205 0.049573
2 0.310897 0.182906 0.050000 0.064957
2 0.472436 0.423077 0.026923 0.042735
2 0.802564 0.416239 0.023077 0.052991
2 0.951923 0.731624 0.024359 0.041026
2 0.689744 0.649573 0.030769 0.041026
2 0.506410 0.849573 0.030769 0.027350
2 0.275641 0.315385 0.023077 0.042735
2 0.612179 0.697436 0.039744 0.054701
2 0.881410 0.792308 0.016667 0.042735
2 0.848077 0.302564 0.021795 0.034188
2 0.730769 0.573504 0.017949 0.032479
2 0.817949 0.321368 0.017949 0.030769
2 0.612821 0.798291 0.017949 0.030769
2 0.900000 0.270085 0.023077 0.023932
2 0.331410 0.081197 0.021795 0.029060
2 0.530128 0.679487 0.019231 0.029060
2 0.898077 0.945299 0.021795 0.030769
2 0.751282 0.333333 0.025641 0.030769
2 0.320513 0.507692 0.015385 0.027350
2 0.911538 0.102564 0.017949 0.027350
2 0.982051 0.276068 0.012821 0.032479
2 0.764744 0.524786 0.016667 0.023932
2 0.416667 0.982051 0.017949 0.035897
2 0.257692 0.400000 0.017949 0.023932
2 0.833333 0.915385 0.012821 0.025641
2 0.949359 0.211111 0.014103 0.018803
