2 0.430769 0.230769 0.076923 0.157265
2 0.539744 0.590598 0.125641 0.128205
2 0.265385 0.068376 0.058974 0.088889
2 0.752564 0.726496 0.046154 0.064957
2 0.275641 0.160684 0.051282 0.058120
2 0.197436 0.699145 0.033333 0.047863
2 0.320513 0.492308 0.025641 0.041026
2 0.335897 0.445299 0.025641 0.039316
2 0.975641 0.435897 0.030769 0.034188
2 0.035256 0.053846 0.029487 0.035897
2 0.658333 0.589744 0.021795 0.041026
2 0.498718 0.295726 0.023077 0.044444
2 0.417949 0.486325 0.023077 0.035897
2 0.327564 0.082906 0.021795 0.042735
2 0.595513 0.490598 0.026923 0.030769
2 0.893590 0.119658 0.028205 0.037607
2 0.332051 0.137607 0.020513 0.032479
2 0.728846 0.521368 0.019231 0.030769
2 0.518590 0.677778 0.026923 0.022222
2 0.307692 0.869231 0.025641 0.025641
2 0.304487 0.428205 0.016667 0.035897
2 0.600000 0.920513 0.017949 0.032479
2 0.337821 0.642735 0.021795 0.027350
2 0.439103 0.528205 0.021795 0.027350
2 0.849359 0.794872 0.019231 0.027350
2 0.877564 0.678632 0.029487 0.023932
2 0.126923 0.047009 0.012821 0.032479
2 0.390385 0.123077 0.016667 0.023932
2 0.094872 0.671795 0.015385 0.023932
2 0.959615 0.324786 0.014103 0.027350
2 0.090385 0.069231 0.016667 0.022222
2 0.784615 0.167521 0.015385 0.027350
2 0.425641 0.821368 0.015385 0.022222
2 0.008333 0.417949 0.016667 0.018803
2 0.346154 0.177778 0.017949 0.017094
2 0.678205 0.440171 0.012821 0.022222
