2 0.391667 0.717094 0.060256 0.090598
2 0.944872 0.356410 0.048718 0.094017
2 0.403205 0.399145 0.039744 0.066667
2 0.459615 0.688034 0.029487 0.052991
2 0.116667 0.435897 0.030769 0.041026
2 0.418590 0.554701 0.021795 0.066667
2 0.601282 0.379487 0.020513 0.071795
2 0.341026 0.068376 0.025641 0.044444
2 0.629487 0.952137 0.028205 0.037607
2 0.105769 0.523932 0.019231 0.052991
2 0.349359 0.386325 0.032051 0.027350
2 0.362821 0.557265 0.020513 0.037607
2 0.453846 0.178632 0.023077 0.039316
2 0.631410 0.703419 0.024359 0.032479
2 0.962179 0.438462 0.032051 0.029060
2 0.454487 0.791453 0.024359 0.041026
2 0.273077 0.988034 0.041026 0.023932
2 0.397436 0.806838 0.033333 0.034188
2 0.882692 0.713675 0.026923 0.032479
2 0.873718 0.486325 0.024359 0.039316
2 0.250000 0.822222 0.015385 0.041026
2 0.038462 0.088889 0.017949 0.030769
2 0.120513 0.620513 0.015385 0.034188
2 0.485897 0.143590 0.015385 0.037607
2 0.249359 0.195726 0.019231 0.025641
2 0.461538 0.399145 0.025641 0.022222
2 0.205769 0.189744 0.026923 0.030769
2 0.542949 0.886325 0.021795 0.022222
2 0.985256 0.399145 0.016667 0.029060
2 0.226923 0.387179 0.023077 0.025641
2 0.084615 0.277778 0.020513 0.022222
2 0.022436 0.052137 0.014103 0.029060
2 0.006410 0.970085 0.012821 0.035897
2 0.883974 0.758120 0.019231 0.029060
2 0.213462 0.238462 0.016667 0.018803
2 0.107692 0.670940 0.015385 0.022222
2 0.837821 0.696581 0.016667 0.018803
2 0.153846 0.452991 0.017949 0.017094
