2 0.469872 0.479487 0.070513 0.152137
2 0.383974 0.447009 0.062821 0.076923
2 0.305128 0.520513 0.048718 0.059829
2 0.555769 0.621368 0.032051 0.049573
2 0.580769 0.839316 0.033333 0.037607
2 0.639744 0.258120 0.033333 0.030769
2 0.986538 0.023077 0.016667 0.046154
2 0.390385 0.672650 0.021795 0.039316
2 0.756410 0.447863 0.017949 0.034188
2 0.436538 0.585470 0.019231 0.029060
2 0.485897 0.824786 0.015385 0.039316
2 0.703846 0.598291 0.017949 0.030769
2 0.532692 0.876068 0.024359 0.018803
2 0.525641 0.547863 0.017949 0.029060
2 0.271154 0.394872 0.016667 0.030769
2 0.680128 0.558120 0.026923 0.018803
2 0.243590 0.833333 0.015385 0.025641
2 0.679487 0.973504 0.017949 0.022222
2 0.180769 0.294017 0.012821 0.027350
2 0.338462 0.607692 0.012821 0.025641
