2 0.760256 0.574359 0.056410 0.112821
2 0.614103 0.307692 0.030769 0.078632
2 0.453846 0.723077 0.025641 0.058120
2 0.461538 0.141880 0.033333 0.047863
2 0.263462 0.232479 0.032051 0.030769
2 0.339744 0.069231 0.048718 0.046154
2 0.143590 0.352137 0.030769 0.037607
2 0.459615 0.848718 0.029487 0.035897
2 0.761538 0.335897 0.025641 0.029060
2 0.742949 0.669231 0.032051 0.022222
2 0.406410 0.750427 0.023077 0.027350
2 0.178205 0.310256 0.028205 0.032479
2 0.115385 0.903419 0.015385 0.035897
2 0.382051 0.014530 0.015385 0.029060
2 0.062821 0.669231 0.023077 0.018803
2 0.006410 0.879487 0.012821 0.046154
2 0.650000 0.229915 0.017949 0.022222
2 0.072436 0.476068 0.016667 0.022222
2 0.410256 0.282051 0.010256 0.037607
2 0.314103 0.835897 0.015385 0.023932
2 0.342308 0.234188 0.012821 0.027350
2 0.246795 0.202564 0.016667 0.018803
2 0.418590 0.899145 0.011538 0.027350
2 0.387179 0.078632 0.015385 0.020513
2 0.535897 0.817094 0.017949 0.017094
2 0.796795 0.190598 0.019231 0.018803
2 0.253846 0.880342 0.015385 0.020513
2 0.214744 0.417094 0.014103 0.020513
