2 0.718590 0.318803 0.065385 0.138462
2 0.339744 0.391453 0.110256 0.102564
2 0.526282 0.319658 0.060256 0.085470
2 0.175641 0.481197 0.074359 0.138462
2 0.103205 0.286325 0.057692 0.059829
2 0.267308 0.191453 0.037179 0.058120
2 0.215385 0.302564 0.038462 0.054701
2 0.146795 0.727350 0.029487 0.070085
2 0.646795 0.467521 0.032051 0.046154
2 0.889744 0.259829 0.025641 0.047863
2 0.699359 0.777778 0.029487 0.034188
2 0.516667 0.100000 0.041026 0.035897
2 0.069872 0.401709 0.029487 0.037607
2 0.328846 0.611111 0.026923 0.039316
2 0.063462 0.727350 0.024359 0.032479
2 0.425641 0.451282 0.025641 0.034188
2 0.617308 0.848718 0.021795 0.042735
2 0.355128 0.567521 0.028205 0.030769
2 0.110256 0.339316 0.020513 0.035897
2 0.635256 0.529915 0.024359 0.034188
2 0.667949 0.400000 0.041026 0.027350
2 0.472436 0.258120 0.024359 0.034188
2 0.160897 0.294017 0.016667 0.034188
2 0.581410 0.530769 0.032051 0.022222
2 0.168590 0.635043 0.019231 0.032479
2 0.288462 0.497436 0.020513 0.027350
2 0.985256 0.123932 0.016667 0.032479
2 0.430769 0.675214 0.028205 0.020513
2 0.405769 0.082906 0.021795 0.032479
2 0.106410 0.688889 0.017949 0.027350
2 0.366667 0.855556 0.017949 0.029060
2 0.100000 0.018803 0.015385 0.037607
2 0.362179 0.607692 0.021795 0.018803
2 0.055769 0.323932 0.016667 0.025641
2 0.900641 0.913675 0.021795 0.018803
2 0.442949 0.801709 0.014103 0.027350
2 0.298718 0.203419 0.017949 0.027350
2 0.048077 0.547009 0.019231 0.030769
2 0.308333 0.368376 0.016667 0.022222
2 0.575000 0.339316 0.014103 0.025641
2 0.351923 0.297436 0.014103 0.023932
2 0.228205 0.105983 0.015385 0.020513
2 0.294231 0.672650 0.014103 0.022222
2 0.874359 0.065812 0.012821 0.022222
