2 0.674359 0.614530 0.176923 0.541880
2 0.407692 0.535897 0.302564 0.141880
2 0.579487 0.096581 0.156410 0.117949
2 0.958333 0.494017 0.083333 0.170940
2 0.550000 0.705128 0.076923 0.141880
2 0.031410 0.452137 0.062821 0.138462
2 0.459615 0.223932 0.085897 0.099145
2 0.464744 0.393162 0.065385 0.054701
2 0.807051 0.587179 0.062821 0.063248
2 0.719872 0.290598 0.052564 0.102564
2 0.288462 0.670940 0.051282 0.066667
2 0.185897 0.825641 0.061538 0.064957
2 0.767308 0.423932 0.039744 0.071795
2 0.908333 0.364957 0.044872 0.056410
2 0.132051 0.291453 0.043590 0.052991
2 0.201282 0.289744 0.056410 0.052991
2 0.114103 0.732479 0.030769 0.063248
2 0.537179 0.318803 0.046154 0.042735
2 0.592949 0.682906 0.037179 0.052991
2 0.581410 0.411966 0.057692 0.047863
2 0.305769 0.335043 0.034615 0.068376
2 0.480769 0.663248 0.041026 0.047863
2 0.528846 0.166667 0.042308 0.039316
2 0.373718 0.359829 0.032051 0.052991
2 0.460256 0.746154 0.033333 0.049573
2 0.383333 0.637607 0.033333 0.051282
2 0.586538 0.481197 0.034615 0.049573
2 0.432692 0.329915 0.032051 0.044444
2 0.739103 0.811966 0.037179 0.061538
2 0.491667 0.311966 0.024359 0.042735
2 0.091667 0.845299 0.032051 0.046154
2 0.542308 0.224786 0.023077 0.046154
2 0.812821 0.120513 0.025641 0.042735
2 0.869231 0.522222 0.033333 0.032479
2 0.417308 0.841880 0.024359 0.042735
2 0.698718 0.211966 0.025641 0.030769
2 0.215385 0.505128 0.025641 0.029060
2 0.426282 0.709402 0.029487 0.034188
2 0.048077 0.845299 0.024359 0.035897
2 0.812179 0.424786 0.021795 0.032479
2 0.785256 0.764103 0.019231 0.037607
2 0.542308 0.856410 0.020513 0.037607
2 0.550641 0.377778 0.021795 0.034188
2 0.153205 0.481197 0.019231 0.039316
2 0.864103 0.401709 0.025641 0.027350
2 0.470513 0.041880 0.020513 0.056410
