2 0.207692 0.406838 0.189744 0.208547
2 0.583974 0.676068 0.216667 0.152137
2 0.780128 0.912821 0.088462 0.174359
2 0.878205 0.546154 0.123077 0.206838
2 0.926282 0.919658 0.114103 0.147009
2 0.377564 0.343590 0.070513 0.105983
2 0.839744 0.744444 0.107692 0.076923
2 0.342949 0.861538 0.085897 0.191453
2 0.736538 0.306838 0.085897 0.083761
2 0.570513 0.390598 0.051282 0.094017
2 0.621795 0.173504 0.028205 0.100855
2 0.063462 0.563248 0.078205 0.042735
2 0.903846 0.540171 0.035897 0.044444
2 0.880769 0.358120 0.028205 0.066667
2 0.794872 0.068376 0.043590 0.037607
2 0.748718 0.481197 0.028205 0.046154
2 0.013462 0.299145 0.026923 0.044444
2 0.710897 0.014530 0.037179 0.029060
2 0.771795 0.405128 0.023077 0.041026
2 0.470513 0.800000 0.025641 0.044444
2 0.311538 0.173504 0.023077 0.039316
2 0.159615 0.277778 0.019231 0.056410
2 0.244231 0.082051 0.024359 0.030769
