2 0.631410 0.446154 0.060256 0.150427
2 0.971795 0.038462 0.056410 0.076923
2 0.822436 0.354701 0.034615 0.073504
2 0.436538 0.019658 0.044872 0.039316
2 0.512179 0.590598 0.024359 0.056410
2 0.672436 0.582051 0.034615 0.073504
2 0.641026 0.300855 0.025641 0.061538
2 0.478846 0.356410 0.037179 0.049573
2 0.423077 0.709402 0.046154 0.037607
2 0.344231 0.980342 0.050000 0.039316
2 0.386538 0.100855 0.024359 0.054701
2 0.358333 0.629915 0.032051 0.042735
2 0.301282 0.690598 0.023077 0.037607
2 0.501923 0.815385 0.044872 0.034188
2 0.150000 0.528205 0.025641 0.051282
2 0.577564 0.458120 0.019231 0.037607
2 0.311538 0.632479 0.020513 0.034188
2 0.360256 0.147009 0.020513 0.030769
2 0.195513 0.316239 0.024359 0.027350
2 0.575641 0.211966 0.017949 0.030769
2 0.364103 0.293162 0.015385 0.032479
2 0.537179 0.540171 0.015385 0.027350
2 0.539103 0.278632 0.014103 0.030769
2 0.169231 0.827350 0.015385 0.027350
2 0.993590 0.767521 0.012821 0.037607
2 0.787179 0.568376 0.020513 0.022222
2 0.087821 0.574359 0.016667 0.023932
2 0.292949 0.966667 0.016667 0.022222
2 0.005769 0.394872 0.011538 0.030769
2 0.782051 0.105983 0.012821 0.027350
2 0.206410 0.682051 0.012821 0.023932
2 0.195513 0.792308 0.014103 0.022222
