2 0.558974 0.676068 0.041026 0.104274
2 0.629487 0.776068 0.041026 0.064957
2 0.555769 0.552137 0.050000 0.061538
2 0.500641 0.095726 0.029487 0.092308
2 0.405128 0.879487 0.043590 0.066667
2 0.338462 0.515385 0.046154 0.042735
2 0.732692 0.627350 0.034615 0.071795
2 0.585256 0.454701 0.026923 0.064957
2 0.304487 0.711111 0.050000 0.037607
2 0.305128 0.918803 0.038462 0.059829
2 0.285256 0.647009 0.024359 0.049573
2 0.242308 0.813675 0.020513 0.068376
2 0.525641 0.194017 0.028205 0.042735
2 0.570513 0.799145 0.035897 0.035897
2 0.613462 0.620513 0.024359 0.044444
2 0.967308 0.320513 0.021795 0.056410
2 0.786538 0.764957 0.021795 0.042735
2 0.764744 0.714530 0.024359 0.034188
2 0.766667 0.399145 0.020513 0.039316
2 0.403846 0.529060 0.020513 0.046154
2 0.776282 0.232479 0.019231 0.041026
2 0.379487 0.653846 0.023077 0.029060
2 0.526282 0.982906 0.021795 0.034188
2 0.396795 0.752991 0.021795 0.032479
2 0.560256 0.904274 0.023077 0.027350
2 0.550641 0.079487 0.021795 0.025641
2 0.724359 0.739316 0.020513 0.029060
2 0.939744 0.970085 0.023077 0.035897
2 0.560256 0.324786 0.023077 0.027350
2 0.825000 0.317094 0.021795 0.025641
2 0.089744 0.147863 0.015385 0.042735
2 0.103205 0.840171 0.019231 0.025641
2 0.106410 0.506838 0.020513 0.022222
2 0.942949 0.359829 0.019231 0.025641
2 0.523718 0.770085 0.016667 0.025641
2 0.808974 0.819658 0.020513 0.018803
2 0.291026 0.807692 0.020513 0.025641
2 0.523718 0.295726 0.016667 0.020513
2 0.170513 0.338462 0.015385 0.023932
2 0.958974 0.588034 0.015385 0.020513
2 0.707692 0.922222 0.015385 0.022222
2 0.008974 0.990598 0.017949 0.018803
