2 0.024359 0.300855 0.048718 0.092308
2 0.154487 0.100855 0.044872 0.075214
2 0.662179 0.405983 0.052564 0.052991
2 0.046154 0.280342 0.030769 0.054701
2 0.112179 0.931624 0.037179 0.058120
2 0.464744 0.494017 0.034615 0.037607
2 0.421154 0.828205 0.034615 0.039316
2 0.575641 0.285470 0.038462 0.037607
2 0.945513 0.579487 0.024359 0.044444
2 0.351282 0.463248 0.017949 0.041026
2 0.583333 0.158974 0.023077 0.030769
2 0.284615 0.064957 0.015385 0.037607
2 0.679487 0.447863 0.017949 0.030769
2 0.444872 0.718803 0.020513 0.029060
2 0.082692 0.752137 0.016667 0.034188
2 0.056410 0.392308 0.017949 0.035897
2 0.530128 0.770940 0.016667 0.034188
2 0.830128 0.569231 0.016667 0.030769
2 0.627564 0.786325 0.016667 0.030769
2 0.840385 0.255556 0.024359 0.029060
2 0.393590 0.683761 0.020513 0.023932
2 0.348077 0.317949 0.014103 0.030769
2 0.419872 0.970940 0.014103 0.027350
2 0.469872 0.101709 0.014103 0.029060
2 0.712179 0.844444 0.019231 0.020513
2 0.621154 0.827350 0.016667 0.023932
2 0.380128 0.235897 0.016667 0.023932
2 0.032051 0.235897 0.025641 0.020513
2 0.023718 0.172650 0.016667 0.020513
2 0.067308 0.628205 0.014103 0.025641
2 0.752564 0.947863 0.012821 0.025641
2 0.526923 0.134188 0.017949 0.018803
2 0.171154 0.742735 0.016667 0.018803
2 0.357692 0.122222 0.015385 0.022222
2 0.380769 0.637607 0.015385 0.020513
2 0.726282 0.306838 0.011538 0.025641
2 0.475000 0.582906 0.011538 0.023932
