2 0.849359 0.764103 0.098718 0.105983
2 0.921154 0.648718 0.070513 0.148718
2 0.505769 0.241880 0.047436 0.162393
2 0.405128 0.424786 0.061538 0.090598
2 0.093590 0.082051 0.087179 0.102564
2 0.266667 0.770085 0.038462 0.090598
2 0.675641 0.439316 0.056410 0.088889
2 0.785897 0.242735 0.058974 0.078632
2 0.546795 0.307692 0.047436 0.064957
2 0.637179 0.851282 0.053846 0.051282
2 0.154487 0.576068 0.029487 0.082051
2 0.744231 0.897436 0.029487 0.061538
2 0.221795 0.400000 0.038462 0.044444
2 0.081410 0.645299 0.039744 0.056410
2 0.343590 0.491453 0.020513 0.052991
2 0.987179 0.518803 0.025641 0.049573
2 0.216026 0.152137 0.021795 0.054701
2 0.208974 0.471795 0.028205 0.047863
2 0.587821 0.874359 0.026923 0.035897
2 0.508333 0.623077 0.026923 0.032479
2 0.683333 0.522222 0.025641 0.035897
2 0.376282 0.241880 0.026923 0.032479
2 0.013462 0.343590 0.026923 0.030769
2 0.374359 0.312821 0.020513 0.034188
2 0.432692 0.340171 0.021795 0.030769
2 0.525641 0.546154 0.030769 0.022222
2 0.164744 0.190598 0.019231 0.032479
2 0.907692 0.816239 0.017949 0.032479
2 0.092949 0.233333 0.026923 0.025641
2 0.376282 0.102564 0.019231 0.030769
2 0.876923 0.843590 0.017949 0.046154
2 0.550641 0.588034 0.016667 0.027350
2 0.732051 0.346154 0.017949 0.029060
2 0.221154 0.095726 0.014103 0.027350
2 0.227564 0.009402 0.016667 0.018803
