2 0.775641 0.307692 0.038462 0.099145
2 0.490385 0.688889 0.047436 0.051282
2 0.502564 0.825641 0.046154 0.058120
2 0.644872 0.717094 0.023077 0.066667
2 0.583974 0.622222 0.044872 0.034188
2 0.395513 0.229060 0.026923 0.051282
2 0.693590 0.162393 0.020513 0.058120
2 0.632692 0.152137 0.021795 0.058120
2 0.449359 0.547863 0.029487 0.039316
2 0.241026 0.572650 0.020513 0.047863
2 0.253846 0.468376 0.028205 0.047863
2 0.955128 0.168376 0.025641 0.035897
2 0.204487 0.139316 0.024359 0.039316
2 0.516667 0.324786 0.025641 0.030769
2 0.582051 0.431624 0.020513 0.039316
2 0.822436 0.750427 0.024359 0.037607
2 0.272436 0.250427 0.021795 0.035897
2 0.244231 0.213675 0.026923 0.027350
2 0.112179 0.267521 0.021795 0.032479
2 0.983333 0.341880 0.033333 0.034188
2 0.298718 0.025641 0.017949 0.051282
2 0.614744 0.470085 0.026923 0.037607
2 0.429487 0.915385 0.028205 0.049573
2 0.772436 0.209402 0.021795 0.039316
2 0.704487 0.059829 0.032051 0.030769
2 0.296154 0.182051 0.020513 0.046154
2 0.583333 0.182906 0.028205 0.023932
2 0.692949 0.358120 0.016667 0.035897
2 0.618590 0.391453 0.019231 0.041026
2 0.301923 0.101709 0.032051 0.032479
2 0.181410 0.690598 0.019231 0.030769
2 0.122436 0.981197 0.014103 0.037607
2 0.007051 0.223932 0.014103 0.034188
2 0.808333 0.609402 0.021795 0.022222
2 0.571795 0.689744 0.017949 0.032479
2 0.144231 0.474359 0.019231 0.025641
2 0.108974 0.057265 0.017949 0.025641
2 0.340385 0.178632 0.014103 0.032479
2 0.470513 0.290598 0.020513 0.027350
2 0.876282 0.739316 0.011538 0.039316
2 0.114103 0.696581 0.015385 0.029060
2 0.709615 0.921368 0.019231 0.034188
2 0.948718 0.572650 0.020513 0.020513
2 0.978205 0.277778 0.015385 0.025641
2 0.688462 0.402564 0.015385 0.025641
2 0.828846 0.492308 0.014103 0.027350
2 0.503846 0.246154 0.017949 0.020513
2 0.718590 0.209402 0.016667 0.022222
2 0.275000 0.146154 0.024359 0.018803
2 0.944231 0.348718 0.014103 0.023932
2 0.721154 0.458120 0.016667 0.020513
2 0.558333 0.283761 0.014103 0.020513
2 0.931410 0.611966 0.014103 0.020513
