2 0.214744 0.564103 0.032051 0.116239
2 0.172436 0.658974 0.060256 0.049573
2 0.192949 0.756410 0.062821 0.083761
2 0.429487 0.900855 0.033333 0.064957
2 0.245513 0.137607 0.029487 0.049573
2 0.433974 0.471795 0.024359 0.051282
2 0.188462 0.074359 0.035897 0.052991
2 0.400000 0.426496 0.028205 0.035897
2 0.165385 0.449573 0.020513 0.047863
2 0.837821 0.020513 0.037179 0.041026
2 0.266667 0.652991 0.025641 0.034188
2 0.489103 0.516239 0.021795 0.051282
2 0.514103 0.776068 0.025641 0.030769
2 0.716026 0.105128 0.019231 0.039316
2 0.460256 0.858974 0.020513 0.035897
2 0.518590 0.835043 0.019231 0.035897
2 0.933333 0.776068 0.020513 0.037607
2 0.132692 0.479487 0.024359 0.035897
2 0.543590 0.743590 0.023077 0.041026
2 0.174359 0.497436 0.030769 0.041026
2 0.021154 0.794872 0.029487 0.030769
2 0.697436 0.052991 0.015385 0.054701
2 0.894872 0.660684 0.017949 0.032479
2 0.900000 0.755556 0.017949 0.030769
2 0.682051 0.400855 0.017949 0.029060
2 0.116667 0.560684 0.017949 0.027350
2 0.439103 0.586325 0.016667 0.030769
2 0.875000 0.918803 0.021795 0.032479
2 0.993590 0.050427 0.012821 0.032479
2 0.311538 0.809402 0.020513 0.022222
2 0.303846 0.769231 0.020513 0.023932
2 0.260256 0.702564 0.020513 0.020513
2 0.651282 0.360684 0.017949 0.023932
2 0.958974 0.626496 0.015385 0.032479
2 0.992949 0.107692 0.014103 0.027350
2 0.585256 0.793162 0.016667 0.020513
2 0.950641 0.173504 0.014103 0.025641
2 0.113462 0.842735 0.016667 0.023932
2 0.742308 0.900855 0.012821 0.023932
2 0.833333 0.882051 0.015385 0.020513
