2 0.064744 0.476068 0.080769 0.087179
2 0.920513 0.769231 0.043590 0.095726
2 0.434615 0.339316 0.058974 0.070085
2 0.075641 0.723932 0.066667 0.059829
2 0.225000 0.593162 0.050000 0.047863
2 0.151282 0.294872 0.053846 0.052991
2 0.274359 0.264103 0.051282 0.076923
2 0.906410 0.413675 0.038462 0.051282
2 0.070513 0.615385 0.041026 0.075214
2 0.402564 0.704274 0.030769 0.064957
2 0.105769 0.900000 0.029487 0.097436
2 0.380128 0.269231 0.024359 0.052991
2 0.233333 0.368376 0.041026 0.032479
2 0.410256 0.647863 0.025641 0.044444
2 0.810256 0.665812 0.017949 0.056410
2 0.092308 0.256410 0.043590 0.027350
2 0.544872 0.852137 0.028205 0.042735
2 0.361538 0.577778 0.023077 0.054701
2 0.284615 0.502564 0.028205 0.037607
2 0.094872 0.545299 0.028205 0.041026
2 0.776923 0.370085 0.023077 0.049573
2 0.191026 0.452991 0.025641 0.034188
2 0.342308 0.847863 0.028205 0.037607
2 0.425641 0.776068 0.035897 0.023932
2 0.735256 0.235043 0.026923 0.035897
2 0.709615 0.734188 0.029487 0.032479
2 0.796795 0.569231 0.034615 0.027350
2 0.746795 0.695726 0.032051 0.037607
2 0.433333 0.924786 0.017949 0.034188
2 0.682692 0.894017 0.021795 0.030769
2 0.364744 0.011966 0.029487 0.023932
2 0.442949 0.848718 0.014103 0.046154
2 0.149359 0.378632 0.016667 0.035897
2 0.207692 0.402564 0.025641 0.025641
2 0.246795 0.442735 0.021795 0.027350
2 0.467949 0.642735 0.017949 0.030769
2 0.399359 0.900000 0.019231 0.029060
2 0.028846 0.081197 0.016667 0.029060
2 0.478846 0.828205 0.016667 0.032479
2 0.898077 0.679487 0.021795 0.032479
2 0.991667 0.368376 0.016667 0.029060
2 0.232692 0.810256 0.019231 0.023932
2 0.225641 0.747863 0.020513 0.022222
2 0.020513 0.145299 0.015385 0.027350
2 0.634615 0.428205 0.015385 0.025641
2 0.116026 0.331624 0.016667 0.023932
2 0.492308 0.252137 0.015385 0.025641
2 0.408974 0.824786 0.025641 0.015385
2 0.635256 0.303419 0.016667 0.022222
2 0.113462 0.094017 0.011538 0.034188
2 0.628205 0.882051 0.020513 0.020513
2 0.559615 0.669231 0.016667 0.022222
2 0.107692 0.624786 0.017949 0.018803
2 0.650000 0.825641 0.017949 0.020513
