2 0.255769 0.198291 0.052564 0.047863
2 0.640385 0.508547 0.021795 0.046154
2 0.280128 0.606838 0.029487 0.037607
2 0.623077 0.438462 0.028205 0.032479
2 0.094231 0.052137 0.021795 0.046154
2 0.053205 0.908547 0.019231 0.056410
2 0.819231 0.426496 0.015385 0.049573
2 0.128846 0.158120 0.019231 0.032479
2 0.731410 0.201709 0.016667 0.034188
2 0.931410 0.521368 0.016667 0.037607
2 0.239103 0.087179 0.019231 0.041026
2 0.982051 0.008547 0.035897 0.017094
2 0.137821 0.205128 0.014103 0.030769
2 0.153205 0.063248 0.016667 0.023932
2 0.991026 0.109402 0.017949 0.020513
2 0.814744 0.296581 0.016667 0.022222
2 0.200000 0.735897 0.028205 0.015385
2 0.342308 0.425641 0.012821 0.027350
2 0.670513 0.347863 0.015385 0.022222
2 0.971154 0.936752 0.011538 0.027350
2 0.387179 0.671795 0.017949 0.017094
2 0.076923 0.865812 0.017949 0.018803
2 0.347436 0.538462 0.012821 0.023932
2 0.565385 0.127350 0.015385 0.018803
